100
57	716
86	482
108	533
120	598
190	472
49	331
29	210
83	328
179	461
46	865
109	861
160	300
11	868
147	646
126	228
225	51
169	386
169	200
211	325
202	759
46	455
25	512
211	659
40	731
184	432
221	888
95	584
158	465
104	482
36	975
202	519
19	817
182	716
122	429
105	673
54	492
40	568
119	658
44	696
160	287
21	755
204	83
223	330
87	136
13	958
59	474
44	73
17	639
139	436
220	31
94	434
55	949
154	700
99	691
55	404
49	839
16	436
132	247
124	524
135	76
172	848
75	214
63	465
119	2
157	687
115	28
76	903
25	625
76	780
96	121
72	590
1	80
213	513
98	772
173	891
18	596
76	733
220	883
192	530
75	161
127	419
1	484
111	231
221	488
117	191
137	953
11	634
57	477
201	684
15	375
42	395
174	962
157	495
154	331
103	582
221	65
3	874
75	947
39	140
16	296
66	993
191	49
111	614
86	210
66	882
67	708
138	333
146	224
49	437
112	164
143	413
81	948
68	583
193	280
204	902
88	701
98	111
40	829
211	293
49	368
99	273
187	968
79	991
81	281
205	372
161	310
22	903
150	37
82	348
204	515
197	903
76	554
161	562
12	485
193	978
119	192
123	423
52	119
20	626
222	565
96	772
11	131
91	678
78	545
70	308
203	489
186	638
73	555
209	599
81	881
158	204
18	678
34	387
127	257
108	144
154	231
61	460
145	504
67	53
132	198
33	978
84	600
103	183
155	837
29	773
166	820
25	442
199	574
54	794
170	935
123	663
190	398
156	329
29	484
60	503
217	193
128	489
201	751
90	641
61	461
221	580
12	867
205	976
60	404
51	189
192	235
184	716
196	299
29	456
221	231
158	527
48	113
61	100
147	758
73	899
16	376
124	589
156	671
26	660
165	66
33	862
42	461
48	92
86	777
147	483
79	463
52	572
54	172
163	350
40	51
60	162
103	932
58	202
6	661
113	748
170	176
4	415
184	986
110	140
40	973
136	495
143	187
164	196
142	138
86	261
55	507
141	25
49	504
195	771
48	206
129	276
87	609
216	427
166	788
58	352
151	159
167	130
220	138
81	778
131	64
40	326
182	500
100	15
92	493
185	274
59	53
58	375
163	131
172	104
156	326
48	758
159	789
67	156
2	60
55	601
162	838
56	543
82	772
86	806
186	479
191	831
72	488
193	616
154	432
164	255
162	59
173	663
211	55
142	483
86	719
50	818
115	941
47	149
113	817
88	875
213	769
2	61
208	903
199	730
24	717
2	299
135	223
17	134
42	857
210	947
163	639
161	247
34	789
56	636
43	100
123	611
199	488
204	440
28	986
118	305
160	962
125	762
166	672
133	694
176	355
153	895
97	980
76	583
122	493
40	89
46	914
2	383
169	31
25	549
134	697
193	25
9	522
21	505
32	199
207	372
74	576
64	53
4	360
174	33
224	681
83	491
202	664
204	133
156	27
173	51
53	225
74	937
144	944
141	683
36	371
183	453
190	669
214	88
1	682
157	520
153	493
39	758
49	873
187	795
31	444
161	773
109	725
177	618
84	593
211	642
46	681
211	67
116	264
220	298
79	438
41	43
49	477
98	796
63	364
145	721
145	395
148	2
90	293
130	812
154	287
96	655
199	364
42	303
148	665
168	479
86	588
150	876
23	429
191	192
184	888
42	499
127	734
101	106
185	557
65	983
42	821
128	470
36	405
191	369
46	985
90	455
47	797
112	490
46	897
28	663
202	263
71	839
185	330
137	623
120	172
165	520
5	633
186	644
161	243
109	370
161	926
125	298
118	256
7	166
149	87
193	774
138	728
11	847
191	123
83	804
68	539
44	540
127	163
85	895
139	712
102	840
127	10
111	400
81	294
186	834
136	20
28	285
103	423
68	134
184	784
188	539
134	536
208	866
155	270
205	103
127	963
167	474
14	687
148	862
71	478
96	665
222	341
60	265
80	823
46	317
73	321
162	818
54	820
42	258
17	103
52	410
4	232
6	524
33	820
16	315
193	975
213	765
98	466
141	307
103	880
175	131
125	716
118	6
89	755
65	300
3	447
55	498
30	433
11	324
190	504
50	858
75	290
62	741
124	290
45	986
175	377
98	971
181	497
195	277
209	494
124	538
198	290
211	560
94	379
5	541
19	399
178	594
179	149
70	523
69	274
85	817
212	676
26	305
217	606
205	756
128	280
94	2
2	134
195	986
12	542
93	957
148	72
30	727
103	563
171	122
222	236
26	163
225	77
24	685
96	687
65	42
207	720
94	741
16	637
90	117
5	780
215	488
225	444
195	998
20	774
75	661
123	210
196	417
10	80
150	482
78	226
105	707
141	146
4	876
180	903
117	62
147	883
155	320
79	390
188	810
99	344
75	683
128	294
80	644
60	894
178	776
78	483
149	311
213	203
173	56
47	845
22	246
113	745
11	591
46	890
56	447
120	352
112	258
3	214
93	590
193	702
197	612
63	741
44	571
63	780
56	642
75	623
105	882
170	92
3	213
19	186
104	447
138	735
165	712
66	630
113	249
175	274
112	759
94	142
148	316
88	876
202	608
86	782
109	566
170	486
51	834
219	64
71	823
201	135
103	178
40	222
72	235
147	344
34	890
10	540
13	858
212	47
14	593
37	694
101	965
197	984
166	508
51	246
3	756
144	90
143	117
59	92
87	683
193	550
104	141
44	713
94	3
41	384
117	389
110	297
102	594
44	375
34	70
64	739
114	488
55	113
205	338
19	818
166	944
133	723
28	549
82	194
27	418
147	26
217	620
224	122
35	99
126	489
88	730
216	146
123	857
116	524
120	263
72	189
210	64
177	808
47	674
222	96
66	6
80	903
100	736
80	92
42	37
199	45
56	968
100	511
217	812
51	732
172	283
169	693
117	621
181	129
3	146
142	617
72	997
173	535
157	822
42	995
108	408
45	613
123	545
179	141
183	208
100	21
196	222
58	396
75	952
136	540
43	129
142	447
49	108
121	1
132	754
34	838
18	917
5	363
11	752
82	684
170	139
120	942
184	339
128	124
219	756
72	656
172	547
123	189
205	671
163	531
42	751
52	130
52	388
218	302
212	965
48	978
66	641
85	141
41	530
56	991
96	415
127	433
57	337
209	594
69	11
61	804
66	187
60	741
92	130
213	607
134	936
44	246
120	986
106	931
22	927
109	544
171	481
30	892
143	358
75	43
32	535
63	292
68	998
85	145
34	196
38	854
168	633
62	724
223	754
188	538
94	109
123	628
84	3
43	739
140	143
171	800
164	714
179	996
65	173
100	470
39	978
215	575
172	293
210	696
19	427
192	35
191	794
93	193
103	872
32	275
105	242
137	494
120	940
127	135
123	637
115	194
16	430
1	318
181	645
48	892
218	154
126	56
11	165
22	446
92	159
67	258
142	867
213	53
114	549
106	907
104	977
129	331
12	714
81	86
42	477
83	295
114	647
19	755
153	302
152	809
109	777
17	221
107	311
199	924
220	482
195	185
90	821
16	282
209	505
153	551
78	248
16	704
50	684
201	566
223	712
110	249
203	589
24	894
177	500
194	782
134	787
37	17
145	360
106	990
58	277
141	965
128	302
111	692
37	996
97	959
59	357
116	744
151	386
94	965
100	400
107	260
71	592
70	673
127	248
193	314
64	126
156	806
206	845
5	745
28	648
69	910
120	961
179	193
13	497
66	283
98	689
75	966
107	841
127	126
61	676
44	697
135	723
148	435
180	248
55	475
187	256
210	114
171	159
70	479
194	987
55	351
187	902
49	884
28	880
182	383
216	331
185	16
194	859
194	426
196	544
142	379
173	165
170	179
177	47
207	209
106	234
128	913
101	633
224	390
193	897
158	590
10	995
221	620
208	893
48	942
111	918
47	956
163	526
102	872
64	69
134	293
78	695
64	755
75	613
124	132
61	832
45	760
195	452
90	352
97	12
27	17
186	985
125	832
62	889
150	645
125	40
9	478
116	775
203	941
114	504
176	49
74	640
141	940
201	468
10	48
161	161
200	893
166	148
53	853
170	658
205	928
9	944
154	543
60	839
164	394
78	590
64	306
