100
130	529
183	695
137	250
15	846
32	610
214	708
192	874
69	401
166	264
81	902
114	687
51	571
91	75
102	413
197	935
54	813
53	595
267	317
40	661
218	272
13	950
165	832
62	573
145	953
108	460
270	697
122	149
10	471
108	403
244	809
67	350
74	922
82	562
222	806
46	29
237	401
31	426
200	749
271	570
125	554
76	98
179	365
207	781
235	20
26	464
225	373
32	683
170	42
86	998
127	981
51	195
233	564
33	955
273	399
23	149
191	788
201	171
222	52
218	200
123	212
171	882
273	981
87	966
135	29
158	241
189	685
220	630
143	481
11	179
133	850
40	262
117	527
145	59
138	965
75	996
154	317
113	90
147	814
59	998
114	445
81	638
192	28
212	50
128	708
76	931
72	355
253	715
107	555
21	753
23	87
264	852
185	504
216	225
105	501
61	329
59	520
151	431
98	333
55	225
64	311
152	789
234	686
255	301
242	47
120	469
68	738
63	984
122	495
202	54
201	905
233	497
138	997
215	770
186	74
11	775
269	144
136	391
190	673
174	718
180	235
23	318
32	303
56	434
243	675
81	526
258	842
30	62
80	381
264	385
5	322
80	783
274	107
97	523
101	446
31	91
223	60
51	704
112	351
149	722
90	953
120	850
92	626
256	738
236	954
56	617
31	609
33	420
31	322
208	918
199	588
21	911
221	309
169	966
188	732
202	554
53	492
239	91
242	998
2	96
239	414
73	320
152	266
66	96
13	978
50	843
35	240
93	840
7	920
113	412
126	670
89	556
227	110
127	807
41	911
167	860
123	120
252	661
102	409
21	27
46	602
240	739
92	987
52	780
233	609
9	864
261	966
241	840
227	147
167	833
21	781
67	482
172	592
161	903
138	270
61	460
267	400
204	521
4	714
269	123
120	154
97	983
195	705
80	341
201	351
48	758
98	485
128	897
240	321
110	642
8	609
214	620
48	762
60	117
27	284
119	217
19	758
87	798
22	477
66	152
199	972
16	938
210	754
129	5
131	825
22	65
166	270
70	666
92	745
241	210
177	91
81	737
24	722
1	998
57	313
149	652
169	418
69	899
108	492
80	867
22	219
209	532
164	891
170	17
151	938
179	122
226	989
90	448
62	501
23	852
42	673
190	11
204	37
149	77
6	659
5	228
255	668
139	475
26	567
258	407
22	307
182	437
232	107
42	127
209	556
149	175
207	427
86	462
122	632
271	980
242	772
192	488
252	179
33	908
223	562
117	600
16	294
261	354
104	241
255	769
236	245
193	71
118	591
66	811
141	674
190	711
175	741
73	233
14	688
147	907
211	817
91	402
22	703
195	629
215	319
268	135
74	343
104	251
130	960
244	122
60	117
129	730
124	212
136	917
256	934
75	166
91	360
112	204
124	196
113	453
210	830
221	509
119	836
157	801
271	634
170	321
214	634
86	487
259	639
77	11
199	223
201	935
67	342
34	783
130	253
260	278
92	438
159	810
121	913
124	492
169	45
22	588
94	738
85	652
28	86
70	391
37	564
35	563
179	798
83	477
141	783
250	878
64	470
153	341
160	348
191	830
1	497
141	372
181	63
238	57
103	847
181	944
253	178
21	874
222	223
274	702
211	335
18	813
49	747
137	834
221	484
92	470
192	505
65	586
225	848
178	639
121	807
226	647
178	265
27	539
71	854
231	409
41	997
36	41
219	110
89	547
16	350
251	61
91	448
12	799
31	514
257	507
271	770
21	101
271	478
102	598
263	796
41	904
189	902
77	242
47	520
104	869
246	702
73	749
35	759
273	42
10	327
95	697
165	859
18	562
209	551
49	28
136	562
208	580
1	889
133	846
17	878
131	912
3	300
235	741
115	622
139	971
237	410
270	589
251	42
153	694
119	664
154	534
108	578
216	797
213	722
201	972
37	952
241	323
146	985
136	716
125	520
84	466
83	984
192	621
68	406
37	89
13	759
3	257
168	458
171	241
165	309
270	806
38	941
22	195
132	330
76	288
221	971
42	395
75	120
74	225
70	904
18	92
63	376
112	629
226	860
264	528
171	787
19	42
164	970
11	509
75	795
33	575
65	143
132	978
45	563
46	787
191	305
188	277
141	523
21	697
264	219
127	110
272	269
244	978
176	280
232	932
182	283
260	904
144	622
138	836
146	408
176	805
2	835
169	462
63	473
31	938
211	464
188	492
85	191
26	649
267	497
113	334
4	274
34	691
63	665
33	287
96	241
73	11
8	946
70	838
170	717
27	226
8	97
113	37
160	448
147	393
268	976
31	429
175	620
25	583
13	326
157	437
150	334
275	480
164	403
273	933
64	84
133	475
190	574
49	804
235	611
30	653
172	113
101	903
96	189
157	129
162	334
122	413
73	533
153	27
48	439
175	187
167	727
18	729
72	915
251	155
89	2
67	402
233	562
42	846
245	254
124	436
234	482
44	456
65	72
4	226
123	59
236	199
241	825
87	39
150	680
153	75
6	275
71	422
207	64
182	326
123	232
150	470
12	123
44	416
155	980
208	412
92	696
239	861
127	818
164	100
129	168
183	703
72	344
249	170
246	360
157	710
225	357
33	133
143	38
216	549
50	238
46	477
120	258
206	801
184	377
130	672
1	750
15	437
139	137
255	240
39	693
150	526
183	946
180	844
138	557
204	147
25	102
33	949
216	60
101	753
216	169
224	654
123	700
135	427
105	8
224	481
241	4
173	575
46	656
226	279
6	452
154	477
51	350
68	953
190	523
262	591
271	938
139	742
275	816
127	963
107	151
45	949
144	864
34	516
32	990
116	724
257	385
215	57
236	184
116	919
266	327
18	256
147	908
142	840
33	769
179	479
14	669
256	794
179	9
61	609
123	867
13	332
156	641
48	383
76	478
253	618
170	985
72	394
104	662
128	415
180	360
132	379
142	95
69	787
12	707
68	985
87	81
239	68
230	902
42	529
20	837
226	299
53	294
104	359
29	242
203	598
2	13
240	248
61	874
53	590
185	931
5	221
65	464
179	598
137	356
273	807
121	896
85	99
4	88
234	269
123	564
128	202
176	681
97	367
265	9
220	861
109	908
11	973
57	304
74	933
22	695
258	894
12	464
96	229
251	953
209	756
16	175
114	712
229	848
137	768
184	631
189	884
255	607
73	368
50	878
168	463
241	586
127	731
80	881
10	27
224	732
196	672
142	254
163	557
78	734
114	463
245	417
131	727
22	475
7	16
103	494
73	746
168	420
208	48
213	636
250	268
88	368
240	386
39	312
32	64
265	90
50	428
217	941
177	804
137	180
159	254
124	508
178	814
120	556
238	815
143	915
228	936
168	722
95	659
168	643
269	409
145	629
88	151
244	621
269	219
238	212
32	327
75	651
206	201
173	547
37	417
214	946
216	315
109	105
4	167
42	333
126	570
29	234
112	934
236	495
39	283
138	930
22	66
60	743
250	157
192	149
144	566
9	523
162	821
14	948
78	383
254	837
114	112
78	478
162	11
193	294
43	700
209	39
78	1000
30	629
40	70
197	420
264	673
132	153
195	597
160	473
15	621
172	988
174	859
37	945
212	813
5	7
56	822
21	520
210	894
271	342
171	778
257	333
139	254
91	405
245	611
146	44
149	366
266	624
116	147
221	438
90	394
58	614
64	40
142	684
228	483
21	979
245	321
150	917
182	370
186	186
253	546
178	742
90	452
240	768
188	972
71	900
85	535
125	129
265	992
87	59
31	895
186	272
79	730
31	15
171	946
11	993
85	232
63	750
18	647
29	336
119	948
269	629
67	655
170	171
78	385
200	483
138	909
65	324
144	672
30	688
109	738
69	913
261	778
270	899
40	695
143	140
175	785
257	846
138	519
145	651
44	104
190	401
76	731
250	845
172	175
45	909
184	104
167	299
212	799
228	518
75	226
89	35
192	634
68	404
32	810
140	897
234	239
170	625
178	356
10	665
174	380
124	578
97	291
169	250
71	90
96	9
249	887
124	404
145	202
101	749
27	271
164	880
108	687
262	329
177	105
119	462
252	310
55	98
130	565
164	466
92	85
144	97
143	86
195	179
235	691
10	463
37	648
207	560
99	28
108	987
117	808
266	256
51	784
211	123
97	410
38	987
218	356
200	548
216	584
199	336
19	293
203	321
179	199
178	825
211	263
173	930
55	3
170	499
190	399
198	807
105	142
126	67
19	49
133	8
213	593
144	424
251	130
12	413
131	282
14	104
275	384
63	458
27	673
269	825
101	411
4	206
157	310
182	645
237	801
178	570
195	141
220	446
177	29
42	60
142	757
190	286
97	101
162	286
150	662
115	294
242	191
110	788
4	324
204	510
2	387
91	381
265	87
242	99
245	884
167	405
32	639
250	65
178	509
254	382
233	300
182	302
155	484
229	251
156	363
100	640
135	265
144	638
125	380
271	882
71	239
214	410
190	55
102	668
26	101
73	757
130	207
97	769
134	975
45	212
265	274
110	20
118	852
34	116
45	4
111	394
41	162
102	133
235	553
70	163
90	6
74	375
183	172
156	593
173	445
99	157
18	365
266	149
229	280
200	135
152	304
132	775
137	392
100	922
262	864
26	626
250	963
51	886
255	248
89	459
116	573
85	653
211	157
17	566
60	200
237	939
83	729
198	758
119	69
1	983
76	272
127	737
30	463
2	771
202	754
244	14
217	437
103	416
260	605
135	29
18	654
184	893
87	370
108	551
96	911
112	910
133	537
140	892
207	132
243	260
125	863
63	241
79	655
131	804
142	195
207	444
80	910
53	819
53	174
101	851
114	327
6	423
147	754
2	48
8	905
137	251
63	363
204	307
125	192
133	546
151	98
248	18
67	281
220	596
28	978
247	963
61	16
264	483
33	594
240	774
236	514
18	25
76	96
107	541
161	621
26	57
239	249
212	954
178	223
103	275
248	705
58	441
136	643
113	604
210	596
205	404
256	477
267	272
210	325
148	427
141	276
178	914
244	791
1	27
