100
177	541
166	266
72	649
170	885
115	935
157	593
81	868
103	285
1	151
135	811
42	259
211	197
181	388
172	467
104	83
137	769
14	282
17	3
201	662
4	321
122	915
23	981
211	439
4	925
148	800
32	241
15	330
142	795
147	267
204	881
26	158
26	749
105	980
54	773
126	461
106	828
24	1
167	534
90	471
11	510
182	408
135	19
220	968
18	375
186	919
155	232
81	258
52	549
19	126
26	330
52	627
67	745
160	872
54	441
53	512
70	498
98	126
153	867
121	587
225	370
11	575
149	906
213	988
195	172
20	503
104	785
199	404
170	539
138	861
130	309
63	831
105	778
48	70
64	494
45	14
37	417
63	998
167	643
201	689
218	548
188	165
93	56
182	825
31	883
219	354
181	572
51	66
186	36
184	658
59	164
19	71
1	282
93	81
62	840
119	316
123	584
84	660
18	16
77	140
102	361
55	628
131	153
100	112
102	483
222	689
178	576
225	534
12	663
116	996
25	785
26	897
121	819
91	121
202	771
128	815
158	621
43	243
48	606
160	723
207	37
17	125
151	504
90	621
9	725
18	877
207	223
36	694
59	298
48	938
223	992
96	932
214	956
161	906
182	822
83	856
69	181
174	509
136	451
142	867
19	855
93	621
156	284
209	520
161	195
81	822
199	260
121	926
138	882
180	661
219	83
153	853
94	734
74	178
98	380
192	817
198	699
187	634
124	849
34	926
223	315
38	689
24	188
37	966
204	960
132	970
163	729
133	815
160	219
206	205
123	976
176	309
181	853
210	862
46	725
89	884
124	924
161	705
27	165
126	807
203	938
73	575
61	212
24	833
61	805
193	639
211	55
57	713
128	981
166	64
6	849
89	942
68	682
20	685
48	298
93	945
46	131
166	336
158	759
151	543
162	736
56	903
110	45
178	215
12	752
34	927
9	106
117	123
48	359
72	328
73	522
93	541
34	1
150	219
15	118
221	4
135	343
173	510
121	123
159	920
52	456
224	451
118	307
130	326
110	835
209	79
97	121
17	766
143	25
192	678
225	795
57	940
128	753
15	955
92	739
169	152
67	737
104	448
79	920
137	671
108	646
217	545
6	194
26	275
49	129
26	967
142	409
61	640
30	942
19	812
69	105
102	272
9	693
87	817
212	180
31	455
125	611
184	435
125	317
101	552
28	177
23	353
68	817
20	418
43	172
146	832
48	550
225	802
151	31
17	555
45	695
101	896
79	906
50	525
199	521
93	827
212	229
24	406
119	173
199	925
113	269
177	8
27	957
138	627
126	958
57	531
18	892
112	397
166	987
30	531
54	712
21	292
158	85
205	991
177	660
184	626
58	29
120	117
203	478
96	258
83	403
79	712
215	820
64	762
112	944
74	110
112	507
200	175
80	761
120	615
16	961
13	490
37	645
189	353
92	832
103	732
35	531
208	601
194	70
26	23
11	885
79	759
151	965
8	667
125	432
81	30
56	995
25	576
77	993
89	103
135	614
82	436
195	94
175	832
55	514
211	924
87	581
7	372
164	425
161	635
45	866
164	611
199	234
145	743
150	624
93	20
194	492
54	327
42	363
16	651
6	795
161	900
109	467
52	594
14	269
206	297
119	856
33	603
214	532
62	661
5	362
77	997
23	365
185	340
68	968
17	663
49	896
203	356
93	945
89	369
31	557
99	38
128	863
140	167
149	931
154	716
4	35
211	155
128	910
200	884
173	989
222	382
96	639
11	522
158	460
177	36
106	583
222	232
213	971
205	14
152	547
96	553
135	127
30	333
189	953
196	967
5	479
197	819
188	277
72	839
21	273
43	140
70	863
17	904
38	449
127	354
24	30
77	387
56	364
93	794
132	756
58	751
112	296
158	716
151	163
62	340
186	560
201	33
30	301
163	120
161	817
167	357
143	948
92	198
217	724
161	524
10	20
4	83
159	997
148	263
177	67
191	919
88	849
19	726
109	960
81	229
137	704
139	593
137	977
148	828
80	660
172	311
27	842
126	17
178	787
12	848
134	871
212	484
92	977
184	472
161	228
67	761
221	316
54	531
202	760
89	513
147	948
11	823
216	554
46	227
90	614
123	349
131	744
87	107
19	762
21	616
84	828
156	924
45	145
79	933
15	573
64	920
80	911
136	135
4	680
150	111
33	156
63	807
86	638
192	696
162	13
206	208
5	148
221	335
24	906
144	950
165	957
10	13
147	614
222	934
18	12
61	470
6	221
185	360
99	804
196	307
71	150
70	868
132	38
23	150
14	759
49	922
200	702
72	167
18	731
52	385
59	270
42	256
195	115
203	878
150	429
106	374
215	381
46	742
88	211
104	749
57	30
204	224
116	119
189	152
223	870
186	789
75	175
182	518
203	441
132	883
4	806
225	922
168	110
65	368
52	751
11	882
32	218
29	240
182	358
96	175
150	136
106	625
6	321
141	245
129	941
70	987
98	605
4	892
124	998
107	131
85	285
155	908
204	907
26	998
42	625
136	67
195	31
171	735
43	596
106	974
27	819
196	248
131	829
140	216
212	90
186	943
26	447
91	172
89	149
161	497
121	357
74	234
216	252
169	494
132	640
136	829
123	563
224	233
8	654
183	280
204	468
155	696
146	851
59	539
83	678
203	416
80	442
27	82
223	993
147	134
207	715
164	421
19	639
50	240
140	863
217	677
207	874
153	971
161	870
67	747
192	314
209	8
140	822
128	679
36	689
96	513
184	710
224	974
134	830
192	799
61	837
41	766
215	83
65	921
5	402
61	318
112	482
40	956
14	267
162	930
150	141
128	729
205	116
2	693
108	891
59	261
119	189
79	589
218	692
25	204
147	386
122	368
106	634
169	776
48	711
166	417
97	932
157	8
198	414
46	987
187	37
78	509
142	926
6	762
173	671
206	179
88	930
220	839
117	619
78	452
25	613
196	294
68	388
76	692
77	372
173	921
175	736
91	29
13	906
96	379
116	33
69	809
156	164
112	716
59	286
2	691
83	415
146	184
136	659
107	303
85	696
70	384
73	159
120	911
34	387
74	81
116	678
96	224
102	512
157	847
92	329
194	533
83	652
191	803
105	482
26	615
26	971
68	88
103	569
24	519
102	482
95	424
127	221
69	317
165	395
169	218
170	340
220	931
82	545
45	149
225	530
37	82
200	373
107	138
62	700
73	883
189	544
55	999
42	716
60	356
205	977
132	651
178	611
65	293
153	412
125	610
45	604
88	571
130	345
187	548
93	19
197	897
191	738
179	259
204	883
205	776
35	418
91	688
172	770
31	336
54	662
220	391
142	775
99	589
83	266
91	423
111	559
160	901
97	569
17	999
219	417
135	901
111	471
30	544
218	15
11	308
8	343
69	564
164	92
102	761
46	215
168	788
38	117
19	859
200	545
118	26
191	274
192	627
97	141
98	933
30	566
111	592
207	21
139	588
81	13
47	387
157	868
190	390
176	291
148	842
42	261
156	612
74	691
203	59
27	953
166	844
23	447
47	559
120	778
10	482
85	821
40	368
182	921
100	309
142	422
66	315
91	158
181	180
60	754
37	186
196	641
55	223
197	459
119	351
95	859
154	55
2	266
52	18
138	554
150	15
162	538
71	369
67	226
106	33
116	919
220	710
212	512
158	979
207	536
153	241
181	33
59	166
10	681
114	72
21	195
22	380
142	424
1	326
139	964
214	973
197	6
20	537
225	896
199	107
51	244
209	127
129	693
21	959
171	783
154	399
186	361
55	224
135	750
134	762
169	790
37	576
122	370
12	197
205	361
223	348
128	698
225	466
53	143
88	268
180	938
71	9
189	967
133	379
87	827
185	317
65	704
66	682
77	641
162	476
210	506
200	851
122	914
26	293
129	523
151	586
113	669
47	275
156	48
47	331
134	379
179	420
65	502
81	184
135	598
201	867
215	589
129	861
82	88
159	619
127	409
199	974
201	603
94	84
74	788
36	319
111	648
142	786
145	481
197	972
55	504
195	17
72	328
35	10
50	439
214	809
89	355
214	396
69	138
121	278
1	551
120	243
29	140
141	922
202	335
47	338
41	726
174	346
140	391
29	643
186	708
