100
122	902
15	233
133	974
103	714
125	14
17	91
148	897
150	986
7	494
29	81
57	691
59	43
130	680
83	841
35	407
53	724
117	702
162	840
26	165
14	651
116	449
53	48
13	92
136	812
22	97
173	938
143	7
30	687
63	141
65	790
37	854
135	638
14	443
75	154
84	635
151	4
62	446
35	296
1	488
75	957
137	299
175	151
149	562
74	159
135	346
10	128
60	596
47	445
109	796
92	489
60	449
23	476
115	513
74	137
147	881
118	975
16	597
110	404
165	270
98	704
94	721
42	456
91	947
34	309
86	605
74	58
123	699
131	743
36	256
23	358
92	827
50	268
44	745
61	198
175	345
28	816
47	958
111	96
75	720
151	941
10	987
41	655
140	313
96	288
46	175
174	485
81	22
32	852
17	915
135	482
62	331
137	917
175	33
62	619
21	585
162	378
75	103
164	938
58	58
38	616
131	197
167	905
56	494
125	656
59	590
41	605
93	302
3	588
33	772
46	167
2	812
163	991
39	905
135	145
3	8
32	270
1	121
61	727
175	185
83	686
39	330
50	572
93	355
171	398
61	190
124	956
168	343
170	847
46	223
18	412
6	549
114	115
175	329
67	52
4	115
159	499
117	310
46	659
52	705
72	412
82	324
80	694
157	820
8	976
16	771
32	678
14	231
12	931
84	210
160	406
63	814
106	923
27	876
56	502
163	801
78	209
115	106
15	744
130	999
45	829
141	694
81	635
95	632
116	839
109	891
1	147
33	924
60	879
100	507
137	418
4	600
143	127
48	758
26	393
110	729
6	760
36	794
119	533
25	166
48	30
4	973
137	313
135	149
50	374
25	588
40	713
159	465
8	642
22	744
119	812
102	463
170	678
109	486
27	917
31	915
51	236
166	844
127	303
87	567
146	991
85	585
55	703
131	153
159	363
145	738
29	177
65	286
115	723
131	677
175	670
28	71
18	653
2	107
143	143
37	969
139	384
7	188
47	458
39	981
92	78
78	200
57	120
77	72
69	498
60	826
146	180
27	1
98	30
13	2
173	295
113	942
50	924
29	892
90	258
110	655
173	169
146	419
72	394
129	291
165	578
55	958
33	557
156	725
12	288
111	659
173	129
50	745
166	126
133	919
44	883
24	495
75	170
74	343
101	826
146	497
52	486
52	251
71	391
53	937
82	830
21	933
96	430
175	198
94	954
18	387
80	815
90	506
116	542
20	834
143	220
35	833
30	603
32	376
169	738
53	332
99	711
125	301
36	273
132	183
15	549
161	384
65	470
151	582
1	997
86	340
50	68
18	27
166	92
137	294
40	287
67	801
46	148
170	58
169	465
127	562
82	298
117	926
42	74
131	231
54	321
85	566
51	559
110	142
89	517
31	606
101	677
138	262
13	150
174	690
87	551
86	191
1	979
129	411
42	813
103	44
121	935
14	442
6	94
129	41
3	389
34	408
167	304
134	588
79	383
9	582
136	663
170	269
20	616
138	987
118	482
126	341
138	682
96	311
117	692
13	456
108	201
90	683
44	116
104	469
6	158
40	428
94	105
164	220
60	175
3	856
23	306
15	55
71	911
18	291
38	239
27	277
38	404
74	967
9	702
69	509
86	624
108	177
134	46
167	499
113	239
117	105
47	213
29	224
27	159
175	177
108	167
72	356
174	947
10	654
150	625
6	83
31	113
61	367
149	305
39	715
90	211
101	271
119	931
168	981
61	175
25	457
98	654
61	81
1	557
169	711
83	882
38	866
88	5
34	327
98	979
145	59
33	387
148	934
35	90
9	766
11	278
54	712
103	723
174	427
15	874
31	969
78	442
80	789
127	799
55	387
38	673
6	760
139	992
14	671
120	880
86	921
142	554
3	819
14	72
155	397
58	708
83	13
142	142
114	591
35	711
1	90
100	956
141	506
60	662
101	75
47	854
33	984
129	616
57	785
67	155
57	216
67	593
157	757
154	668
81	579
42	240
71	621
79	431
23	558
95	626
102	3
2	322
13	506
125	713
77	875
112	525
160	162
59	1
65	974
83	528
53	646
94	829
47	861
41	338
108	626
154	723
133	493
132	979
167	150
34	728
6	803
59	773
139	236
161	788
147	943
128	729
65	742
162	347
127	427
89	465
13	462
81	736
100	651
124	593
43	150
9	653
166	219
138	504
53	404
147	964
174	798
156	985
164	8
43	682
75	241
71	857
44	659
84	289
55	451
96	894
100	792
28	878
20	719
106	87
150	700
79	560
120	327
43	92
17	650
11	951
88	402
166	207
40	311
21	82
50	139
35	809
161	411
70	435
139	957
145	694
24	319
161	817
75	226
172	676
138	652
50	62
72	289
3	669
64	446
63	477
16	636
28	255
114	826
80	924
171	489
78	746
94	470
47	603
102	500
14	704
54	638
13	405
150	851
122	880
36	851
55	335
170	840
8	279
159	159
82	764
165	133
121	484
159	869
99	444
172	640
109	851
86	574
85	25
162	625
114	565
40	619
131	325
137	243
51	150
84	315
114	324
45	218
95	145
153	639
48	266
30	279
124	415
32	806
16	238
79	459
101	45
117	171
44	600
50	694
146	995
167	539
133	317
75	870
126	353
115	368
175	207
151	730
134	742
82	604
9	849
97	265
53	177
28	220
122	908
112	118
20	282
88	631
55	678
75	942
16	656
39	515
152	928
174	101
92	563
146	365
68	70
2	64
78	241
155	359
99	222
13	652
160	639
155	760
172	427
2	125
169	252
76	181
155	834
47	247
112	293
116	827
172	650
121	925
130	450
78	851
141	422
26	821
103	369
65	945
47	787
35	940
47	141
122	717
19	882
19	207
157	691
63	972
56	822
88	132
78	469
19	773
54	234
78	774
107	46
175	919
37	990
137	578
102	465
40	877
89	483
116	253
31	473
2	18
61	92
166	588
146	17
127	427
91	846
72	872
31	537
18	532
89	507
134	693
32	507
41	968
12	305
86	165
132	81
61	864
98	905
128	962
91	260
79	923
48	252
103	331
46	101
46	590
45	2
163	8
82	712
175	856
107	911
114	664
128	129
86	563
27	291
145	798
71	919
133	321
31	345
87	62
124	849
93	422
77	721
35	445
68	776
137	495
172	313
107	863
31	226
44	390
147	161
3	262
138	495
96	957
78	231
128	620
2	375
131	656
29	837
