100
62	807
20	544
115	418
94	74
166	696
161	567
95	150
61	873
149	564
155	93
114	388
28	208
33	688
114	200
30	569
122	50
40	53
131	259
189	681
170	151
149	734
86	265
105	794
16	940
16	75
135	74
54	272
36	84
142	200
177	999
103	63
55	817
84	715
79	687
177	747
33	291
62	831
65	77
103	748
125	707
104	215
198	545
138	955
7	398
67	475
79	804
139	742
181	10
186	660
50	20
93	876
188	52
34	317
46	6
22	770
198	477
143	752
107	369
33	254
152	8
65	110
108	723
197	381
22	446
99	330
153	203
191	981
90	898
167	96
87	257
22	48
13	297
14	510
110	627
13	261
84	633
182	911
119	827
162	503
200	869
191	756
9	924
15	214
164	624
26	361
131	916
145	135
6	770
54	522
1	649
191	295
124	889
32	211
14	497
169	647
95	266
71	699
35	45
118	160
199	867
37	672
106	449
31	63
141	28
106	874
178	61
78	970
18	778
117	935
87	606
87	202
181	411
119	812
90	215
175	30
34	684
74	99
188	473
68	614
162	735
47	610
9	19
99	149
173	684
68	412
129	558
154	73
36	212
136	893
26	45
85	427
154	141
69	395
65	430
30	196
153	225
25	158
89	322
38	650
160	28
195	497
23	198
157	86
97	557
180	353
119	214
116	716
6	322
140	795
75	479
88	260
94	296
58	324
45	176
91	39
48	451
100	877
138	157
103	84
54	282
151	363
1	598
170	955
71	200
190	861
181	592
110	251
53	653
149	303
165	449
190	483
195	681
94	643
111	628
193	594
179	373
109	290
173	149
148	247
49	198
74	95
81	896
161	505
44	813
45	273
196	893
41	106
22	488
23	98
171	474
52	832
88	989
136	121
47	345
63	369
30	488
58	672
50	277
195	906
158	204
108	105
158	153
182	344
48	406
174	457
137	70
72	42
84	486
128	467
73	496
188	206
108	393
59	503
196	440
185	94
58	863
117	518
20	868
111	386
163	338
180	822
197	108
47	713
54	562
198	248
69	33
176	811
124	551
191	995
190	261
163	286
143	829
30	701
106	201
99	397
174	328
95	492
57	852
145	777
10	984
120	704
27	387
56	300
100	658
40	935
46	624
166	984
187	639
20	465
124	754
41	959
158	14
193	947
167	144
47	997
138	444
88	338
169	111
43	873
15	171
179	488
38	937
142	955
15	658
190	67
110	450
141	210
26	450
155	266
120	454
149	932
67	933
148	656
118	705
184	852
105	918
19	713
39	80
107	979
46	356
182	798
139	475
146	599
146	391
146	466
53	122
118	578
170	860
75	619
87	977
37	362
194	232
80	775
65	940
16	13
97	665
176	970
134	543
88	598
73	407
98	184
80	77
56	26
198	300
5	770
154	14
139	653
86	107
140	35
9	520
187	890
70	399
8	341
183	224
24	192
110	568
65	973
172	370
179	422
6	140
47	772
24	525
162	784
127	821
179	287
147	291
84	552
133	559
52	901
5	738
44	829
93	837
88	36
29	141
44	408
85	216
123	890
170	305
143	242
182	730
128	400
58	216
65	879
88	763
87	491
165	938
169	556
49	981
37	422
53	569
69	821
114	345
99	697
82	981
44	914
30	279
93	165
12	781
199	704
112	591
58	737
89	767
152	784
59	755
169	537
60	168
151	666
35	680
139	194
33	570
74	581
30	53
129	410
152	219
119	890
158	192
76	972
14	990
128	899
44	260
146	11
184	413
139	286
168	425
33	936
176	859
100	48
147	372
153	297
2	773
88	500
35	906
185	44
197	362
61	606
128	76
12	424
136	144
81	830
100	599
43	169
159	89
13	361
166	144
40	352
40	616
88	265
151	561
18	262
96	149
3	560
145	618
167	364
148	181
168	210
23	513
6	841
85	877
66	753
176	118
117	986
164	922
177	177
45	554
117	950
67	810
160	898
107	3
121	733
93	394
65	677
32	98
114	573
2	215
56	932
24	943
191	987
109	167
39	422
63	355
191	750
43	76
200	539
195	611
111	77
171	81
166	23
179	401
181	897
93	625
131	724
47	266
197	124
137	942
38	315
29	305
169	73
164	723
83	476
120	294
171	34
189	55
194	960
199	570
167	242
172	176
5	103
9	809
132	141
160	119
170	504
16	454
113	349
6	519
115	699
198	147
151	136
139	804
114	194
26	183
98	364
176	795
24	954
148	642
152	786
55	421
89	196
27	816
44	319
186	676
125	509
184	971
174	165
66	792
37	850
75	408
168	648
162	194
110	665
50	197
29	795
111	750
97	296
114	582
7	780
181	321
174	974
169	379
17	200
151	232
17	563
106	936
116	198
200	764
147	323
84	205
197	707
14	707
192	929
12	651
113	54
175	879
120	874
111	370
86	607
68	518
200	132
166	904
13	922
69	198
39	307
150	403
150	235
35	340
90	465
96	674
42	987
63	969
13	125
134	412
143	412
115	116
116	350
43	4
138	99
167	740
30	709
181	90
1	582
133	310
140	953
135	141
105	353
108	626
192	84
139	204
43	16
154	499
41	837
36	38
152	714
118	350
4	158
113	231
50	380
117	461
74	930
10	923
193	417
188	295
29	748
89	540
167	38
167	385
19	454
33	25
32	130
183	550
174	371
16	900
78	496
187	11
72	662
112	436
72	890
198	212
138	12
115	917
106	333
42	522
186	35
185	811
79	220
32	416
40	713
152	783
109	476
91	960
143	308
21	768
89	611
184	263
95	249
51	618
79	638
135	754
114	122
18	564
8	580
116	357
55	759
190	362
168	471
74	240
95	594
28	629
44	780
90	996
78	612
57	167
37	694
53	412
36	991
181	828
110	385
99	349
20	660
36	246
66	168
126	311
122	331
98	111
18	497
140	171
46	355
12	659
16	212
29	39
179	174
179	739
181	277
161	462
135	26
121	797
113	132
22	803
109	27
166	887
21	390
182	89
77	499
131	488
171	586
126	456
129	947
97	795
45	445
45	902
30	751
38	685
31	441
138	93
67	580
88	616
92	486
184	313
136	775
12	272
50	808
159	604
25	279
180	611
170	696
85	491
19	215
49	67
74	601
155	159
92	276
17	434
169	718
115	765
76	387
36	215
37	7
140	764
121	778
127	917
149	572
34	297
117	686
51	806
88	745
11	84
157	165
88	251
60	510
153	380
86	370
80	341
134	933
39	78
25	65
195	279
144	143
73	412
27	581
199	900
191	688
72	636
95	576
188	118
169	267
27	646
182	241
167	769
134	110
126	50
123	343
123	548
46	882
66	72
16	50
3	288
105	716
163	412
22	885
164	717
186	962
78	546
171	569
69	988
167	482
195	915
43	346
141	967
101	40
105	469
84	409
125	705
159	756
83	456
87	454
142	961
177	875
6	417
23	616
179	203
168	766
39	514
71	922
153	741
83	75
111	19
63	489
60	980
193	342
24	587
24	425
122	834
93	755
73	254
146	698
74	725
166	647
144	185
10	897
15	741
42	510
28	396
60	772
109	816
167	588
185	672
129	497
115	721
194	870
33	910
198	562
25	427
105	169
118	202
28	232
131	417
23	412
85	929
65	136
8	114
72	746
194	664
158	214
30	767
180	804
98	745
88	457
75	971
104	436
68	851
194	805
11	961
