500
12 257
123 875
11 232
95 870
75 939
73 811
60 331
46 297
41 817
19 3
117 827
49 467
8 346
105 186
101 503
67 553
71 800
46 485
69 449
123 620
14 737
56 823
22 597
10 412
63 836
48 291
46 224
121 686
84 905
41 747
40 476
81 327
39 300
15 946
80 968
43 200
115 639
28 166
15 719
9 6
108 291
112 947
117 454
38 490
6 369
75 754
14 324
24 584
31 778
60 821
32 451
12 105
63 250
56 758
39 663
72 34
45 132
56 808
98 17
40 788
100 120
123 63
22 568
122 549
4 689
60 153
94 310
51 877
34 153
43 945
71 802
27 614
113 268
95 855
31 972
21 454
111 785
79 873
25 648
42 605
44 344
96 553
124 933
46 401
50 240
91 93
83 129
98 491
109 48
57 96
60 751
98 421
98 349
89 83
71 295
120 4
21 685
1 97
117 620
49 855
125 808
23 173
70 585
12 429
53 735
82 740
97 242
85 622
102 206
47 101
117 101
31 549
33 736
3 157
25 681
117 307
43 375
45 302
28 514
10 277
67 837
118 214
120 516
74 976
123 349
1 171
112 602
100 118
29 416
85 73
8 235
55 543
120 852
27 108
104 423
46 450
77 731
69 564
10 87
61 500
117 715
102 57
21 107
102 53
99 218
46 228
2 430
70 811
116 984
100 924
8 961
18 962
108 925
9 707
81 70
73 114
111 523
58 589
114 285
95 771
30 848
124 365
35 877
96 39
5 546
59 601
19 445
114 764
64 378
102 314
44 888
110 125
52 152
21 985
36 810
115 360
122 526
8 497
74 322
66 707
35 346
104 436
40 799
11 865
54 9
94 794
15 68
43 948
67 704
81 861
82 452
85 367
113 29
61 465
93 492
8 860
31 849
86 243
120 479
19 228
30 353
68 168
89 626
100 981
50 612
12 972
22 98
58 321
19 386
46 889
112 974
25 92
113 418
85 123
23 295
85 406
69 416
104 572
72 924
51 10
101 207
67 347
81 678
90 743
80 311
118 770
54 737
73 583
117 175
59 343
106 264
107 461
53 548
93 551
121 978
30 130
113 46
96 241
50 628
80 44
17 695
90 353
45 581
55 899
98 343
91 97
38 377
115 456
97 89
100 904
28 571
44 146
83 75
26 760
66 44
74 698
113 861
117 6
36 679
17 651
41 951
124 954
83 402
45 551
5 243
56 305
124 86
67 676
38 442
80 224
58 239
86 439
122 628
46 757
65 69
93 798
8 320
44 548
23 178
115 406
22 517
42 814
11 979
29 256
87 468
91 582
124 44
125 454
24 638
64 257
68 362
101 26
107 510
48 960
17 259
73 339
104 995
61 691
10 150
97 259
28 29
119 207
44 991
44 324
68 355
85 470
49 652
123 848
1 155
122 727
65 229
66 851
43 651
35 72
51 77
7 998
122 883
89 21
37 68
121 374
79 307
61 418
80 299
23 47
29 20
4 102
100 258
75 544
21 894
89 515
111 961
116 883
11 141
85 432
81 280
68 932
65 119
69 635
87 137
37 937
120 404
27 465
59 247
23 396
60 308
29 154
123 577
106 791
78 837
96 393
122 279
30 565
1 636
116 661
76 18
110 904
120 930
124 784
35 472
83 678
122 245
16 421
7 621
63 586
19 48
27 516
35 568
19 685
95 961
76 472
110 54
96 775
122 49
51 243
75 74
15 931
98 786
45 618
107 729
8 189
103 687
122 856
8 726
72 78
50 317
76 641
53 896
44 878
35 44
114 201
100 137
47 391
120 277
96 919
30 917
78 391
40 397
86 713
125 605
41 83
50 38
80 137
49 15
121 494
31 716
115 562
109 959
117 450
73 11
24 449
101 965
62 174
47 785
23 84
113 243
100 365
119 789
33 66
24 272
12 49
73 891
61 188
1 761
95 249
69 268
81 692
12 325
4 186
67 715
68 993
32 944
9 556
3 520
101 667
62 407
15 950
96 172
119 902
106 778
105 190
34 649
30 531
41 218
45 552
102 221
1 646
39 321
91 982
96 997
79 623
43 533
12 283
23 608
67 644
35 130
54 34
23 970
97 973
92 736
87 293
11 198
72 111
15 798
121 475
93 113
74 331
45 136
115 18
4 911
81 126
43 486
71 399
83 792
116 200
92 834
53 104
2 951
68 372
76 83
19 207
47 14
89 605
115 95
13 357
86 72
115 240
56 91
6 393
50 408
114 9
27 835
21 981
123 951
65 201
53 220
65 351
84 828
66 890
109 625
121 357
