700
149 701
139 188
45 353
42 171
91 976
10 648
130 861
7 715
19 558
123 90
128 565
76 349
158 624
36 237
110 611
22 371
30 214
77 749
36 789
120 206
99 25
89 502
45 223
76 508
4 105
38 858
133 82
135 207
14 262
78 908
110 63
115 305
129 624
88 957
108 967
80 309
81 93
91 595
42 542
65 637
132 194
40 160
85 366
53 221
87 16
107 192
22 951
103 522
150 188
2 560
128 54
83 796
106 52
124 15
17 592
134 729
159 72
25 81
1 853
38 991
117 532
5 238
69 455
158 244
57 168
56 851
159 234
27 791
130 288
54 492
149 661
114 397
87 730
70 419
140 302
29 847
12 626
140 352
106 256
43 739
67 733
12 575
118 616
93 384
26 460
100 704
129 980
54 39
19 330
97 787
95 64
25 603
39 149
86 219
18 471
116 11
20 175
106 658
81 605
135 317
61 194
23 777
151 621
160 638
1 1
66 822
121 482
75 652
93 111
155 578
121 985
168 608
67 895
19 803
115 947
162 215
167 905
6 571
172 290
130 745
146 966
63 263
79 644
49 738
96 264
149 278
73 347
103 232
66 161
21 525
166 722
137 37
136 505
73 64
28 522
43 840
48 559
134 422
122 790
142 83
89 118
137 177
116 996
138 471
66 849
172 304
58 394
123 975
109 294
6 290
104 474
120 374
128 449
92 19
70 137
87 358
147 147
165 438
105 946
156 298
55 485
72 493
120 979
174 55
151 421
83 594
49 27
95 797
145 946
85 660
111 561
160 980
142 699
68 688
133 538
102 540
36 534
44 950
16 654
13 656
138 926
157 698
1 367
152 238
118 681
12 604
162 162
66 537
31 899
102 260
157 792
135 140
92 23
133 900
116 875
95 732
98 505
140 6
139 593
32 68
93 742
37 333
34 460
29 579
154 405
163 802
62 135
54 952
55 882
10 154
158 194
35 95
8 236
48 599
8 166
63 941
135 797
7 633
99 875
147 557
102 427
27 833
74 36
143 616
159 164
125 257
38 123
168 912
51 39
45 647
133 101
13 506
115 246
80 696
21 942
105 600
162 551
11 617
21 890
74 673
108 426
58 371
124 62
163 790
96 396
143 761
166 897
96 586
160 128
143 609
55 417
150 298
25 673
29 192
149 438
69 706
45 141
13 107
153 72
105 596
136 907
63 214
164 791
65 721
120 442
96 560
174 508
94 735
159 409
106 633
65 685
5 496
64 943
114 738
133 259
8 632
45 628
29 688
84 700
169 277
106 184
10 254
20 777
56 953
66 358
65 561
142 436
84 878
137 637
21 28
13 864
47 771
96 25
97 999
112 864
148 400
19 70
49 332
159 598
130 516
42 575
89 117
100 128
49 819
78 241
156 852
38 395
75 103
51 152
65 555
89 304
92 644
161 368
139 16
66 223
140 471
2 746
150 194
66 942
107 634
83 519
49 11
128 980
43 403
47 470
12 672
130 335
86 42
138 105
162 203
165 573
98 797
102 482
12 550
17 758
79 313
29 255
53 880
99 416
123 847
138 11
159 929
99 416
91 286
52 952
1 953
109 713
115 826
152 151
114 583
67 540
148 475
55 409
105 8
104 120
33 948
127 461
100 759
63 219
47 885
134 449
77 799
4 462
58 679
5 214
6 8
87 42
19 696
91 651
103 925
20 227
139 687
175 871
90 986
4 530
60 330
38 347
81 617
92 76
130 988
77 981
175 280
43 282
8 164
167 949
154 103
154 340
128 582
15 593
12 106
40 781
89 35
87 542
122 696
42 207
107 120
122 948
172 196
35 84
133 679
64 979
50 268
76 667
74 23
167 863
160 146
20 102
144 576
69 527
56 413
69 313
165 212
133 787
73 523
24 577
6 180
7 720
38 959
49 802
106 264
110 137
33 344
53 456
51 870
99 682
7 818
39 518
162 179
63 853
66 275
28 652
71 944
44 134
111 788
89 24
34 213
26 275
34 118
31 740
16 164
127 755
32 567
152 534
126 111
140 44
46 355
147 921
83 273
130 649
8 526
33 464
115 591
68 413
42 957
119 109
12 81
70 268
38 500
98 461
115 113
107 794
158 838
171 392
132 820
170 194
62 492
72 670
107 35
66 549
38 180
155 213
74 746
8 532
71 106
109 814
21 353
60 638
80 917
118 620
80 368
105 882
57 463
59 692
171 191
157 49
161 138
49 597
172 198
60 715
109 306
111 69
147 489
16 575
17 20
6 676
39 365
96 877
16 737
85 973
4 264
9 216
74 633
60 735
126 191
1 376
128 517
170 145
162 323
121 170
48 45
81 25
167 831
96 232
24 823
87 865
78 465
4 367
175 310
124 562
89 537
152 417
52 564
23 961
167 209
36 5
47 337
120 189
99 350
49 680
73 865
155 263
75 835
6 820
172 75
28 80
103 184
117 402
112 746
42 17
27 888
112 302
169 210
16 987
150 78
136 471
110 373
152 966
110 836
128 317
106 75
160 712
144 720
98 562
86 327
58 474
35 255
39 86
134 729
33 426
104 748
125 54
2 827
133 953
22 541
149 915
162 350
82 240
122 595
168 86
133 532
123 762
107 970
4 461
157 154
96 433
72 705
170 984
152 339
4 135
113 270
119 851
9 623
118 754
49 653
39 368
99 859
14 382
100 973
110 703
62 330
49 802
5 392
38 41
39 151
133 863
49 290
64 434
161 432
144 287
144 781
152 247
137 72
163 651
150 900
56 797
11 137
157 810
140 657
7 654
43 174
68 347
145 481
12 396
136 448
62 160
21 506
66 567
91 837
101 621
164 469
116 38
100 262
17 691
89 679
110 467
65 218
11 640
73 200
148 554
22 838
133 557
106 564
89 514
110 223
159 964
124 570
66 372
128 888
169 783
55 349
127 889
65 458
116 2
94 715
113 273
104 529
163 715
108 29
128 559
132 1
140 511
43 996
14 339
43 101
136 51
40 753
88 195
149 408
66 406
46 320
168 401
44 864
21 224
8 823
124 835
11 332
131 394
73 30
7 111
1 964
88 622
7 841
93 987
148 172
41 137
163 248
123 221
99 621
103 132
144 283
103 249
57 570
105 24
142 539
109 322
115 730
126 887
118 942
72 134
130 144
143 283
159 675
132 206
119 282
121 820
102 771
137 188
62 491
54 943
36 136
