400
28 659
49 739
96 531
76 388
39 8
13 513
69 314
2 844
82 754
5 518
99 460
20 902
11 795
26 982
86 413
94 621
77 333
71 818
57 844
11 490
57 93
37 329
81 306
37 285
23 996
41 382
55 607
80 274
10 701
38 595
16 373
46 165
81 359
50 118
13 365
40 589
42 174
36 107
2 994
60 135
84 367
26 522
78 678
57 407
65 102
84 555
35 658
12 305
27 84
79 366
40 364
38 292
9 97
94 440
94 265
60 465
10 935
45 205
40 847
76 216
52 934
53 457
36 782
91 151
55 161
14 607
2 534
22 473
79 488
64 696
81 331
9 888
55 792
40 754
60 788
40 247
35 878
26 7
42 262
78 238
49 584
60 29
59 641
55 693
87 696
64 777
14 104
22 265
24 757
31 531
88 448
76 13
33 165
10 470
54 880
17 914
34 502
72 519
63 856
56 607
35 628
95 558
45 93
71 101
75 67
35 341
25 340
58 389
74 291
1 376
7 430
25 819
97 299
96 145
43 317
23 163
14 627
9 129
65 861
70 909
64 334
57 412
86 867
62 731
59 174
25 191
19 880
14 44
36 90
36 184
24 688
86 645
87 185
77 170
66 542
35 136
96 970
34 969
96 381
55 326
8 353
54 265
16 455
76 769
48 156
68 378
5 148
52 585
55 429
22 97
84 82
29 428
94 412
42 967
70 394
33 8
15 335
87 921
49 887
41 810
75 54
56 155
25 848
48 662
73 313
71 250
68 27
30 269
31 11
47 531
7 381
15 728
31 86
68 644
57 920
68 920
98 930
12 699
59 998
55 870
94 390
70 106
10 894
68 527
72 836
92 883
38 100
90 922
79 57
76 852
30 292
9 99
75 776
3 107
23 587
84 861
19 289
65 618
19 980
50 653
60 483
26 835
32 1
3 362
20 368
47 943
81 456
16 155
48 470
88 484
87 346
95 296
33 560
93 557
32 95
63 372
54 825
51 356
96 946
50 104
86 661
29 82
48 499
28 636
65 3
85 152
33 241
57 412
93 665
34 774
83 885
7 462
50 648
96 903
55 777
47 965
4 652
57 10
69 979
19 430
74 250
56 50
29 199
67 128
21 526
9 176
89 802
45 329
90 857
41 264
32 996
80 289
13 731
14 215
96 898
24 821
4 467
95 445
72 285
41 200
26 648
24 32
44 141
78 126
29 692
26 521
71 750
55 705
68 321
55 433
17 743
28 661
29 563
99 815
9 348
73 610
70 232
85 829
73 622
3 463
41 94
85 558
5 141
21 204
21 718
83 371
54 218
60 625
28 58
60 36
91 113
53 725
79 662
41 315
19 956
1 883
96 554
14 715
90 478
27 407
91 568
22 671
97 749
25 564
47 543
5 442
47 659
60 626
4 285
8 892
14 596
68 760
88 660
59 825
21 541
64 967
39 665
42 695
69 44
69 193
75 909
74 173
11 597
5 879
14 234
84 870
49 699
93 261
26 219
13 805
12 329
5 697
36 293
95 860
100 485
92 795
17 717
93 953
25 530
39 477
20 690
4 268
92 118
7 727
85 543
12 84
40 154
91 411
65 744
4 655
38 86
81 19
55 100
22 286
66 610
44 319
49 466
38 840
49 99
80 936
40 665
4 879
93 770
42 916
23 909
55 143
2 381
45 20
62 542
58 240
18 545
1 163
26 418
53 661
86 442
92 471
94 476
2 664
33 42
19 765
14 495
18 860
42 563
72 88
86 549
47 32
6 964
1 658
55 677
62 238
12 897
100 630
12 935
87 483
15 63
97 777
39 308
57 377
33 684
18 357
