400
93 365
46 838
29 322
37 381
11 248
37 334
36 311
12 800
43 852
46 732
35 244
53 776
7 535
80 83
96 419
64 93
7 950
30 896
6 671
27 436
48 559
49 671
71 194
69 198
3 711
16 26
72 350
13 725
49 850
15 285
9 501
14 478
93 721
75 900
25 863
92 87
32 662
82 331
90 415
8 378
47 670
59 669
44 8
81 22
5 797
42 78
48 219
31 187
81 739
23 852
92 796
14 687
44 106
81 709
73 870
81 89
53 785
96 827
63 458
36 538
31 604
27 928
99 853
41 453
54 630
67 211
31 612
3 940
38 827
2 138
39 654
68 991
35 769
23 307
5 331
25 164
96 463
75 413
100 358
25 667
37 980
30 128
81 183
24 985
35 944
5 812
13 236
70 499
69 711
60 306
16 208
23 515
39 319
95 328
11 845
92 425
92 826
75 133
46 106
19 358
26 254
91 942
90 880
21 689
5 252
67 386
13 444
69 586
78 489
55 963
26 959
82 737
18 850
6 407
73 190
75 939
59 763
44 735
92 108
4 778
71 814
48 223
63 876
81 274
64 547
27 855
65 304
62 249
40 544
100 625
59 117
66 620
93 432
98 951
45 53
32 484
18 764
85 486
34 898
10 791
83 165
72 305
51 898
8 761
56 153
70 778
63 147
20 427
95 866
56 820
27 810
79 388
68 205
53 834
88 235
85 775
19 280
83 173
17 348
24 277
67 271
20 976
67 559
58 694
87 790
81 864
11 513
80 181
10 421
26 264
29 459
61 165
13 43
52 713
3 527
54 794
78 359
53 869
94 953
79 544
99 221
9 346
99 992
54 127
53 75
76 880
75 120
19 117
91 611
44 615
13 444
73 717
84 525
33 578
26 337
67 351
59 840
20 352
33 497
60 846
52 164
59 968
60 984
78 464
54 76
79 253
10 860
95 39
75 682
78 792
97 44
78 297
65 514
9 702
10 757
54 85
93 343
51 250
83 975
86 834
10 639
2 855
91 629
35 921
91 987
2 259
10 257
18 315
21 839
17 737
96 744
78 830
58 896
57 537
80 8
3 10
40 690
49 680
26 198
80 142
58 874
77 973
67 500
13 60
78 521
56 343
98 143
20 415
71 455
65 575
12 284
35 670
77 729
34 793
7 399
11 799
49 939
57 868
19 282
61 971
67 21
84 509
17 287
34 992
16 859
15 829
93 1
52 545
19 476
7 841
74 909
84 227
40 720
98 29
6 336
93 33
100 649
50 608
81 585
20 417
62 148
6 521
78 945
47 42
37 908
100 10
14 958
34 541
12 268
31 841
13 464
29 459
95 151
10 584
5 57
42 224
50 164
67 882
52 68
89 173
43 579
26 806
97 19
61 49
11 281
10 783
66 294
46 264
92 685
16 70
83 896
11 323
19 624
4 746
44 658
55 104
69 963
30 288
38 205
100 515
26 222
23 627
100 519
11 671
84 768
49 340
76 967
98 884
25 674
40 35
99 53
60 543
18 670
43 422
77 629
18 604
21 573
50 784
46 117
43 274
13 597
80 640
49 287
35 675
17 88
71 755
97 152
67 13
95 643
93 49
37 834
25 200
57 430
18 469
50 850
75 506
60 803
82 593
91 682
96 549
24 609
60 33
7 997
69 272
74 765
95 108
41 293
91 14
40 946
36 604
6 830
20 481
95 378
84 913
88 783
56 594
81 573
56 493
17 909
31 62
49 829
15 987
45 976
80 679
39 967
78 991
94 762
25 485
54 187
8 768
50 592
83 395
10 987
71 343
94 3
44 784
95 323
27 784
67 672
17 943
