600
97 428
135 418
46 64
51 301
48 54
141 566
79 56
120 769
46 304
145 223
30 152
129 436
6 366
135 717
75 486
63 841
18 301
145 907
83 394
1 598
147 45
4 254
34 216
73 115
140 987
51 945
88 413
105 390
50 606
113 976
150 330
144 580
139 430
111 427
127 735
117 682
147 105
116 117
96 905
58 249
108 729
37 264
146 751
72 628
98 297
10 384
99 873
109 54
69 775
38 67
119 430
39 823
110 444
102 593
140 54
149 425
149 82
3 14
112 435
49 58
121 692
96 548
135 478
58 716
7 711
43 392
51 696
13 520
65 698
137 679
75 264
39 196
29 198
39 961
19 685
103 311
125 712
37 966
9 11
148 280
105 391
132 823
142 140
105 700
115 580
63 424
128 649
128 489
123 828
102 941
142 692
83 103
74 744
85 593
77 77
94 810
86 281
11 256
16 488
90 799
24 168
136 956
60 425
76 282
3 278
141 541
13 288
131 708
101 71
19 222
44 823
107 337
115 868
1 55
129 324
112 443
63 568
1 1000
19 954
31 897
8 285
70 986
131 879
56 689
94 41
127 569
128 47
126 36
70 349
19 24
140 414
71 62
86 330
25 354
133 773
9 947
54 696
3 184
125 30
129 778
96 605
98 806
11 104
142 208
97 654
18 415
76 228
141 547
88 594
54 181
129 632
49 529
33 491
150 292
73 111
40 490
46 598
53 335
124 325
123 756
17 381
96 859
97 59
67 585
52 559
148 640
20 626
73 324
40 205
101 693
69 977
125 528
134 160
43 851
39 71
128 40
89 7
87 697
53 601
81 718
65 672
131 220
120 887
14 330
62 384
115 873
138 229
114 841
34 744
104 675
72 870
115 846
97 861
53 912
82 864
26 717
117 515
13 213
133 354
75 970
74 136
94 610
88 585
9 447
93 554
135 866
121 354
37 388
143 202
54 343
11 314
61 603
81 78
27 327
74 45
136 672
74 323
78 97
75 359
6 215
66 639
129 490
144 208
22 929
40 970
91 503
67 124
64 314
111 743
99 949
97 378
46 128
95 497
141 536
138 187
79 654
94 53
54 990
55 366
35 526
110 827
105 756
37 546
28 990
76 144
65 443
79 250
95 803
64 714
96 571
64 427
98 588
142 257
10 715
69 865
82 376
15 245
62 198
138 214
116 328
57 957
5 683
141 124
14 662
35 682
150 48
38 303
28 953
4 240
132 51
103 889
10 641
52 330
82 191
64 58
85 960
115 509
99 808
63 3
26 926
14 686
29 276
77 563
95 735
96 446
24 870
37 28
118 83
22 194
60 10
139 105
24 929
149 666
133 664
102 758
44 612
19 81
142 473
62 435
6 415
106 831
50 151
137 900
6 240
124 352
119 392
147 208
22 468
101 392
105 100
106 862
2 566
113 343
38 221
68 767
50 753
39 483
58 996
23 639
116 82
47 983
71 548
25 412
107 872
31 623
117 595
71 294
107 816
23 925
31 781
71 625
104 590
109 59
52 590
46 392
41 181
111 479
150 450
117 477
11 622
7 923
48 641
96 853
64 711
135 558
57 969
78 899
100 193
110 457
13 36
115 57
102 256
78 618
125 233
134 157
141 455
113 971
54 948
107 181
122 652
81 886
78 727
8 241
83 855
26 967
36 358
106 607
137 326
97 139
127 50
38 290
124 819
63 861
85 632
27 26
50 230
41 612
120 982
131 229
71 324
33 748
73 352
118 249
116 740
127 358
78 67
67 518
114 796
11 140
110 953
49 41
6 875
11 900
83 244
17 951
101 396
74 430
24 947
96 236
89 635
77 5
89 652
128 711
118 190
29 510
31 457
51 600
1 65
129 152
13 127
123 603
37 588
85 463
59 811
143 583
25 862
55 773
92 527
53 337
1 115
9 534
78 142
73 566
35 147
15 940
135 414
129 638
29 536
22 792
13 828
110 474
3 660
51 181
112 837
45 512
47 555
76 761
78 339
20 228
107 26
104 961
141 859
116 667
57 672
54 814
16 700
103 741
141 549
1 254
26 116
66 414
3 657
143 629
25 162
126 571
125 791
88 681
145 490
9 855
5 758
38 394
74 895
122 911
108 911
7 226
14 627
118 920
5 11
70 471
98 447
75 824
86 784
92 831
42 318
57 635
21 950
40 946
43 754
102 750
11 776
12 645
92 13
50 895
83 589
2 592
131 631
60 997
109 191
46 564
45 838
88 589
65 189
66 89
87 766
93 567
118 964
14 230
84 347
117 529
15 687
37 401
94 906
105 350
43 342
126 568
53 636
97 377
117 98
137 125
85 952
129 276
13 609
62 982
84 44
4 375
38 441
32 266
119 747
82 883
18 10
88 847
55 284
17 818
33 149
136 513
99 423
34 883
27 640
45 331
59 577
84 1000
27 253
23 790
74 671
83 106
62 593
92 437
4 677
138 128
117 534
49 426
78 361
14 754
112 799
37 865
2 557
64 701
92 221
13 742
118 586
62 126
132 853
81 275
61 596
108 671
149 201
59 469
22 510
123 750
86 584
108 147
70 951
61 450
26 926
106 834
57 522
16 83
95 908
72 344
58 332
121 550
117 507
20 110
89 21
51 28
7 545
56 690
95 231
15 422
29 616
47 184
29 737
65 186
50 466
12 59
125 583
40 930
41 957
116 697
66 732
101 484
134 605
8 838
55 482
3 786
138 734
115 7
83 716
46 879
69 695
