700
169 851
173 255
62 276
84 5
48 328
173 490
113 452
171 115
126 382
21 200
55 985
162 131
60 649
7 936
131 714
72 894
143 136
29 156
130 738
35 19
47 186
16 22
91 77
8 24
128 177
52 487
47 88
98 448
59 734
31 657
65 701
144 860
98 904
110 369
115 638
114 752
63 985
140 535
94 899
110 326
159 964
124 821
14 466
138 652
11 665
27 326
22 508
152 890
119 882
38 598
64 566
70 486
32 336
2 656
80 276
127 126
138 543
58 369
54 812
113 755
9 138
161 701
127 263
161 38
120 687
145 964
9 977
138 413
97 49
135 811
82 961
171 15
133 376
90 440
172 312
67 201
38 885
173 472
86 261
27 98
56 185
163 602
149 648
109 713
173 656
89 607
66 206
138 618
129 537
93 992
158 438
21 464
69 70
52 231
86 543
134 153
141 8
32 946
112 622
97 267
81 846
99 424
7 479
27 977
68 352
134 861
51 453
24 750
75 557
90 593
134 38
69 197
129 284
24 285
119 727
158 705
41 929
49 171
47 555
72 227
89 246
117 471
109 96
141 730
164 109
52 26
132 737
149 775
14 965
1 427
129 932
60 600
94 979
71 419
154 630
74 734
90 971
78 867
36 237
138 112
156 450
70 994
130 55
119 782
47 97
141 264
143 669
162 390
98 396
9 320
16 580
152 156
89 916
90 122
32 847
145 535
89 330
21 12
144 118
65 391
108 605
40 301
18 186
117 203
11 267
100 488
105 531
124 953
34 792
159 945
43 154
19 188
168 618
110 120
162 379
67 151
139 642
109 616
109 875
33 546
136 532
163 521
123 112
166 271
43 237
49 882
139 854
125 305
9 606
89 207
169 270
45 821
161 588
5 870
27 145
127 31
83 341
76 753
93 307
73 269
79 904
52 952
88 640
95 343
63 922
23 157
5 259
29 439
138 741
20 198
39 566
1 198
170 248
108 125
25 238
151 726
9 796
18 487
81 832
149 776
125 958
72 25
135 300
34 955
4 949
95 389
13 252
101 971
71 750
82 592
136 561
140 393
6 78
55 962
136 108
72 221
14 728
6 94
82 4
128 280
111 260
138 528
129 521
118 407
148 414
14 773
107 503
36 890
39 158
37 539
41 141
67 48
91 158
106 296
77 684
124 362
159 842
6 818
167 306
166 438
140 282
47 368
139 108
172 94
50 998
21 964
42 917
163 422
121 745
42 878
57 840
53 288
124 702
45 719
38 546
108 764
171 898
24 672
147 94
24 809
33 285
107 194
73 450
92 107
49 969
40 245
97 728
72 886
52 33
65 750
92 702
88 890
9 518
77 700
8 116
134 969
170 125
20 322
113 605
160 954
102 89
42 174
152 180
6 428
43 430
16 118
93 87
148 397
1 319
8 132
161 230
141 747
69 862
30 436
80 51
9 610
59 314
100 32
67 648
80 633
84 859
88 45
59 275
26 165
98 160
113 999
12 495
165 744
79 633
169 70
135 109
61 384
91 185
40 805
147 91
108 711
81 442
88 703
68 69
117 953
7 497
97 483
102 963
3 515
74 207
168 363
158 924
21 888
13 581
160 837
76 544
18 492
3 826
78 618
4 489
93 26
16 311
136 706
175 713
175 25
30 496
12 669
112 494
31 811
66 90
34 920
59 572
71 255
92 909
2 851
108 277
175 17
32 310
57 802
107 919
82 947
38 690
121 751
101 904
147 898
36 359
23 709
87 202
49 57
102 929
71 350
147 920
86 911
151 535
12 920
63 819
119 498
81 699
123 111
172 995
67 479
46 579
95 120
41 614
109 586
99 300
58 289
33 777
153 160
139 212
110 527
76 6
33 120
97 444
139 205
128 373
66 395
83 701
15 336
66 331
23 408
6 316
18 578
48 387
130 35
154 518
18 415
50 982
72 34
80 627
11 566
137 800
38 590
139 183
98 443
134 516
51 239
43 987
76 293
147 969
96 432
12 332
138 990
110 375
142 325
68 89
54 618
163 622
44 100
160 360
107 733
108 918
88 343
80 478
88 639
175 719
72 492
66 114
35 355
86 625
126 775
25 955
124 672
89 235
136 98
14 817
57 919
130 700
160 617
149 300
25 374
72 307
101 341
28 998
133 725
82 135
51 274
148 767
91 652
121 142
104 259
129 58
56 384
169 796
64 66
10 769
31 731
101 701
144 506
84 727
59 164
26 699
121 964
17 115
30 789
63 940
13 12
125 531
161 890
57 308
30 208
49 805
121 81
28 320
53 774
76 28
159 328
78 68
93 984
112 551
137 341
119 617
107 924
39 865
104 81
39 288
100 258
96 43
132 166
97 579
162 821
71 574
90 387
168 462
93 304
138 818
118 519
74 760
134 562
82 362
64 795
83 866
11 937
41 800
29 918
102 261
66 220
18 919
161 141
66 200
120 527
145 373
111 662
172 368
165 835
32 832
38 499
81 479
95 841
87 607
173 367
122 408
72 495
16 572
86 747
19 893
21 293
64 288
101 580
147 745
84 526
119 983
125 782
9 611
46 90
59 102
116 481
100 103
159 703
88 598
38 658
80 595
98 260
66 677
123 574
91 725
154 526
135 870
127 75
158 989
56 27
141 992
56 17
98 320
100 361
31 286
117 302
34 908
108 958
64 873
81 88
83 625
74 814
10 283
133 877
172 308
146 376
158 782
76 139
11 758
65 916
91 370
163 844
119 211
75 543
71 759
67 62
80 443
154 141
18 272
124 853
28 279
30 97
62 407
1 735
149 53
132 899
119 872
71 830
64 741
117 619
109 383
113 206
36 925
151 505
169 140
122 710
121 940
89 725
151 844
149 61
102 176
103 827
115 267
150 97
41 211
103 327
164 320
165 646
173 348
29 238
93 523
52 775
86 498
121 746
45 661
76 825
99 984
81 640
43 891
59 815
142 241
171 83
129 615
64 696
109 735
60 133
54 942
51 451
31 661
154 25
76 846
101 404
55 396
143 276
149 398
84 705
120 112
134 595
94 287
133 194
81 776
123 978
146 777
68 607
83 140
66 436
2 853
146 989
102 266
41 79
64 655
18 117
51 737
89 586
147 738
156 771
169 347
154 503
16 384
167 818
37 83
11 469
148 593
27 503
63 446
147 821
175 169
156 384
83 453
96 716
1 309
78 89
117 973
130 310
