600
143 351
106 767
32 184
125 332
142 642
35 695
50 795
55 255
2 16
120 672
21 775
105 78
130 500
41 906
13 660
94 93
126 83
99 869
7 897
87 484
19 689
145 812
22 735
61 319
62 596
53 136
62 167
68 461
37 889
64 261
95 366
85 497
32 983
67 227
15 495
45 178
28 502
138 248
30 402
111 567
26 470
38 622
4 299
64 851
106 354
21 782
53 251
126 255
52 279
49 7
120 751
77 506
103 320
88 23
32 919
140 538
5 621
119 786
148 277
3 249
146 649
146 252
38 449
106 751
31 387
82 582
29 822
43 846
64 334
92 794
136 330
5 239
143 319
57 330
29 246
148 458
100 457
21 102
10 456
123 780
117 438
100 451
34 636
148 719
136 581
18 27
27 891
23 650
135 919
63 651
5 293
121 660
144 896
31 365
105 541
126 550
144 499
34 746
41 161
35 733
104 838
150 707
91 355
77 150
88 967
33 465
62 662
62 396
110 764
36 122
70 394
134 76
130 496
72 950
27 335
13 132
148 351
114 259
45 179
91 732
53 832
17 710
132 344
56 751
119 331
35 851
45 724
133 17
128 594
15 481
54 447
120 488
124 695
123 481
40 490
123 235
102 873
70 412
49 649
136 111
117 459
3 771
96 657
32 297
106 471
42 478
110 415
100 958
34 167
134 938
89 908
8 189
129 489
19 910
131 685
144 458
138 63
143 407
83 103
113 441
15 324
27 650
43 798
135 412
145 501
26 401
36 557
105 852
116 651
20 26
80 867
42 825
26 649
65 842
116 532
55 708
52 640
34 528
40 873
144 448
29 942
84 832
12 703
66 427
120 557
80 50
51 817
31 76
102 67
142 918
116 451
6 106
100 56
7 228
30 654
14 902
58 538
121 186
29 25
89 658
127 143
16 275
67 924
15 752
28 39
133 237
61 848
95 773
93 845
97 668
113 637
40 250
57 765
46 679
22 199
94 299
113 701
59 781
111 418
84 436
81 550
87 468
32 660
127 217
9 671
89 730
39 191
47 215
27 211
94 109
9 787
93 916
23 181
78 994
41 831
103 799
35 282
74 74
14 327
119 989
135 834
33 963
10 846
141 751
101 146
9 554
25 806
85 649
87 475
108 957
142 790
120 331
134 922
147 297
51 811
87 392
12 705
13 982
102 140
62 630
136 826
78 800
119 962
13 283
141 378
117 704
82 35
128 870
15 620
82 916
24 147
60 468
8 123
79 416
84 871
49 655
117 219
85 509
1 548
90 625
23 818
111 427
4 369
87 224
17 619
49 329
25 647
91 265
15 117
145 389
34 796
124 528
66 307
10 967
118 584
76 816
13 529
44 471
148 283
8 967
123 773
94 270
144 54
85 61
80 373
61 293
128 30
70 400
3 80
54 202
107 62
105 122
72 836
26 525
90 518
110 490
140 73
3 352
78 113
4 413
121 598
135 73
12 216
13 164
28 963
79 528
123 885
121 936
94 882
23 918
87 157
49 310
140 387
117 816
39 846
80 361
89 963
9 864
14 5
24 967
56 749
123 313
80 465
35 17
55 85
6 429
72 202
66 857
56 28
121 476
39 2
102 484
145 354
11 916
82 220
135 521
106 589
15 938
22 633
71 438
69 337
33 64
144 104
109 564
139 916
137 489
3 479
86 549
35 119
24 893
63 56
39 239
59 840
108 712
72 312
108 583
46 321
98 455
11 716
120 70
4 820
34 253
99 392
89 394
91 127
65 59
131 760
50 676
110 715
127 856
102 256
98 673
121 672
147 55
135 207
91 14
62 713
37 864
4 650
52 179
3 319
60 333
120 267
66 473
99 653
53 371
93 816
68 166
144 421
57 47
69 947
119 796
122 136
62 134
10 655
140 253
47 756
62 946
150 670
84 487
120 295
122 776
113 135
13 920
143 86
63 612
95 460
96 451
104 326
15 719
114 387
58 863
17 650
147 387
132 825
120 811
89 488
24 567
95 423
56 859
145 450
109 353
79 667
129 399
117 587
12 908
48 470
127 496
145 700
27 242
69 985
1 115
71 239
28 308
60 661
79 840
37 645
72 697
100 854
142 776
69 220
29 986
92 966
63 467
135 437
30 897
83 139
55 68
59 357
105 36
100 396
103 356
23 578
82 212
12 306
21 289
148 715
123 353
129 794
102 258
34 19
53 328
114 105
139 926
25 356
73 473
140 777
98 738
105 251
22 117
137 92
57 170
150 668
86 131
50 495
57 156
104 817
48 432
29 733
137 520
58 862
139 79
36 623
2 914
59 108
75 577
123 833
52 579
35 569
68 827
107 154
135 822
69 479
131 716
4 529
133 612
112 227
89 520
1 57
58 523
93 840
32 838
122 315
34 300
41 4
3 466
68 524
7 939
98 507
35 540
25 591
50 687
45 750
37 6
148 55
79 531
119 842
9 499
64 346
149 707
15 592
33 345
27 984
99 622
15 296
78 848
111 31
31 446
1 492
34 133
135 12
147 149
59 571
45 31
102 450
8 627
128 961
133 606
38 562
40 465
122 788
73 184
96 698
122 265
114 757
104 501
50 882
55 409
109 789
74 900
113 669
141 499
70 925
77 57
67 994
143 706
59 4
22 923
36 516
17 436
64 103
15 663
98 263
81 443
78 449
20 445
132 131
13 943
28 131
25 601
53 921
105 799
13 96
131 381
2 538
109 398
118 465
134 782
145 330
37 146
