500
88 127
115 533
110 125
89 163
4 324
41 795
122 56
109 387
73 279
76 957
124 197
103 599
5 356
52 83
94 287
124 843
32 829
121 33
114 894
120 895
27 517
106 722
9 372
43 79
5 222
106 170
3 278
15 927
3 855
33 579
124 733
61 752
18 765
111 552
79 570
89 730
25 386
58 459
101 924
7 987
15 134
31 774
54 822
116 811
19 853
84 549
34 224
91 260
85 661
77 513
120 978
75 146
116 577
18 665
123 768
74 759
50 889
7 28
89 112
10 231
3 608
12 800
42 628
37 191
21 762
18 368
22 291
98 407
82 647
65 257
56 846
81 680
98 798
54 502
58 448
17 700
8 693
119 923
1 848
43 373
41 356
73 715
38 841
19 72
81 168
9 879
85 388
21 568
115 698
63 130
98 641
107 268
100 431
92 364
72 471
46 625
105 541
93 808
113 579
18 680
65 574
123 121
21 108
76 246
42 615
51 699
36 237
73 209
28 328
2 763
57 872
4 641
57 415
74 320
111 825
61 146
70 214
9 878
28 909
78 97
125 799
91 406
40 245
72 112
59 431
90 166
25 63
31 619
43 13
30 40
61 690
47 706
6 984
92 327
93 971
100 260
33 540
35 837
51 439
76 299
34 117
21 308
10 107
96 560
60 683
114 298
37 475
59 123
39 385
50 120
79 440
74 217
1 241
23 579
102 574
20 842
41 329
35 966
56 962
26 780
86 349
67 514
104 924
57 545
87 350
4 901
86 21
23 290
46 385
33 463
101 930
99 694
10 450
1 960
113 652
94 397
103 497
107 279
1 807
114 395
117 895
52 114
89 104
98 668
39 877
115 329
87 518
105 296
43 948
41 25
10 791
68 925
86 317
98 410
92 455
72 255
84 620
3 723
47 311
34 919
88 163
97 486
115 839
50 824
3 461
32 983
73 876
112 129
29 206
56 476
33 559
51 87
100 463
86 262
15 319
7 760
98 767
114 504
70 603
7 159
70 369
46 2
6 810
125 686
34 732
105 379
19 683
67 208
116 368
112 892
124 325
45 304
25 789
37 635
79 354
30 352
9 479
22 665
74 562
20 802
78 15
92 867
4 304
86 13
75 561
27 407
82 175
110 457
3 961
63 202
73 890
79 763
106 907
109 2
53 846
11 705
94 999
76 445
11 479
86 461
119 171
52 595
27 232
108 990
38 230
125 377
82 488
94 111
39 183
95 374
59 647
79 572
8 412
6 422
50 567
12 556
5 740
15 927
108 536
8 272
118 448
1 780
124 211
110 79
124 228
114 413
93 308
15 643
80 631
81 840
16 377
74 338
95 139
75 197
114 278
118 747
117 224
76 737
100 556
59 122
113 651
112 1
110 25
9 583
112 529
92 331
56 693
24 370
4 37
50 33
59 93
101 751
2 589
98 500
14 834
86 143
50 939
1 879
80 324
46 118
96 842
2 657
36 479
69 153
64 818
91 200
92 630
22 526
24 913
16 624
33 277
65 962
27 868
89 811
82 801
43 176
96 117
27 748
54 43
29 131
119 849
111 724
65 881
79 947
63 532
92 378
119 639
25 932
9 216
52 577
9 473
45 744
91 779
105 737
76 902
23 10
8 563
89 153
50 729
63 544
68 686
118 318
25 835
120 605
96 108
81 803
20 678
4 88
41 697
40 849
5 936
15 219
116 880
113 642
48 463
12 198
37 802
36 105
67 286
68 801
20 822
61 488
24 801
96 644
88 42
65 640
69 922
125 643
102 694
65 668
113 401
71 994
64 582
87 579
108 217
65 481
7 457
104 303
108 355
64 395
68 104
50 646
5 805
122 1
12 536
103 411
90 772
38 425
54 785
1 963
32 857
38 679
98 788
25 660
114 926
24 2
9 83
76 849
26 101
117 376
54 262
29 25
124 972
17 795
99 52
44 814
18 543
96 957
120 788
84 473
118 440
75 374
112 883
108 408
47 718
116 312
124 102
109 84
95 692
113 366
54 621
22 313
117 973
84 571
82 250
107 335
2 561
25 353
101 458
61 871
49 613
91 270
49 366
9 870
35 533
11 77
72 805
68 439
80 949
124 830
15 652
7 170
124 123
124 61
71 759
80 785
17 299
41 431
25 229
16 859
83 450
79 226
51 468
63 956
11 579
99 292
35 850
8 649
34 161
88 172
66 377
94 604
112 398
11 236
3 92
70 494
78 408
81 708
91 255
24 258
36 665
83 233
38 281
99 169
98 892
44 901
117 428
32 732
58 658
91 986
