100
5 93
1 273
3 825
20 861
19 735
5 288
1 8
16 155
24 524
15 640
22 858
21 928
16 888
6 707
5 7
3 418
19 141
2 841
17 919
4 877
5 511
17 125
18 168
11 793
15 180
1 86
1 738
13 940
5 20
3 884
12 448
14 341
18 271
2 497
1 290
18 70
24 424
18 562
24 630
24 243
14 867
23 406
21 724
9 377
6 198
4 522
7 496
20 353
10 679
3 415
23 682
5 920
22 99
11 983
10 333
14 948
8 168
17 865
25 819
1 817
12 705
22 889
1 628
12 370
11 437
10 488
6 302
15 826
5 596
25 582
16 409
15 1
15 220
1 907
25 270
14 803
3 539
14 797
8 951
15 448
10 832
10 58
2 667
8 990
14 421
18 489
18 85
24 937
13 804
11 688
2 399
17 500
13 7
25 172
10 356
11 332
18 986
11 395
13 938
24 984
