100
16 747
7 844
15 122
3 646
8 294
10 75
19 757
15 752
4 665
12 827
6 625
13 127
3 921
22 450
14 623
2 364
4 258
12 335
25 979
19 75
9 867
23 794
2 751
25 433
5 989
4 320
18 395
17 247
18 233
3 786
8 417
20 290
23 886
22 703
24 338
21 429
18 981
3 509
3 179
11 313
17 85
22 882
10 117
23 482
22 920
6 470
5 263
23 227
9 544
10 442
4 830
11 460
24 884
17 389
8 661
2 185
5 899
25 220
18 143
24 47
24 635
21 468
19 807
18 60
1 795
13 802
1 280
17 967
21 622
20 207
3 757
6 455
6 420
6 285
10 973
16 556
8 994
4 184
2 745
8 602
9 278
16 165
7 610
10 578
10 232
9 942
13 411
21 567
10 978
21 726
3 748
4 909
19 925
4 442
3 927
1 915
11 637
3 518
17 264
13 731
