500
44 766
64 188
102 710
120 610
45 389
45 382
36 873
59 976
113 755
92 83
19 458
66 425
1 88
16 26
75 565
92 461
10 300
112 952
108 211
34 436
12 992
62 556
59 685
81 447
1 405
54 721
29 658
40 990
43 928
117 199
4 673
69 154
124 254
19 76
103 629
25 287
30 757
81 411
93 60
72 611
8 839
92 284
96 184
11 523
50 347
86 355
46 418
78 655
101 663
94 105
90 166
112 16
30 248
54 98
39 201
92 783
86 890
38 269
112 579
34 340
84 912
46 644
112 328
18 299
109 938
83 393
105 317
73 722
64 864
16 452
69 536
113 636
106 550
75 972
111 234
121 948
112 294
88 433
59 258
116 935
100 655
11 647
121 794
103 248
104 988
26 147
79 402
112 52
88 673
100 211
104 27
73 145
29 500
50 199
84 778
29 168
98 666
36 75
45 809
23 447
117 78
43 306
86 473
101 627
95 891
92 311
74 538
84 183
30 898
57 344
96 883
91 948
55 358
101 256
16 249
28 522
39 403
19 104
80 310
8 589
39 699
101 91
60 771
43 774
108 562
114 165
90 498
39 728
120 95
27 37
91 275
116 527
30 206
83 947
8 112
42 238
49 432
75 139
66 693
125 348
5 595
32 560
21 630
21 940
36 550
124 229
67 341
71 278
83 798
48 44
51 472
20 529
110 46
45 572
84 447
58 908
116 535
6 232
69 576
28 1
117 996
72 119
74 730
23 819
62 920
25 122
122 886
103 234
68 570
122 821
8 895
62 772
49 932
85 175
41 430
24 62
63 237
83 871
100 624
9 462
59 373
76 886
2 846
82 735
95 783
97 924
11 121
34 39
82 572
5 124
9 180
97 954
56 823
38 985
13 427
31 302
91 513
44 415
96 400
93 457
124 897
25 127
86 446
7 252
20 37
112 953
111 858
51 573
15 745
79 910
110 858
60 527
7 19
88 177
49 997
68 970
114 932
92 321
51 334
62 112
41 239
64 918
49 608
24 471
7 892
90 755
123 121
35 217
101 776
82 623
39 582
9 63
124 508
15 861
45 228
48 800
9 481
79 501
112 106
67 406
45 422
117 686
33 425
50 607
49 934
92 252
18 97
84 860
6 240
28 457
53 277
45 28
38 888
121 480
52 696
111 391
51 561
6 711
112 699
4 495
45 82
56 730
112 581
37 568
5 985
109 28
59 120
91 91
60 839
50 225
92 26
122 890
8 377
46 908
77 678
72 409
68 549
86 310
95 147
115 489
74 202
78 849
63 367
77 166
57 503
101 836
4 231
44 294
112 530
63 146
53 499
5 440
99 142
3 707
121 17
21 825
81 229
77 146
75 273
16 270
65 741
116 948
62 18
22 319
109 301
72 518
106 607
102 262
11 926
90 495
90 943
119 5
34 679
19 378
110 237
82 759
51 846
16 148
104 43
78 190
118 309
30 312
25 901
14 620
121 750
50 898
72 360
80 42
36 342
63 260
113 969
74 449
107 738
59 751
42 891
66 370
71 189
20 605
52 299
88 183
108 943
88 999
97 51
92 559
1 893
51 892
40 332
81 631
80 124
12 92
22 307
25 379
93 906
22 394
103 107
20 573
3 254
115 371
25 447
4 778
11 350
73 797
35 815
111 132
17 682
4 954
122 786
119 268
73 734
45 967
88 131
65 887
58 590
28 286
121 989
122 527
101 275
91 515
37 204
25 919
122 91
62 444
70 629
64 424
27 544
48 231
75 152
68 857
11 249
10 706
6 294
58 831
95 876
49 801
26 724
104 649
123 10
119 77
95 418
40 177
100 123
91 453
70 440
74 928
60 340
117 542
27 404
72 315
54 511
42 249
120 960
97 209
123 681
12 586
79 496
77 541
50 71
118 161
38 491
62 852
1 991
2 303
105 285
96 703
59 922
62 261
80 751
116 374
80 635
110 352
117 667
36 378
36 717
18 977
11 230
76 418
97 861
46 512
28 627
94 718
72 917
42 710
123 592
73 802
51 380
3 393
75 596
103 230
116 100
109 770
97 144
52 629
46 52
13 433
90 528
98 15
9 94
31 865
98 158
69 578
84 937
39 949
64 318
104 546
39 451
121 665
50 177
52 44
52 343
5 888
8 516
33 982
121 597
121 727
75 982
38 709
87 689
8 797
12 709
77 478
122 396
21 196
13 826
80 346
122 545
55 596
24 620
36 883
45 943
117 497
5 346
86 214
43 385
62 891
123 738
116 20
69 150
93 2
87 834
63 689
