200
42 548
35 677
44 770
4 175
10 480
13 304
45 232
29 937
17 862
23 688
21 406
45 394
44 510
43 656
41 855
19 969
21 700
50 498
42 586
44 64
31 24
45 921
2 482
16 502
1 67
31 198
23 555
8 281
17 877
45 506
30 373
5 426
28 510
15 70
36 419
37 152
18 667
10 858
42 229
3 173
46 774
3 948
22 859
49 598
40 981
10 257
41 937
44 223
17 390
39 537
14 990
10 279
46 218
32 147
27 495
48 384
32 844
34 671
16 692
37 424
37 337
23 538
5 153
50 697
21 712
17 540
19 247
39 42
2 360
36 979
1 592
29 582
41 985
20 502
43 52
49 713
50 368
50 276
7 567
45 589
29 278
39 416
33 280
27 281
15 375
25 712
32 337
41 135
49 746
9 798
44 49
35 129
26 320
6 643
21 310
20 684
45 399
26 102
12 471
18 770
19 720
24 819
37 59
27 26
29 902
44 735
32 332
39 464
24 648
8 695
21 798
49 640
33 307
5 108
14 261
40 765
43 662
10 383
45 987
46 160
32 303
24 214
3 192
15 948
42 966
45 737
1 157
48 70
14 297
35 660
49 778
22 814
37 822
27 572
49 985
14 455
30 639
14 935
1 383
13 567
17 602
45 242
43 778
2 490
45 418
31 242
38 521
14 475
28 593
18 465
19 249
29 909
31 243
12 706
16 313
37 908
3 335
12 266
8 557
48 213
7 329
10 323
44 185
22 920
28 18
10 731
25 998
5 446
38 167
5 128
38 328
33 517
35 792
34 102
47 263
40 580
22 543
2 923
44 233
9 808
49 501
48 851
8 761
2 562
7 425
47 106
24 509
26 405
50 700
46 567
2 360
19 916
47 362
41 880
12 339
45 804
37 318
31 189
6 882
41 253
