500
58 908
110 376
65 741
87 897
8 101
77 734
39 350
119 651
73 213
24 465
114 822
59 249
123 568
28 292
1 968
39 742
101 809
77 658
26 975
49 845
42 18
57 872
105 824
30 936
10 539
67 781
78 677
53 558
81 135
40 414
81 901
73 688
24 873
118 740
63 595
5 991
21 313
33 809
80 519
15 739
30 489
19 942
67 601
55 493
15 932
62 118
32 273
77 509
123 828
64 52
95 118
50 94
81 48
20 752
48 890
17 858
50 459
49 276
120 580
7 995
24 170
58 363
114 857
59 251
119 94
117 119
70 653
66 457
51 501
104 417
100 633
107 302
74 14
77 393
3 720
51 74
67 336
86 632
42 81
22 151
102 344
63 440
6 634
104 539
112 239
72 579
52 713
56 715
105 868
35 820
35 220
45 312
24 550
34 863
13 436
35 537
83 886
96 533
112 315
35 819
95 58
45 30
27 241
19 710
75 24
24 335
15 799
113 620
95 951
59 687
90 200
40 913
91 498
41 17
40 574
52 979
74 590
35 635
69 289
67 586
76 109
64 183
58 811
120 586
35 656
114 787
1 528
63 895
9 562
28 535
91 289
118 935
72 920
53 195
57 462
95 889
42 389
104 315
66 452
102 374
103 756
101 150
14 262
101 904
15 355
24 266
50 152
15 281
2 748
96 986
1 776
103 499
58 770
95 748
6 825
16 892
82 121
1 706
47 87
87 563
8 673
93 495
98 516
36 500
11 298
35 782
125 638
96 622
42 816
29 992
61 996
116 97
68 862
101 787
36 72
111 760
77 615
80 176
54 718
91 651
51 109
69 414
14 908
92 87
97 128
110 582
48 40
9 696
27 916
64 98
78 10
47 327
111 474
47 465
19 642
104 9
34 649
16 285
51 834
80 419
10 379
38 757
65 682
40 371
77 501
101 704
41 612
33 575
121 462
15 141
27 908
109 57
35 610
125 544
93 161
25 232
105 678
103 731
122 689
91 753
108 157
103 559
35 189
14 689
98 49
52 69
70 38
112 34
73 66
123 921
59 981
16 513
116 47
99 749
79 213
96 678
124 165
125 363
100 89
48 740
75 340
65 903
37 262
125 147
83 209
24 261
39 869
86 85
26 943
66 712
101 286
49 339
13 31
72 35
20 635
35 347
84 910
3 972
53 121
94 564
103 642
64 293
44 409
85 407
62 29
7 19
101 939
113 148
118 89
103 35
103 477
117 376
56 244
86 586
36 963
44 590
28 606
71 137
43 743
103 977
97 895
13 176
78 231
119 675
75 349
71 738
93 193
124 343
110 130
66 411
117 249
93 731
104 691
31 493
74 193
82 76
4 526
50 780
95 826
114 534
10 822
38 963
100 428
124 638
115 19
16 915
68 311
6 474
28 732
36 196
48 454
96 83
112 29
12 881
118 193
56 26
42 937
100 235
38 568
6 249
60 535
36 86
60 977
49 557
1 534
57 207
78 547
113 476
65 592
28 289
110 258
109 767
87 779
96 438
99 487
17 869
36 759
47 737
29 381
103 180
93 324
45 69
107 743
34 976
13 355
96 285
116 812
81 149
94 597
116 36
63 309
57 42
14 796
76 289
85 912
71 81
115 809
66 414
75 693
110 931
76 451
110 6
70 360
67 609
5 634
110 291
49 34
106 655
68 296
39 893
88 70
46 843
103 973
39 604
40 730
83 585
22 138
89 753
14 117
122 640
59 842
96 488
79 20
15 811
76 615
58 850
81 619
122 462
116 993
115 581
2 615
124 142
121 289
45 597
98 285
57 822
16 997
113 70
2 345
103 328
124 825
97 107
40 604
39 179
105 945
108 271
119 181
7 393
104 226
88 518
95 163
5 852
90 353
81 528
4 345
103 740
102 743
38 750
43 848
40 732
121 845
111 248
42 17
36 536
8 737
100 31
46 793
22 992
78 285
115 414
105 141
7 802
7 790
98 222
31 786
7 303
103 913
82 893
3 736
73 784
53 778
10 87
93 472
17 701
8 685
89 244
14 640
47 404
77 398
89 922
92 168
89 772
56 348
113 675
96 541
45 506
115 392
20 143
68 936
48 809
7 556
57 393
81 46
43 331
31 194
83 889
83 721
67 888
42 258
9 935
40 439
73 257
65 77
43 157
63 309
3 733
16 426
113 72
76 175
107 157
12 197
23 975
109 755
43 196
111 868
36 200
84 544
72 737
17 619
97 864
46 508
10 754
90 922
84 215
32 352
83 35
18 648
111 125
83 652
102 645
