100
4 360
24 707
5 477
11 110
18 116
16 110
2 67
15 659
9 992
2 223
9 39
24 370
24 431
13 717
18 583
23 86
25 65
2 266
2 104
7 470
17 415
21 171
10 413
4 319
10 731
8 155
19 487
15 303
10 765
3 75
2 655
20 209
15 742
13 536
24 907
7 306
13 459
25 208
5 86
11 656
2 660
1 314
17 267
12 712
25 439
25 936
6 278
22 364
25 486
11 572
12 815
2 106
25 489
9 596
13 847
22 741
4 800
24 115
11 123
13 566
5 141
14 313
13 906
20 524
4 906
25 190
4 667
12 844
20 103
25 408
5 261
12 893
25 912
3 955
3 827
23 763
25 680
2 654
23 423
10 15
23 123
8 920
8 794
20 489
6 933
1 474
15 170
19 256
9 2
15 627
7 435
11 279
3 727
19 914
16 185
10 87
24 92
22 992
18 98
14 630
