300
75 411
13 499
54 686
42 886
49 952
17 12
42 922
17 432
50 602
5 911
52 840
53 902
47 53
17 147
15 294
40 821
10 502
70 234
75 158
15 783
42 775
16 378
71 930
55 530
70 985
42 840
47 322
13 534
53 939
12 243
19 711
6 715
23 292
27 242
22 165
60 187
23 755
26 47
33 298
29 731
59 374
42 957
1 867
59 384
2 792
40 403
3 907
27 953
35 576
66 828
59 564
51 998
73 550
63 659
36 102
47 926
19 265
60 344
62 85
30 137
37 197
38 357
3 415
67 352
5 111
5 190
44 871
8 111
43 477
49 728
51 396
14 435
57 370
65 99
68 25
16 857
60 362
38 975
57 531
25 395
33 435
28 735
2 441
34 258
27 146
44 967
27 320
2 456
32 206
11 637
41 518
16 678
16 594
47 346
6 372
10 169
67 903
47 317
56 942
40 246
12 857
24 564
56 609
5 550
65 276
23 585
65 898
49 826
18 275
67 58
66 682
48 403
12 685
38 15
69 191
60 262
1 675
17 332
1 721
23 606
52 470
44 996
41 107
73 682
27 454
48 287
37 908
46 132
49 353
47 608
34 518
19 312
69 934
29 408
74 35
9 75
10 93
13 552
50 696
67 696
21 796
60 209
65 75
51 132
74 557
46 115
56 893
43 432
34 779
7 518
53 362
41 449
44 567
7 57
5 134
54 496
40 43
67 177
59 996
4 635
43 828
29 549
51 637
29 113
2 915
55 175
62 829
75 391
22 949
21 996
34 492
35 861
5 787
71 645
19 196
10 276
73 807
59 50
12 622
40 523
9 532
73 213
31 356
5 574
75 554
14 72
20 642
10 52
27 84
40 157
47 291
41 114
62 528
24 9
23 500
71 55
50 578
45 969
75 956
69 293
50 512
40 943
4 904
63 813
36 691
4 391
4 317
54 936
62 29
45 860
23 840
75 939
73 972
15 570
46 410
51 574
9 544
28 347
40 483
16 289
73 106
29 818
24 348
27 965
20 401
59 500
10 508
22 609
25 443
50 376
33 986
31 240
2 283
42 406
10 472
4 625
50 557
52 407
36 674
44 376
52 953
37 96
22 202
66 879
23 918
4 981
10 956
28 889
46 680
24 545
32 831
62 875
52 676
50 129
72 952
13 574
74 420
18 598
42 926
67 1
75 523
65 359
4 649
64 824
41 568
18 243
63 291
10 758
54 285
45 953
56 294
61 126
42 915
23 538
13 801
15 687
31 761
65 583
24 617
53 177
32 116
35 108
66 840
67 112
73 104
12 519
5 490
31 487
25 311
68 988
62 644
55 77
43 983
23 611
26 485
34 649
74 612
52 908
20 514
39 463
