500
97 568
38 121
43 600
111 689
3 561
56 109
7 334
22 324
85 147
16 492
122 942
68 608
84 664
24 330
97 84
84 803
94 812
28 643
7 275
102 541
12 213
41 310
66 625
112 396
103 759
110 971
69 137
102 513
109 579
38 48
4 189
97 975
25 923
95 171
8 297
111 230
65 494
36 83
62 234
44 830
3 909
46 180
79 699
54 419
58 56
114 653
49 863
42 877
13 302
5 605
84 540
43 270
93 259
90 504
53 229
38 215
19 425
100 187
117 492
106 995
65 352
66 112
73 991
87 3
81 190
39 40
51 125
51 355
70 458
47 741
64 520
103 571
52 127
23 565
1 518
48 204
90 901
47 234
26 659
19 343
14 2
33 986
86 278
82 760
56 941
26 331
55 348
28 962
28 331
35 550
110 945
77 497
115 143
44 827
14 134
35 73
71 455
85 147
109 165
1 550
32 458
79 957
51 717
105 194
78 267
2 260
108 151
109 965
36 340
106 48
2 721
45 554
89 954
13 540
95 342
37 482
78 231
31 977
93 140
65 498
110 602
122 114
59 321
63 117
95 946
115 629
2 81
78 419
38 844
48 613
59 128
118 535
46 266
60 220
63 168
48 688
91 470
107 335
37 77
11 319
51 894
67 8
107 997
88 800
120 574
41 917
8 574
78 648
74 70
40 831
5 382
75 203
2 933
33 410
89 957
45 295
46 117
89 361
110 70
10 174
122 240
27 982
26 730
27 75
103 691
65 761
28 787
106 434
66 705
32 150
104 298
65 408
6 744
52 96
82 530
112 720
70 354
44 887
9 1
21 335
111 841
39 279
69 358
80 556
24 220
9 860
9 869
75 992
22 14
75 459
14 615
89 534
93 572
41 1
35 623
74 334
35 73
67 193
5 620
49 210
40 867
71 234
46 335
108 730
23 186
80 520
43 86
47 179
68 669
58 747
119 915
8 789
18 237
38 73
1 540
12 196
85 56
8 657
14 351
39 895
60 929
1 966
52 971
118 344
58 725
16 543
102 59
55 2
38 490
97 612
75 24
111 212
21 105
44 950
121 465
90 46
10 503
69 392
10 332
84 791
112 200
116 738
18 628
10 58
98 126
120 983
56 615
106 714
77 918
93 515
121 919
8 73
95 496
97 170
72 407
21 791
117 72
35 794
70 702
91 65
101 489
29 153
11 852
33 726
34 198
85 47
102 188
27 638
79 969
11 73
94 534
45 364
42 486
53 903
116 944
54 768
39 474
49 368
31 757
73 567
82 687
96 723
70 537
78 732
45 724
21 267
21 832
30 125
45 905
86 751
47 860
62 491
122 204
90 658
66 711
6 532
94 258
106 243
25 547
102 516
44 827
9 223
28 43
116 583
101 621
80 380
111 741
108 335
15 549
84 614
65 354
71 273
112 199
37 900
113 924
96 889
45 197
32 184
59 820
9 950
43 45
114 718
115 601
113 909
4 415
117 987
95 92
47 626
26 996
8 294
41 288
12 420
121 238
94 781
62 397
90 138
97 651
4 293
87 879
57 732
40 264
37 994
33 88
61 274
65 409
92 729
115 297
102 464
90 260
72 979
49 825
32 520
65 130
122 602
117 79
52 581
34 861
64 630
117 854
33 668
9 346
103 372
57 658
119 968
33 421
76 489
44 223
65 800
61 280
56 118
29 760
84 857
60 992
61 491
116 255
114 104
87 577
12 34
71 780
103 560
99 415
123 645
7 817
26 765
99 92
99 781
61 747
53 281
55 750
66 558
125 232
3 625
45 110
109 182
19 405
28 352
13 593
3 811
30 479
38 923
43 609
28 238
64 650
103 44
34 61
12 321
82 238
35 954
110 844
19 672
13 902
47 644
119 328
8 866
32 654
117 341
98 114
5 185
98 825
16 256
22 521
51 476
24 998
106 779
84 143
105 181
35 559
48 640
14 87
16 658
15 729
61 794
109 671
76 588
120 770
70 513
115 947
120 64
108 532
5 891
14 736
64 461
83 387
33 37
71 722
78 275
80 345
19 42
20 737
102 895
105 53
88 286
63 955
34 305
13 104
85 631
47 691
15 81
2 126
81 520
73 562
10 167
33 911
19 663
74 606
54 82
57 575
57 764
65 559
39 201
64 472
81 532
55 426
62 317
71 195
19 937
119 724
63 815
5 609
87 150
43 802
111 397
26 445
19 951
5 265
82 631
3 223
101 147
30 912
102 739
27 942
106 803
105 433
120 52
80 86
96 39
64 412
118 826
93 411
3 461
