200
15 584
22 576
13 708
14 618
25 490
29 915
31 596
14 687
13 790
49 510
42 908
15 388
6 266
43 22
27 345
13 144
50 535
9 956
26 875
18 714
37 834
24 961
30 477
15 637
48 22
49 419
46 365
34 619
34 893
21 903
50 545
25 991
46 306
16 385
42 397
14 331
42 441
5 347
34 755
24 397
29 603
15 898
35 842
28 677
3 86
27 20
19 316
2 231
13 421
2 472
2 262
49 689
24 349
16 941
45 550
50 799
38 531
22 417
25 164
5 636
11 192
20 461
8 616
11 809
9 668
30 461
29 381
41 799
1 383
47 452
4 923
40 770
9 972
39 117
10 294
2 892
26 863
40 990
42 522
44 545
29 884
47 921
19 952
27 616
48 859
3 698
7 383
25 155
46 695
32 836
8 483
25 906
9 584
2 124
4 876
31 113
7 201
37 479
32 662
44 431
23 460
7 216
29 108
45 427
35 441
23 68
18 354
13 895
19 634
50 414
42 716
36 780
30 309
5 141
17 400
13 898
45 356
49 715
8 404
5 737
31 182
38 848
28 681
40 267
44 661
9 602
26 744
49 679
41 29
44 364
40 953
34 21
42 887
47 432
1 19
36 781
47 479
27 997
23 611
30 268
26 166
4 203
13 702
32 36
45 618
41 129
32 311
36 815
25 128
43 310
38 754
34 640
5 57
40 612
23 172
5 471
23 459
35 497
44 396
45 300
28 803
30 434
19 368
38 81
1 559
16 448
37 409
36 122
31 684
43 603
17 165
6 878
46 164
36 814
1 41
45 172
6 957
35 383
22 968
36 754
5 482
7 204
32 449
38 156
3 565
22 970
44 406
42 537
37 697
5 264
4 210
37 13
26 152
3 342
20 874
28 293
29 390
7 126
41 585
20 908
