700
11 305
73 357
158 205
67 558
34 499
82 915
7 173
91 656
150 891
88 122
85 394
11 484
127 681
42 913
136 964
165 730
108 281
58 725
72 437
48 860
6 204
35 90
107 598
133 291
124 143
30 855
80 360
142 70
17 498
43 155
30 543
37 900
17 404
61 64
38 399
115 810
54 355
137 847
30 820
129 873
37 312
80 797
132 765
18 548
39 616
126 393
122 377
55 600
63 720
16 437
149 184
173 565
147 568
46 407
74 172
134 573
9 882
68 525
164 653
1 969
173 644
115 35
164 371
124 339
42 825
147 205
6 449
123 315
35 982
7 125
59 986
66 538
149 824
14 326
67 65
118 409
23 107
90 318
161 53
152 388
36 234
159 172
123 550
5 171
39 744
33 52
114 386
1 773
76 406
105 811
18 724
73 666
92 91
97 210
125 101
22 194
33 416
166 774
61 886
139 957
91 243
10 424
10 211
99 330
168 422
72 454
144 983
112 175
7 740
90 588
142 665
93 67
140 175
64 368
162 141
130 53
67 161
92 574
52 641
112 978
26 451
174 971
24 473
163 635
42 118
168 33
135 429
165 825
111 25
40 598
171 38
50 729
120 427
62 289
139 943
156 26
24 315
81 169
21 678
48 321
20 519
137 787
167 468
141 682
106 954
88 787
102 581
103 751
31 984
28 19
3 436
8 89
96 597
38 230
13 109
151 52
142 315
81 760
71 697
69 63
150 842
68 500
156 588
112 233
2 99
102 763
34 541
124 795
75 564
105 346
137 116
43 761
75 26
29 152
64 594
121 365
136 515
143 642
4 208
139 67
24 383
43 455
149 843
76 498
46 801
147 623
154 899
87 477
58 331
124 885
89 613
159 593
134 156
128 726
102 114
4 553
172 856
78 602
75 842
66 166
174 357
120 228
73 831
140 130
39 289
98 332
23 817
95 436
138 820
33 961
120 230
120 746
40 331
2 508
102 34
131 655
46 199
92 794
100 164
28 194
76 581
75 479
68 412
92 992
171 859
144 394
58 721
146 313
171 379
68 993
49 357
28 174
175 328
9 950
58 557
89 430
29 930
31 985
91 991
73 279
164 915
122 766
129 3
133 825
37 860
30 156
158 681
55 63
99 829
120 471
140 966
155 713
5 143
17 965
161 311
1 340
135 522
133 236
167 867
87 825
146 715
33 907
54 773
146 18
15 101
53 73
69 151
111 33
45 179
118 762
149 752
48 564
30 323
67 171
42 760
40 467
126 485
43 913
49 552
31 999
171 781
163 733
109 521
174 764
128 972
92 729
170 81
88 978
120 982
168 403
137 346
161 292
82 161
144 262
12 625
124 629
138 743
16 306
139 179
30 129
131 262
137 121
51 34
116 45
96 125
168 369
94 603
40 986
128 90
3 839
77 835
173 633
22 457
34 852
86 300
174 101
46 525
100 390
21 836
155 493
83 455
109 551
126 817
26 480
129 807
100 617
13 228
114 595
161 587
44 134
138 51
121 664
118 873
105 215
101 322
170 381
96 794
62 975
98 853
40 137
156 271
1 480
100 476
26 5
142 168
116 981
114 649
18 327
160 803
159 496
56 229
103 58
149 233
34 327
132 115
106 562
142 687
91 638
54 180
42 153
29 596
96 179
60 384
162 760
119 634
149 646
53 893
121 627
138 395
142 521
136 805
145 982
159 250
41 784
67 102
36 226
159 886
126 898
5 37
4 775
101 813
96 72
103 900
17 26
72 272
1 724
44 409
154 784
77 875
94 676
137 619
5 949
55 806
27 245
151 349
124 307
167 939
32 830
141 44
42 91
158 816
111 688
145 644
100 828
123 354
23 113
111 235
170 401
1 413
134 163
168 554
90 874
44 980
33 177
91 201
10 954
152 438
32 953
81 958
81 404
144 798
59 400
93 534
124 125
126 976
166 293
47 266
66 8
136 378
131 477
75 350
48 304
167 108
2 506
52 470
39 438
147 838
62 591
6 4
96 877
23 54
141 601
22 918
74 511
57 215
137 299
129 99
128 872
157 256
119 294
167 250
122 4
27 423
128 686
38 823
90 714
147 471
120 699
94 441
87 222
168 386
71 605
66 662
68 915
49 274
91 195
108 279
100 656
27 505
15 561
91 564
109 18
13 264
174 234
171 448
132 570
73 454
100 858
165 750
54 690
127 911
166 307
20 743
30 960
101 517
80 949
64 218
54 374
61 187
56 137
70 982
19 240
159 220
9 224
10 434
28 539
106 61
154 336
123 169
36 803
21 126
16 875
173 258
139 68
21 876
112 792
135 227
4 824
173 352
136 65
102 420
41 103
4 997
166 839
163 152
131 376
33 671
143 17
154 847
99 538
42 192
50 687
108 348
46 848
169 988
35 23
14 445
123 458
110 659
112 479
77 47
140 276
88 50
67 821
27 88
62 715
86 229
25 570
97 353
21 723
120 622
74 280
23 727
97 505
135 535
148 810
1 310
38 743
166 144
135 102
158 428
16 799
151 639
115 726
168 543
162 47
113 369
36 332
62 732
87 679
127 498
152 342
128 156
97 530
97 357
78 905
121 951
110 840
42 522
115 466
151 860
138 61
9 779
91 88
107 202
10 389
112 479
104 198
71 535
146 925
80 392
100 838
14 864
159 779
90 744
146 382
73 946
117 852
135 945
5 339
76 510
39 855
92 198
31 928
94 199
121 278
19 579
170 159
151 106
98 658
55 251
160 283
112 134
117 359
80 313
109 281
10 709
86 929
140 287
39 497
79 136
71 984
59 295
155 705
100 478
140 206
122 280
89 176
3 748
130 215
132 84
51 696
62 335
147 799
122 830
68 143
131 546
60 221
108 446
90 416
132 666
82 939
15 715
60 874
75 197
152 539
5 540
133 843
153 888
88 977
159 554
74 392
75 408
90 600
38 663
26 741
109 356
87 159
169 612
57 772
113 813
117 482
146 309
4 481
71 510
51 535
31 596
16 442
131 481
110 518
158 257
99 737
69 137
50 649
27 132
72 892
125 912
153 674
167 885
65 139
169 558
95 495
146 138
141 250
117 892
49 437
151 974
149 204
124 775
26 831
156 331
85 281
48 755
154 718
25 612
170 455
137 877
64 859
159 731
127 861
170 867
118 627
70 411
131 590
68 679
162 437
121 893
7 577
148 478
119 838
