700
174 567
163 135
144 39
39 363
95 194
169 198
157 963
29 316
123 274
11 688
161 82
5 131
89 4
164 11
137 104
25 46
130 777
20 627
172 999
115 678
110 227
79 920
160 826
63 894
55 346
108 102
152 713
100 553
58 515
75 442
18 48
25 703
18 381
145 637
139 368
55 338
37 730
163 316
52 255
153 343
105 71
118 954
21 285
95 1000
108 425
76 728
169 55
26 50
156 769
122 867
7 911
5 457
29 78
65 84
17 211
107 328
172 475
147 135
82 934
19 394
16 478
62 227
38 534
147 143
136 149
63 294
155 270
115 896
83 492
65 316
39 405
35 658
57 164
72 353
96 506
27 353
89 1000
100 89
159 786
145 283
110 963
124 218
80 433
119 653
13 148
30 694
168 266
5 379
23 956
167 617
41 386
135 705
27 228
93 111
132 402
106 950
94 999
147 775
20 435
130 491
113 817
24 498
172 204
10 90
108 216
35 348
89 742
85 687
8 545
81 981
47 798
125 267
65 114
76 900
83 489
141 873
15 685
94 120
96 679
76 720
113 706
54 669
150 662
39 468
9 842
47 666
89 998
132 596
48 349
30 671
159 947
41 984
126 774
92 601
147 735
109 405
128 295
100 336
92 526
106 674
12 850
77 229
127 588
87 687
156 786
173 950
146 617
162 20
3 623
171 335
73 784
66 495
94 922
123 28
113 590
166 454
28 905
139 483
173 761
55 957
47 533
161 755
48 384
26 173
3 507
45 65
92 879
145 406
169 51
99 76
82 954
155 752
27 169
156 617
60 818
98 936
116 922
2 743
148 734
102 854
163 220
8 417
15 991
72 232
95 227
155 437
25 869
10 543
150 651
48 253
126 85
95 828
149 722
166 254
132 738
83 203
161 518
3 845
46 104
35 653
162 378
28 533
32 286
136 994
85 928
126 389
171 936
159 344
117 917
4 48
27 709
55 355
139 456
83 18
38 591
2 511
103 772
56 851
38 7
120 794
29 953
106 127
21 456
29 701
12 713
138 680
143 190
108 492
36 491
105 885
17 268
128 819
160 555
44 189
112 390
120 199
85 816
94 844
114 37
8 539
146 849
166 451
99 756
61 624
120 777
105 264
144 64
96 359
156 162
139 435
66 942
14 826
88 472
146 612
3 509
85 959
119 811
86 255
149 268
56 648
11 976
99 853
40 375
153 700
96 653
47 548
5 371
106 406
152 904
170 555
66 24
142 628
10 95
66 496
93 332
125 347
170 449
138 593
138 182
50 591
175 268
74 104
105 899
39 468
95 239
151 975
106 185
67 884
4 889
143 802
96 295
7 472
155 793
136 496
112 140
100 563
84 198
66 707
102 915
13 368
25 172
122 927
36 78
65 681
95 248
157 556
147 759
68 479
54 968
102 6
122 538
91 643
42 456
65 763
109 29
19 966
126 444
147 94
151 390
24 270
86 678
88 938
46 671
173 707
20 803
140 475
5 7
95 589
111 789
67 563
117 50
90 794
37 524
18 750
112 87
57 585
161 346
128 304
106 552
84 235
70 416
75 788
129 376
156 680
89 780
51 494
20 613
87 985
127 413
11 781
73 241
14 787
36 39
34 214
137 783
119 157
52 912
91 164
171 992
103 699
34 602
110 338
28 959
20 792
97 279
121 294
50 6
167 958
25 547
92 471
134 408
50 799
33 473
43 472
68 658
4 838
95 880
161 221
52 140
126 396
138 174
151 428
142 283
61 270
173 303
147 55
12 859
104 425
9 536
147 486
64 378
137 598
131 138
164 7
65 159
16 324
153 904
23 140
5 330
123 123
122 345
174 776
24 396
115 68
70 222
38 60
162 900
145 916
91 453
154 296
51 818
69 324
89 350
59 866
19 588
83 356
49 666
120 295
145 411
37 467
73 711
165 472
74 910
69 577
60 5
173 422
71 644
53 954
175 341
157 954
39 179
102 233
142 549
147 346
37 537
169 676
96 771
146 136
131 267
51 130
20 623
154 964
174 112
174 935
147 562
156 485
137 233
4 79
17 779
99 475
157 911
164 784
48 927
136 115
150 884
103 893
97 88
107 843
93 48
128 220
71 878
166 375
75 275
95 218
122 729
102 172
78 44
128 953
95 446
147 697
117 706
2 847
65 693
96 759
104 754
64 101
158 532
11 601
101 287
3 923
39 953
27 267
106 44
108 9
116 560
103 818
71 572
47 310
114 688
132 955
41 808
83 758
57 52
143 328
93 248
10 225
10 924
137 991
103 246
11 790
116 861
50 925
132 366
124 617
123 137
163 742
36 510
59 946
60 395
71 422
76 607
25 60
167 417
29 508
23 975
107 857
77 356
169 178
138 553
44 433
34 575
41 158
90 499
112 958
145 14
31 592
66 758
38 528
133 471
83 974
25 91
23 530
16 929
104 35
28 154
97 29
84 370
37 603
81 332
119 650
9 244
76 778
86 544
21 700
110 271
97 188
100 51
47 920
152 597
30 237
117 391
120 679
1 853
116 274
111 624
149 34
44 691
13 553
151 211
123 296
34 638
23 636
14 402
149 37
141 782
46 359
142 700
151 347
148 668
133 759
151 168
126 892
87 141
48 926
107 82
112 586
172 919
171 563
87 371
25 223
112 912
80 898
99 529
16 692
35 785
174 678
25 31
164 726
7 861
91 509
170 37
32 754
43 219
98 52
65 330
152 717
160 757
140 316
107 274
157 889
3 318
10 530
71 467
96 781
51 720
6 301
129 901
169 41
60 804
150 68
59 232
29 231
159 444
98 197
70 280
92 834
148 563
43 436
81 447
154 395
122 130
45 606
150 382
91 251
23 69
126 995
103 474
156 724
125 553
167 514
123 268
85 465
154 473
137 465
56 27
111 586
91 489
171 679
3 233
56 151
130 635
133 763
144 138
168 766
137 664
14 55
128 526
1 898
11 246
88 546
156 853
149 239
146 293
23 177
71 106
148 122
160 252
78 158
38 668
62 171
150 426
148 434
154 468
16 147
99 101
78 2
34 69
21 94
168 41
128 393
162 154
130 929
82 444
147 303
143 809
39 823
131 139
74 864
56 740
125 919
97 779
98 640
140 14
51 928
97 347
29 794
100 206
65 28
138 659
34 297
26 715
151 240
49 859
68 695
70 858
84 644
68 275
62 59
117 798
158 541
