500
54 932
66 808
65 82
61 624
15 781
121 673
87 943
91 158
66 740
18 884
69 954
122 431
102 147
56 609
18 672
15 944
19 130
81 173
37 264
62 545
7 195
109 529
108 945
64 930
52 726
15 215
76 462
107 30
54 191
80 32
1 504
2 334
31 473
109 745
78 563
99 762
97 998
125 408
69 815
113 196
25 966
123 201
101 50
30 108
45 698
70 716
117 169
60 609
101 59
23 262
59 374
31 130
49 17
53 81
80 38
84 743
93 74
8 468
12 563
58 14
70 931
20 219
61 323
118 447
107 33
98 275
52 900
48 228
59 656
83 494
39 666
16 831
6 652
106 687
30 667
5 885
58 133
19 49
53 233
83 892
52 814
27 889
24 403
89 855
10 304
52 692
124 761
36 248
91 672
89 781
74 993
25 675
108 743
102 834
62 292
122 937
7 681
73 187
1 24
56 404
36 927
27 376
28 536
52 179
102 67
39 337
2 795
60 197
11 128
50 90
55 979
54 74
90 344
109 565
92 293
50 166
1 23
12 403
71 984
107 170
42 122
45 217
57 502
94 578
88 16
12 649
74 431
15 978
76 127
112 917
13 851
83 837
30 89
57 756
80 284
36 722
12 382
81 67
89 570
33 728
88 62
49 502
87 838
21 962
96 555
91 237
66 735
97 997
7 996
40 349
4 261
6 87
27 258
89 117
7 538
52 495
109 993
106 926
22 283
120 520
53 66
98 653
84 743
43 995
78 939
59 705
43 878
98 757
85 824
2 36
47 933
40 693
76 324
43 278
65 340
7 539
84 170
69 152
123 717
56 324
78 144
95 134
74 194
122 234
9 825
58 611
67 331
116 643
3 862
55 313
1 615
80 466
75 616
54 867
124 331
61 872
42 610
2 38
19 187
36 248
83 591
46 613
4 330
49 517
117 465
71 36
115 161
19 458
64 761
15 969
118 457
74 90
84 184
77 820
13 138
124 857
20 443
9 654
70 862
29 246
31 868
4 493
30 293
67 145
42 43
85 538
7 180
95 117
58 173
67 645
42 106
44 517
95 841
7 994
109 815
45 986
97 674
87 35
51 905
58 523
51 229
9 368
13 584
46 523
66 811
46 148
48 325
109 801
46 165
77 14
55 68
19 683
34 599
19 986
77 330
60 582
36 250
2 88
71 231
86 353
6 518
86 548
38 392
104 796
54 473
8 583
56 614
32 374
87 984
117 582
101 124
68 440
2 237
29 547
69 874
6 376
106 669
81 807
52 25
76 174
87 312
15 793
3 804
21 517
16 699
71 4
81 897
23 312
63 822
62 311
8 845
16 40
69 739
90 939
71 671
85 104
73 626
82 147
2 8
25 616
46 506
106 35
34 239
6 14
47 821
80 1
76 753
109 214
125 555
5 669
4 254
13 460
13 833
17 394
50 431
91 826
23 774
81 228
32 808
44 971
76 161
9 964
5 693
65 210
71 812
73 630
51 46
34 275
82 303
91 400
44 507
89 424
71 882
106 91
98 889
43 233
33 402
34 843
19 420
4 512
76 697
34 846
34 892
97 145
6 259
114 975
125 733
37 995
54 852
83 174
6 233
92 120
65 752
58 256
17 13
50 430
76 985
118 304
99 644
88 497
35 372
3 39
120 342
90 904
71 236
4 45
70 109
91 501
65 796
107 796
111 496
19 464
108 375
107 754
109 613
78 528
113 149
21 771
110 243
86 574
12 727
24 886
86 803
108 411
101 57
4 682
93 408
98 953
66 286
122 813
15 645
82 421
96 660
50 928
12 195
28 438
38 175
50 813
63 884
25 865
44 285
60 938
40 389
116 680
51 135
28 761
119 16
40 463
26 605
71 389
97 502
27 359
16 347
124 76
12 813
90 391
38 663
80 529
7 812
27 584
10 638
63 353
92 342
74 933
77 793
54 665
8 294
38 328
116 642
6 683
125 999
98 248
87 878
11 413
100 308
45 465
77 395
5 457
69 960
116 373
48 105
71 405
41 140
76 337
33 792
73 299
46 144
102 177
91 586
7 304
110 726
65 504
26 640
57 344
63 942
65 921
40 793
19 400
76 425
106 953
11 824
35 164
47 837
4 528
31 262
75 480
41 397
17 948
24 324
118 350
108 344
38 18
39 318
46 129
87 849
85 36
50 36
40 91
41 224
113 278
94 492
67 437
54 179
68 605
74 775
85 840
94 973
90 721
119 198
66 613
17 986
2 891
13 428
75 492
13 333
12 631
64 513
110 392
105 279
12 880
