100
1 235
6 249
23 229
1 342
2 103
6 706
11 297
12 953
13 23
13 991
11 974
11 967
15 662
15 313
14 12
24 698
2 116
11 393
5 429
25 207
22 427
17 243
8 243
22 374
16 542
19 728
13 372
9 764
10 679
3 180
22 284
18 920
8 44
19 659
19 1
22 538
21 769
12 246
20 205
16 568
7 80
17 663
4 294
19 888
16 988
18 155
6 616
20 323
15 617
24 505
10 681
10 423
1 1
22 633
7 308
4 67
23 688
22 956
16 493
17 417
10 949
16 619
12 882
12 346
10 507
10 767
20 721
7 251
6 671
8 282
24 225
14 931
15 47
2 799
20 956
8 718
1 527
19 757
19 389
3 265
10 665
8 176
8 155
20 319
10 954
19 246
13 822
21 600
19 617
16 593
13 344
21 266
3 258
20 245
23 803
14 111
4 710
17 921
3 313
16 569
