800
129 672
102 611
33 792
108 155
152 614
6 780
156 597
9 914
59 517
90 138
89 517
146 153
118 906
176 838
146 221
161 771
102 775
88 664
163 539
4 922
101 204
54 541
54 768
185 23
96 404
9 380
49 641
139 754
65 661
111 108
38 800
47 636
198 876
64 269
5 493
59 774
97 318
180 369
8 365
147 437
10 414
134 766
125 856
131 8
116 466
119 541
78 889
81 785
50 66
54 34
93 892
124 655
89 648
92 180
17 911
194 352
182 149
134 637
67 132
145 297
130 706
156 322
182 767
116 307
31 884
198 324
164 864
65 203
9 578
18 640
176 30
158 53
56 539
194 674
53 236
76 980
54 539
42 349
195 802
183 173
144 300
114 653
38 550
12 456
65 587
85 45
112 329
85 990
129 120
161 372
142 115
112 66
20 555
109 902
122 81
188 969
100 235
191 56
16 544
199 71
104 218
16 507
26 830
35 331
84 687
42 986
147 101
138 409
168 859
71 54
128 597
50 304
52 336
124 642
132 676
82 66
123 744
36 858
36 935
26 831
183 526
178 887
129 462
30 657
184 700
35 504
151 424
1 780
190 264
18 749
199 461
106 567
115 248
119 544
22 870
64 131
162 321
57 915
5 542
186 648
39 303
45 717
172 477
67 823
7 856
191 70
10 868
105 447
70 81
47 20
181 800
177 863
197 48
190 281
40 47
188 256
73 113
42 434
171 281
52 424
39 921
8 101
62 748
109 598
86 384
131 313
7 784
164 778
137 721
107 864
7 961
155 221
196 639
190 520
77 292
172 27
116 673
197 298
160 65
71 948
176 570
40 508
132 600
10 624
194 756
188 247
84 75
31 585
147 456
51 725
49 51
4 975
14 803
147 817
15 566
1 226
155 189
102 377
47 2
103 204
59 473
91 774
118 757
24 839
177 773
5 103
144 245
101 565
86 678
64 212
6 974
54 78
54 548
170 522
134 628
72 519
172 359
169 395
139 503
194 556
36 668
3 138
15 491
4 116
109 768
136 748
41 310
118 292
48 190
76 234
142 473
54 476
15 875
48 980
190 301
97 410
137 237
156 586
185 611
79 475
3 393
184 479
7 257
12 670
57 934
136 966
8 99
158 898
130 454
69 975
57 590
156 469
116 303
98 729
86 613
199 648
185 325
50 426
111 604
139 535
4 292
191 328
103 629
101 543
112 913
51 469
152 157
21 612
122 794
94 402
182 827
177 950
62 345
50 76
10 612
165 320
77 673
147 14
41 846
102 964
135 186
101 852
115 783
28 621
176 857
84 919
113 438
14 792
3 641
53 761
169 385
180 660
127 382
87 541
184 516
42 431
144 515
19 415
103 335
131 378
133 883
112 874
22 864
129 100
151 511
112 470
168 151
135 853
172 746
97 901
91 752
31 872
103 777
47 249
159 283
20 644
199 287
150 471
188 36
116 42
184 100
79 547
3 988
170 210
94 114
163 206
72 366
65 768
178 735
85 713
149 27
68 78
121 808
69 240
19 741
142 922
114 156
194 111
81 471
80 175
27 825
76 146
181 645
58 693
183 345
110 384
200 831
48 967
39 674
135 397
70 852
157 910
152 847
3 555
63 580
104 299
98 830
119 661
10 845
29 462
86 501
109 425
142 285
65 630
35 13
110 691
171 482
4 156
89 27
67 303
102 823
86 829
120 930
116 4
154 370
60 423
40 549
34 838
173 167
124 787
92 869
61 401
184 517
132 573
97 383
75 929
108 672
143 994
101 309
42 366
155 759
155 113
175 471
148 384
190 789
101 228
126 429
24 293
31 52
79 520
64 619
190 212
115 398
102 565
158 782
100 733
139 297
168 65
174 706
162 46
69 218
75 259
178 444
107 928
13 11
49 203
129 118
181 310
88 839
3 628
32 339
30 728
38 498
185 971
86 626
20 745
130 963
145 822
84 573
128 975
75 585
148 64
187 812
65 686
148 626
154 930
130 275
163 122
151 238
51 349
81 494
41 311
134 884
98 196
63 702
5 370
197 85
162 371
199 905
46 837
107 503
183 990
26 723
158 250
23 277
36 232
80 636
125 791
151 910
136 144
125 666
164 63
20 698
172 887
30 613
24 898
45 951
163 576
106 917
42 528
51 220
49 222
147 375
172 360
13 203
61 257
10 438
83 154
109 309
173 627
95 488
72 794
150 248
153 202
145 936
49 719
95 276
188 308
49 757
17 995
150 244
44 58
95 785
22 408
148 914
161 612
22 949
1 287
39 519
85 677
60 690
34 947
164 313
73 521
115 548
87 307
117 729
80 422
150 197
122 773
74 501
92 62
169 650
129 367
96 837
64 915
161 491
97 798
55 743
23 902
142 136
27 910
84 109
93 852
165 831
153 221
6 463
148 564
197 559
167 699
178 910
116 211
11 391
113 392
41 787
36 253
116 870
151 586
189 441
75 25
58 313
181 141
186 999
200 369
185 251
140 175
1 55
21 277
124 866
127 638
110 453
19 714
99 69
123 178
87 24
19 71
59 603
101 288
144 690
166 751
154 193
28 791
169 722
74 619
37 781
129 981
10 541
183 126
156 12
193 366
47 570
22 334
73 438
174 644
45 375
151 91
2 413
200 334
123 911
93 423
123 923
126 646
192 404
6 220
11 816
77 234
84 372
16 156
132 584
9 231
118 855
40 889
191 534
140 346
81 701
55 791
20 628
15 874
110 645
134 599
163 791
199 543
13 857
169 35
50 303
129 687
137 441
127 993
86 165
84 326
80 492
134 510
149 348
194 421
198 285
103 766
76 959
187 263
20 22
118 772
152 474
30 388
18 224
59 226
61 757
85 576
65 107
75 651
197 953
109 784
147 9
1 227
105 988
111 592
72 492
168 818
51 484
154 610
86 482
187 192
114 440
9 454
82 726
13 556
108 543
24 160
38 119
8 977
85 567
46 519
1 556
18 10
70 297
144 115
75 159
89 240
153 772
133 657
35 997
185 653
197 774
151 934
4 760
50 711
23 217
30 68
199 48
38 160
177 194
175 93
80 181
116 345
89 955
44 631
157 298
110 9
15 6
104 341
114 834
177 743
11 760
139 694
95 429
124 652
5 902
117 834
159 942
185 262
99 702
19 537
145 231
14 419
116 581
132 998
181 915
102 375
58 818
89 858
18 237
155 870
69 460
181 588
134 379
126 60
132 132
152 281
107 159
83 793
116 932
177 905
35 175
83 881
6 575
37 851
145 771
53 810
100 764
68 417
191 979
65 823
11 386
115 70
18 3
50 474
141 367
48 90
36 914
9 574
38 185
77 893
18 806
30 580
200 485
128 3
67 868
12 314
72 567
77 820
48 534
136 945
72 167
164 515
4 898
96 113
1 573
128 943
148 47
97 506
81 286
131 895
121 185
62 291
123 596
152 642
130 635
33 457
40 575
155 22
37 773
189 910
106 649
134 203
124 158
89 290
137 65
50 922
167 883
165 187
40 278
84 113
187 198
72 153
164 603
146 991
171 142
86 488
50 352
121 420
42 609
153 774
130 965
3 354
164 539
123 390
192 152
65 468
21 26
11 870
113 803
109 276
105 102
118 892
99 236
144 694
39 4
51 790
145 43
13 305
32 982
128 202
