800
98 760
193 638
20 670
77 628
180 427
159 232
64 489
35 997
141 461
166 134
187 9
8 545
22 527
109 331
131 635
175 546
178 854
164 108
82 536
34 693
70 698
166 780
54 927
32 87
141 112
20 151
95 183
125 979
107 234
163 435
125 15
171 612
134 190
121 920
180 294
62 537
130 516
175 580
90 317
34 985
3 395
85 925
186 73
132 894
111 505
44 705
126 311
39 97
168 296
144 795
74 686
172 9
142 759
104 779
104 981
177 445
149 32
55 185
199 374
70 290
73 981
106 138
178 506
190 974
69 787
48 176
33 978
16 350
41 374
13 105
64 323
173 493
148 944
74 764
27 45
145 725
198 113
102 96
185 368
68 26
98 882
124 285
100 423
119 495
146 769
19 109
140 123
194 945
111 935
72 570
172 680
97 651
146 334
17 571
78 581
199 675
154 370
200 755
89 936
4 749
64 881
64 69
173 134
6 995
88 775
65 151
109 110
114 455
55 749
125 508
65 720
35 528
69 267
155 81
29 156
26 615
112 402
98 246
105 79
153 50
57 482
95 205
134 638
115 223
164 553
4 871
20 792
112 752
185 671
7 398
103 65
114 134
191 713
28 644
173 225
153 397
143 154
65 653
50 133
180 17
18 704
132 409
179 791
189 215
54 876
1 152
86 806
66 102
80 232
129 541
87 169
62 905
186 580
98 296
113 517
7 516
200 561
90 854
182 694
138 997
89 944
64 940
164 903
26 638
107 76
9 490
72 804
88 726
98 151
29 681
106 276
53 952
29 586
132 944
21 168
66 543
90 377
153 366
103 56
144 445
7 787
96 824
148 170
181 310
29 659
29 487
196 337
160 58
110 820
64 990
166 61
89 565
13 663
197 983
90 622
64 591
42 451
123 737
48 789
61 440
159 518
3 992
111 300
149 653
11 500
132 323
58 862
193 875
9 805
66 755
54 284
178 273
188 905
161 230
156 258
1 699
99 715
164 851
42 848
1 792
101 99
186 308
182 556
43 79
103 926
7 769
163 868
189 290
162 433
48 586
7 1000
161 21
158 52
39 468
150 784
100 716
167 441
13 978
88 574
66 210
183 668
100 361
111 845
99 992
34 273
42 338
28 733
186 111
135 565
111 390
62 380
139 568
114 362
2 543
153 708
164 243
90 13
156 269
36 14
167 264
142 537
198 512
123 239
77 489
82 403
182 968
111 979
199 176
198 774
41 264
55 725
80 451
152 464
33 870
200 487
112 195
164 253
145 77
81 894
116 680
81 240
169 605
25 958
142 665
115 505
155 557
62 983
47 609
101 345
65 885
171 555
54 706
134 50
162 983
79 64
90 920
159 548
169 339
48 929
163 896
9 975
72 998
182 954
101 740
22 190
75 325
77 313
192 801
188 183
129 288
161 117
69 246
21 757
166 432
152 375
67 822
187 281
154 98
44 105
173 865
82 603
152 744
84 573
171 555
132 705
121 143
100 745
165 750
191 716
26 850
55 795
182 842
178 276
83 733
19 704
200 72
149 534
107 355
89 7
81 935
25 786
187 586
81 196
48 934
160 112
17 148
135 32
113 351
98 434
25 977
49 673
99 377
83 515
24 259
80 854
87 536
28 433
192 796
56 58
165 308
59 867
42 398
70 553
164 13
12 434
123 569
122 72
157 875
123 782
14 151
47 622
103 785
165 2
167 387
154 878
54 179
73 574
12 114
90 619
187 870
31 757
26 14
117 310
70 51
191 526
161 175
137 921
52 473
36 21
134 127
59 49
138 268
77 40
98 724
180 652
86 744
86 129
7 852
27 946
200 61
77 132
195 933
121 758
31 673
144 893
130 331
101 142
158 548
81 958
173 944
200 11
67 910
24 432
194 764
97 155
194 119
26 821
74 512
136 764
61 416
190 343
116 259
153 110
163 654
174 635
199 462
169 707
133 172
30 266
86 863
98 732
191 486
93 245
155 157
111 109
37 390
11 166
110 312
124 475
1 921
23 742
60 101
47 295
125 941
46 966
69 640
33 305
79 742
168 913
10 294
184 419
134 108
182 800
141 639
184 961
42 587
189 940
34 882
151 313
81 624
59 72
56 464
125 2
133 616
113 321
180 669
136 938
91 258
153 55
20 473
121 7
186 889
130 741
59 371
44 774
5 839
21 323
124 606
42 10
154 844
74 570
142 129
55 834
64 984
95 36
192 107
191 160
88 3
132 51
164 797
179 82
98 284
196 214
199 304
133 110
82 56
47 415
99 372
24 154
103 266
165 335
119 294
143 577
111 505
171 746
2 301
61 685
58 309
165 369
103 559
62 519
179 887
67 263
68 38
124 348
163 367
111 176
117 889
143 390
74 505
79 566
119 58
145 865
91 521
38 342
151 291
166 184
20 51
6 168
22 612
184 873
58 618
133 696
32 675
145 114
29 167
23 878
90 176
137 706
69 999
191 481
16 785
86 379
148 559
6 274
107 933
33 417
152 192
40 24
132 491
77 383
55 950
7 791
33 535
34 444
95 194
88 383
122 15
175 326
33 300
144 573
67 858
68 154
40 404
1 392
55 173
157 274
61 492
149 584
147 164
31 602
42 729
123 935
55 312
58 269
115 779
195 841
129 507
198 76
87 507
132 901
93 170
85 908
51 577
158 549
95 678
86 7
21 787
126 814
71 109
163 46
86 8
104 544
20 985
176 257
112 306
186 98
79 40
14 313
103 655
27 548
29 568
154 140
128 990
122 72
45 612
193 646
200 156
185 444
28 457
196 143
81 132
167 130
89 370
175 66
26 173
40 43
45 349
73 971
171 825
23 934
88 533
87 321
116 721
157 81
35 349
46 999
190 494
34 693
54 127
39 624
145 294
44 49
127 157
68 523
189 898
143 742
11 37
177 92
196 591
45 78
9 746
125 54
135 162
123 901
135 926
2 517
102 513
56 274
73 690
183 421
174 383
190 997
52 938
149 832
77 376
183 137
182 181
93 649
130 45
163 229
172 489
113 336
121 795
55 591
136 494
15 61
137 396
188 258
119 20
131 821
89 781
103 624
131 455
200 791
162 167
50 754
73 436
177 864
113 740
164 769
58 702
172 317
164 336
197 771
69 182
70 816
189 883
183 163
192 687
55 651
90 449
6 129
53 940
106 422
52 521
3 620
195 357
107 651
104 464
11 749
151 226
100 88
80 972
131 44
15 319
74 854
160 849
32 47
29 885
1 353
148 614
6 990
99 643
56 335
139 722
84 748
116 910
147 327
108 336
181 491
40 598
166 509
1 607
7 569
119 186
44 880
53 738
59 514
18 410
91 109
54 694
46 933
78 994
169 523
193 191
102 869
5 796
79 321
24 203
22 106
118 966
174 483
155 973
192 876
185 520
87 747
46 781
94 339
157 855
43 673
183 446
59 58
196 960
102 581
73 474
34 192
74 426
20 354
130 441
147 147
3 828
58 943
3 754
180 565
17 123
181 899
11 228
121 617
24 310
16 827
39 453
151 269
49 669
172 367
140 264
94 266
39 50
197 496
16 67
155 521
1 207
92 106
53 522
88 357
45 254
149 311
111 936
102 894
105 861
78 704
74 66
139 230
52 670
168 457
66 883
47 31
184 870
60 764
50 813
