400
91 937
67 206
58 105
51 660
70 495
66 851
89 585
94 624
2 395
64 72
33 613
80 638
89 651
55 824
54 343
4 766
52 487
29 84
58 587
96 76
51 820
1 94
18 934
16 939
11 70
35 766
93 767
43 8
65 122
20 91
75 734
28 429
82 319
91 90
73 229
83 828
16 475
45 61
76 79
98 257
76 25
85 907
45 506
10 586
40 21
99 191
60 771
63 797
38 755
36 768
36 383
48 469
49 298
61 698
84 295
88 367
76 227
47 380
92 45
74 453
95 433
95 345
72 798
54 457
39 877
94 621
91 735
82 325
95 341
34 497
46 381
14 886
1 209
97 989
26 943
3 478
58 441
68 750
52 626
78 364
99 214
93 675
46 590
13 378
35 255
18 267
77 420
44 409
77 747
3 222
49 580
17 745
4 45
90 26
27 375
90 759
4 803
1 516
47 393
8 492
69 131
67 879
6 346
76 984
72 104
99 496
17 86
24 337
18 845
33 69
18 303
23 53
16 528
38 553
90 642
59 218
3 500
10 78
74 629
75 597
38 219
57 89
61 45
80 832
57 943
84 263
81 815
82 777
7 212
32 570
39 369
71 383
26 826
14 260
30 345
18 607
54 385
75 834
33 691
58 443
34 30
64 114
28 809
98 309
84 516
95 21
83 639
72 891
67 693
92 243
78 554
76 555
33 535
76 274
49 404
40 579
48 365
87 64
58 461
94 520
98 299
42 146
14 495
34 118
37 785
86 456
97 596
70 869
69 884
9 501
65 724
55 880
5 198
47 285
81 182
12 843
33 574
82 933
75 111
85 83
65 831
90 577
73 335
22 7
35 173
69 472
70 252
47 538
18 829
3 590
14 563
30 524
77 366
75 231
86 462
99 365
46 881
55 114
87 972
61 246
90 65
46 392
1 142
4 658
71 365
52 941
96 179
56 498
39 809
1 591
3 662
94 406
96 594
74 174
43 489
65 424
23 475
25 880
66 151
92 170
56 51
99 509
55 764
57 671
85 926
49 841
63 803
26 456
82 201
35 450
74 597
93 795
80 132
42 473
57 270
68 627
64 685
65 602
87 41
8 543
30 263
7 94
10 835
98 634
52 728
13 251
89 991
34 171
65 724
23 353
88 480
6 546
65 531
73 3
14 93
18 637
49 511
50 814
29 605
3 955
22 941
38 328
91 905
31 662
13 233
67 400
59 528
13 769
37 255
59 971
89 668
79 509
9 226
55 53
33 195
80 679
90 158
67 258
67 655
13 750
38 312
65 801
5 49
71 222
9 882
93 7
85 972
96 882
79 774
14 537
10 452
17 256
72 851
97 605
100 18
61 830
54 513
57 283
64 146
43 394
16 99
19 28
84 220
94 65
18 745
13 783
85 350
16 522
46 117
55 410
88 865
50 844
18 162
17 871
23 575
84 657
12 996
59 164
24 448
2 149
17 552
37 574
41 173
15 154
5 298
83 689
13 706
47 453
75 391
23 429
37 273
5 87
6 67
38 895
83 216
14 100
54 961
85 20
58 971
74 603
25 530
100 6
25 968
48 132
26 579
91 953
5 13
38 180
58 625
42 889
87 101
48 716
73 25
37 227
79 411
81 653
59 750
38 26
54 376
62 427
87 117
64 888
80 871
80 546
82 316
61 152
20 140
79 572
13 913
78 660
65 211
26 8
40 511
12 659
55 440
52 591
10 452
23 675
74 208
25 185
9 40
16 799
64 962
1 659
84 361
96 999
94 503
2 40
3 515
32 778
61 877
63 381
34 42
93 314
83 838
56 548
73 581
24 569
33 512
12 325
