300
17 585
7 148
75 897
34 282
30 599
19 746
58 498
40 697
23 872
12 94
50 851
16 373
29 61
8 742
10 290
61 113
11 162
11 544
69 149
10 899
7 304
19 231
52 329
61 189
57 476
3 392
3 774
16 41
11 577
24 787
33 265
15 276
41 110
36 81
68 307
62 803
67 821
24 820
54 724
38 884
65 19
31 852
73 438
21 928
63 500
23 551
11 99
23 575
33 225
35 878
38 85
41 103
57 783
50 846
75 730
16 215
59 830
27 184
68 258
33 443
42 793
39 24
6 431
42 526
33 633
73 456
43 178
61 116
68 601
17 121
49 69
70 117
37 581
17 570
2 947
63 460
61 5
66 752
40 630
2 320
59 903
8 80
54 575
72 354
33 276
16 367
6 85
10 971
43 716
73 651
26 943
37 660
25 775
25 63
43 776
67 507
58 904
38 756
5 359
42 501
15 733
64 957
44 598
16 194
62 514
67 306
74 467
15 70
25 815
70 917
36 163
39 30
19 851
63 343
35 824
71 602
51 90
73 811
16 643
54 177
57 508
2 980
46 815
25 499
17 469
20 582
48 374
13 45
72 755
62 976
68 654
42 605
50 926
7 502
4 155
32 30
46 528
58 355
27 167
22 113
52 479
44 56
50 628
21 20
63 553
66 319
62 788
21 979
10 432
71 364
75 728
26 871
13 221
52 135
64 902
10 780
52 519
58 701
69 738
63 923
30 549
5 255
35 410
40 751
41 302
54 141
29 522
37 171
19 955
30 180
40 372
39 273
45 809
9 136
40 527
42 590
33 36
59 51
17 298
73 844
10 659
12 748
54 257
68 764
4 166
75 368
24 345
49 102
39 723
53 904
32 928
31 133
46 85
27 17
53 77
75 866
15 590
24 654
9 848
21 493
72 614
61 673
62 305
62 967
61 594
29 963
10 372
36 540
36 914
56 804
29 871
32 930
24 77
6 891
24 671
64 795
66 403
10 653
23 9
36 262
25 543
50 242
29 537
48 87
62 494
34 334
48 523
42 376
50 559
23 594
18 319
62 797
22 665
59 70
43 197
31 190
43 251
22 405
16 621
5 844
8 606
49 571
30 930
70 241
3 92
46 2
15 757
70 754
51 638
69 696
2 464
18 23
55 542
50 873
75 331
8 125
74 723
6 373
22 242
65 921
14 98
22 257
74 564
1 101
4 473
7 628
14 58
4 509
62 522
35 970
44 39
24 758
27 33
55 599
69 179
46 764
6 73
10 295
59 818
1 764
65 794
1 994
35 404
55 8
35 155
42 98
15 731
58 781
6 251
36 505
40 468
33 132
2 132
18 730
27 223
33 700
72 243
20 278
25 794
71 205
