900
187 44
32 105
181 999
198 295
199 377
2 130
160 139
179 248
82 516
64 270
164 813
1 63
42 79
59 554
218 87
205 256
121 255
166 123
53 611
176 32
52 11
36 832
30 713
86 819
63 149
163 947
24 761
160 215
52 190
125 857
120 379
78 424
14 526
166 298
153 17
43 266
33 91
215 777
2 345
108 763
47 677
159 346
165 312
162 472
101 55
129 224
212 87
52 15
177 100
7 171
70 52
25 91
109 85
225 340
203 201
190 574
147 591
68 400
82 21
143 823
173 400
24 726
165 404
77 769
172 959
75 835
131 650
211 534
34 863
132 958
146 899
21 696
174 909
204 194
198 138
147 777
70 214
42 317
123 65
86 971
92 744
144 298
159 120
192 727
41 358
66 548
166 805
72 960
188 357
84 452
181 808
176 475
196 444
221 785
185 318
182 584
21 184
90 78
58 477
219 491
219 779
204 327
173 520
209 926
30 296
146 72
12 301
108 155
212 855
189 187
195 246
41 80
153 158
156 826
144 614
122 311
116 732
18 59
164 259
1 939
13 816
199 438
167 880
62 266
61 395
15 883
15 628
105 933
27 850
72 929
79 383
188 630
29 484
66 253
206 97
75 39
53 917
224 555
43 704
11 406
77 843
77 845
38 860
137 525
140 638
159 862
68 406
85 831
151 758
85 150
51 478
75 33
63 668
151 970
105 308
223 763
75 34
35 540
14 706
84 970
117 489
112 245
15 958
95 59
4 39
122 359
44 137
177 344
176 901
42 857
78 607
31 734
193 244
161 483
31 337
69 153
225 876
47 693
100 828
215 988
206 284
40 434
65 992
92 90
113 348
176 104
186 103
174 324
93 135
60 107
93 276
39 275
189 791
49 220
195 745
107 102
32 324
143 722
155 971
53 376
184 4
13 311
93 215
191 474
89 79
174 725
152 847
67 552
149 389
28 890
86 560
63 744
122 185
184 786
195 195
63 47
17 605
71 344
211 850
124 614
104 254
39 180
4 803
117 342
5 527
152 683
116 826
120 817
36 291
15 199
126 312
198 261
53 600
124 239
144 110
220 133
126 930
71 540
125 351
105 333
162 277
114 608
215 466
117 949
209 80
52 515
191 772
20 241
72 286
63 175
90 502
137 637
167 948
53 181
188 972
172 177
175 484
107 569
65 248
123 968
120 725
30 225
167 34
221 655
98 953
141 916
139 24
115 470
63 145
2 262
217 374
170 50
181 802
56 149
10 610
157 703
124 601
198 707
127 610
215 154
113 421
131 87
42 867
198 636
11 171
167 118
4 780
151 922
132 485
60 49
181 945
49 978
154 770
167 364
107 598
44 829
154 9
179 94
55 180
115 374
5 250
122 700
127 270
9 533
66 486
131 43
71 785
112 655
161 717
116 867
34 203
88 517
165 451
134 815
133 776
36 821
6 53
45 587
142 179
102 683
187 687
170 462
123 957
191 641
104 877
130 461
222 871
40 814
162 334
29 1000
173 457
20 489
92 283
94 828
85 663
62 862
2 468
185 79
137 305
163 250
182 607
150 798
93 285
84 556
25 365
100 455
19 453
27 376
170 519
176 14
150 865
123 420
193 965
33 765
75 165
13 474
135 370
51 203
34 312
71 295
156 813
111 403
15 956
114 710
54 298
19 289
172 584
124 890
73 49
200 546
68 911
28 473
179 470
121 789
79 139
128 924
219 732
186 844
63 458
94 563
225 857
115 742
207 864
105 679
185 136
14 782
121 774
15 427
141 580
82 266
18 241
187 929
10 603
95 183
10 96
176 228
103 800
98 643
206 721
194 694
193 303
66 729
215 24
209 341
2 664
89 842
60 441
57 53
168 212
107 250
207 3
143 455
83 466
208 609
47 339
84 679
21 184
216 683
144 565
45 325
198 388
52 769
139 479
147 553
104 282
142 49
166 849
219 529
111 116
173 972
143 38
132 966
21 187
50 338
65 146
22 214
114 481
17 325
66 346
66 492
146 356
205 818
121 598
182 754
146 696
102 721
27 478
130 736
23 319
142 376
198 58
198 654
4 770
109 842
5 377
207 133
91 274
7 130
93 324
180 880
193 959
105 167
100 250
127 273
195 956
21 750
14 211
118 457
10 978
89 786
204 967
135 722
135 808
71 550
44 682
182 109
3 818
164 454
34 978
215 112
135 162
206 434
3 197
41 776
220 47
203 864
161 997
221 462
160 482
119 6
81 469
9 441
143 331
143 959
80 32
165 168
143 974
40 739
62 989
190 833
115 963
96 255
218 600
4 47
90 837
172 343
82 826
92 754
183 130
80 220
119 301
178 648
182 425
169 170
175 876
169 523
95 326
153 750
181 851
206 182
166 180
72 635
66 254
39 665
212 567
50 913
86 498
205 44
58 686
59 791
2 60
83 673
77 5
171 562
27 500
193 717
204 737
52 547
38 943
180 821
5 644
82 77
20 7
216 386
117 891
159 325
176 888
113 18
116 942
218 373
129 364
173 267
26 468
83 364
117 984
101 894
96 128
61 55
14 709
100 662
146 201
186 351
22 820
81 415
70 566
61 473
126 200
149 276
143 677
93 929
94 513
59 470
62 982
143 93
203 727
165 176
203 777
174 427
98 524
131 682
57 24
199 461
206 212
119 152
109 335
4 293
118 804
192 455
174 929
149 560
10 928
120 31
201 582
55 622
25 347
225 740
91 312
173 832
43 806
129 212
49 77
81 188
141 307
191 792
56 811
213 879
84 625
75 916
184 834
18 612
92 670
41 614
85 762
140 547
210 946
151 146
221 591
141 975
79 387
36 152
218 703
206 13
150 107
40 668
117 637
199 351
10 872
206 2
209 772
114 323
31 521
13 781
46 344
11 74
190 214
36 532
31 24
113 752
174 293
83 438
202 198
71 549
4 246
44 886
126 915
107 84
129 118
126 130
108 63
72 102
55 730
21 498
90 906
47 326
35 537
152 220
95 923
15 442
3 414
32 204
4 666
75 153
200 567
177 331
211 180
143 6
78 566
98 409
146 105
50 583
25 956
49 663
48 884
76 940
116 121
43 248
174 370
89 15
185 59
62 736
161 937
128 605
15 786
18 220
86 193
76 939
79 608
149 913
219 503
52 510
37 81
207 161
178 638
138 412
99 753
128 964
150 367
166 318
72 341
56 825
117 864
183 90
196 900
58 929
113 409
182 943
3 961
200 158
122 117
37 260
173 436
8 293
25 27
115 704
158 266
135 555
215 443
204 91
211 576
192 251
214 980
134 395
184 2
207 719
111 693
190 242
157 377
164 674
200 796
17 289
23 169
192 654
69 320
200 962
136 344
108 145
94 792
101 689
128 650
74 51
8 482
38 503
122 328
90 870
73 301
147 316
51 115
134 308
215 616
33 679
135 367
90 777
189 327
115 941
33 9
29 136
166 431
74 200
107 819
182 899
147 177
75 671
27 213
188 732
128 570
41 160
69 802
79 34
77 983
202 992
61 248
184 748
168 207
26 852
158 145
53 757
28 79
97 305
51 888
128 179
117 657
20 596
10 12
225 881
73 475
3 411
148 206
59 437
12 638
164 421
125 191
184 178
169 906
23 614
130 379
197 889
213 627
51 328
4 775
102 572
18 807
17 376
139 226
133 19
127 877
89 157
16 234
97 478
153 332
51 259
159 753
31 358
191 973
59 843
217 686
88 690
46 69
42 444
88 136
76 363
222 371
51 784
212 758
84 187
205 214
141 272
132 38
198 821
205 320
158 813
182 967
56 806
167 307
89 634
15 929
52 315
75 354
40 145
11 71
116 279
123 51
5 779
105 140
153 620
120 329
69 918
130 606
15 172
41 166
81 228
100 821
59 248
175 413
217 650
89 109
7 58
129 574
177 522
149 441
35 471
120 515
215 821
142 426
30 271
143 285
142 353
129 159
6 545
54 235
8 321
29 72
99 929
164 615
92 500
5 173
133 210
221 618
164 939
215 311
174 5
93 459
37 133
148 812
221 444
21 188
186 40
63 741
41 722
199 151
124 731
173 566
29 583
116 471
116 485
84 661
209 307
196 264
51 173
28 810
94 986
