500
34 917
75 140
4 406
77 604
3 234
39 366
2 4
1 600
109 742
30 457
58 338
46 138
15 388
47 951
60 417
94 351
87 961
88 901
81 10
79 458
64 937
41 521
122 36
109 361
117 762
112 125
24 830
114 256
26 116
7 673
120 239
13 876
48 405
118 23
58 838
3 610
32 633
93 395
114 479
113 661
109 320
46 440
44 70
79 913
70 333
31 460
43 359
98 105
55 624
45 445
35 205
77 326
115 609
81 323
75 457
113 193
11 528
10 826
28 405
64 543
103 178
99 881
71 210
92 769
102 582
12 690
122 948
110 339
8 803
109 362
6 533
116 67
22 598
24 937
2 943
57 509
87 599
63 442
120 391
22 848
32 340
96 690
48 133
58 925
99 539
23 426
13 365
116 695
29 486
78 945
107 630
8 465
102 721
125 424
32 259
41 730
4 492
55 258
3 742
86 577
87 583
34 116
123 149
5 274
109 417
46 624
5 343
120 373
50 318
50 258
115 920
103 35
76 274
99 166
100 21
118 97
30 9
28 836
25 111
57 970
43 355
1 521
34 785
58 234
96 971
56 565
58 57
46 46
106 346
96 755
110 520
40 82
58 703
87 110
50 389
17 81
52 501
125 168
43 948
94 501
23 60
119 33
83 625
53 575
18 28
80 241
46 982
56 675
110 549
33 511
125 542
79 612
123 48
83 267
5 344
88 828
111 465
21 51
66 760
49 662
110 523
92 955
7 791
22 465
29 83
101 217
98 631
74 970
16 124
86 372
16 741
112 249
40 24
15 702
14 957
55 747
38 47
99 504
25 392
108 564
99 350
46 838
65 543
48 201
90 915
80 848
18 486
49 788
38 843
14 132
74 749
11 713
123 100
91 748
118 789
61 868
10 832
52 31
91 838
30 788
12 518
70 563
65 690
54 119
98 26
26 115
37 20
71 506
106 219
106 618
92 851
32 297
51 489
45 577
81 41
104 587
116 791
92 990
109 834
32 646
121 981
57 814
19 822
2 844
111 626
83 915
75 889
18 309
23 993
118 701
67 366
31 908
108 204
6 995
67 343
115 709
41 840
9 12
106 151
58 417
11 69
8 901
19 802
93 249
6 20
27 759
71 211
12 336
27 230
41 98
54 293
17 724
62 180
27 812
60 188
91 507
116 773
85 315
31 118
5 56
67 648
58 303
61 861
74 559
14 510
2 300
94 190
119 845
70 271
123 916
96 515
93 182
49 639
123 481
95 780
12 953
37 685
57 499
114 922
48 253
87 628
1 333
27 276
50 921
78 144
75 980
39 645
15 932
121 823
50 379
63 849
58 624
3 554
36 904
28 698
35 13
51 423
101 474
125 819
88 673
42 191
35 522
64 304
8 640
118 931
37 934
94 67
107 41
40 732
110 889
31 517
98 757
49 835
118 710
101 921
44 138
26 7
51 898
50 734
27 266
98 389
87 176
42 545
49 49
62 460
92 385
117 316
40 882
39 377
124 809
123 263
96 392
19 381
43 504
122 8
19 664
118 297
125 542
75 709
115 23
84 711
13 729
12 252
81 304
5 898
84 489
69 944
45 378
115 99
104 362
125 508
117 685
103 683
106 40
50 970
35 378
113 3
15 919
24 947
82 702
37 977
65 705
5 653
25 577
105 821
9 669
6 354
32 276
76 288
12 248
40 471
44 174
87 770
59 561
6 192
109 92
31 121
88 784
34 379
74 510
21 992
35 766
32 91
59 130
78 475
72 425
54 45
70 794
40 994
90 542
40 713
10 358
30 225
50 98
50 745
118 928
14 995
4 76
114 591
110 880
80 978
35 239
93 650
108 190
91 66
76 243
70 109
6 185
15 942
10 358
85 747
51 814
99 301
107 61
13 664
57 317
116 790
83 871
122 759
38 855
78 104
87 191
36 535
28 720
77 53
101 898
60 715
23 375
28 1
25 715
36 532
91 852
72 399
54 297
113 42
23 46
6 903
2 445
94 660
34 486
3 895
12 516
10 915
92 395
70 55
52 956
60 867
72 44
57 228
99 973
41 219
118 856
33 666
32 115
81 478
84 567
96 571
72 536
55 162
42 605
32 854
85 63
66 586
96 786
98 894
53 171
74 346
60 863
14 298
124 258
63 157
60 940
64 701
3 857
58 528
68 577
67 387
56 121
87 149
29 775
37 596
95 737
39 756
32 598
13 840
53 758
71 314
65 835
27 601
94 686
31 946
65 248
3 213
119 91
92 111
98 511
27 766
52 462
35 150
27 415
