800
16 711
105 696
160 161
119 115
37 722
143 6
3 520
96 543
99 120
182 499
172 590
158 470
42 327
10 160
13 281
106 268
139 622
190 656
29 824
48 938
139 337
64 638
140 644
111 68
41 888
135 40
156 203
157 458
152 569
190 620
58 552
8 160
88 937
179 205
182 579
186 663
114 587
118 520
139 291
183 167
180 61
171 739
101 736
21 867
189 283
157 713
103 608
166 84
168 529
151 832
197 924
5 877
173 82
88 667
15 402
189 554
16 577
25 100
165 164
113 456
166 356
88 445
181 298
80 949
135 224
165 960
197 615
57 764
58 199
192 699
76 953
196 512
83 346
184 906
103 205
40 397
177 395
164 843
25 241
81 113
156 997
97 174
135 221
72 805
15 108
20 314
17 374
4 424
132 1
44 822
145 141
31 22
30 894
14 24
63 332
167 641
149 976
70 123
180 583
68 899
17 855
45 280
79 518
160 503
74 609
18 482
103 208
179 437
5 184
185 474
93 874
49 104
11 762
28 962
62 588
71 598
39 289
105 246
102 559
175 268
134 375
4 271
51 708
22 441
34 635
184 435
18 605
123 248
32 860
48 536
187 643
92 71
144 991
21 42
192 162
70 220
155 391
146 5
190 195
121 355
165 832
40 440
123 132
103 569
71 64
153 899
106 334
114 157
186 577
135 364
187 143
17 693
132 967
130 547
89 374
55 751
184 247
94 571
97 557
46 460
37 866
136 851
161 127
33 954
2 809
84 799
41 213
143 35
40 773
25 191
149 108
24 500
73 835
81 825
7 903
54 952
171 602
114 690
175 661
95 15
50 236
173 559
20 424
138 171
174 280
86 921
152 143
133 534
1 878
195 951
86 60
136 820
159 771
98 175
81 283
12 951
77 172
85 985
138 828
45 137
23 169
137 425
11 985
153 675
135 603
76 814
91 147
158 687
80 978
56 575
126 883
30 40
119 530
97 829
12 717
154 598
94 612
65 943
41 941
17 460
55 853
12 713
54 325
181 244
46 43
165 95
180 758
175 149
192 788
57 367
165 347
90 548
98 504
20 426
57 745
149 110
48 316
165 843
79 593
174 381
170 787
155 221
48 945
189 428
88 560
90 977
78 419
177 547
183 648
102 774
91 394
144 23
72 297
97 346
199 725
64 637
68 731
188 929
123 413
21 392
45 600
199 834
93 3
35 15
17 729
25 814
114 582
32 575
38 373
158 718
187 98
58 160
62 712
172 817
130 563
170 356
1 540
43 926
131 705
181 957
70 983
95 225
96 326
111 902
123 592
111 426
71 418
125 965
81 368
11 603
200 724
36 626
77 6
107 506
199 829
21 817
183 378
74 265
59 488
45 142
11 594
122 61
32 573
139 9
2 123
72 735
145 253
174 803
166 489
74 629
121 299
172 125
127 961
49 95
118 548
9 401
127 189
85 528
129 599
46 603
75 97
123 492
108 164
91 415
129 272
2 378
187 668
38 8
79 614
15 339
57 785
92 253
129 809
77 306
52 725
23 623
137 925
162 793
23 533
106 475
3 182
190 208
131 157
48 50
55 38
151 912
80 891
178 639
43 650
145 751
44 562
92 774
94 935
146 768
121 767
152 90
9 764
127 26
4 778
142 502
150 681
37 996
29 914
138 188
146 938
174 176
82 517
32 87
28 17
190 575
138 929
148 789
74 361
62 927
101 742
7 814
79 374
83 519
18 317
145 728
190 985
4 258
156 909
83 493
18 756
101 112
18 81
170 618
146 72
198 236
79 861
147 124
36 70
68 528
70 240
194 93
83 993
36 325
49 644
77 247
82 494
156 399
154 127
148 685
93 487
92 769
75 102
175 722
31 363
140 435
188 174
70 295
48 51
53 113
185 561
16 903
26 844
52 239
198 911
60 644
64 320
125 241
172 605
160 913
160 295
176 948
58 766
19 481
89 847
22 896
43 69
189 529
30 588
74 580
196 130
165 357
25 714
150 475
31 246
80 181
63 622
156 546
164 183
68 791
54 549
47 349
46 192
76 864
197 110
135 828
137 278
22 405
127 280
36 934
196 815
77 76
45 866
189 492
86 866
124 908
92 427
52 45
46 758
66 548
4 957
172 550
145 933
147 473
21 838
182 854
82 865
189 778
70 798
179 728
30 157
56 705
54 34
16 307
102 695
38 460
56 470
199 225
40 393
31 221
133 147
199 979
174 417
72 849
135 317
102 994
188 673
54 708
39 971
147 197
22 566
153 800
196 369
26 977
94 76
122 103
29 544
190 496
24 43
7 873
197 40
3 658
109 528
3 522
109 627
101 647
85 857
25 605
83 317
2 52
178 579
179 918
121 566
98 432
167 132
52 521
17 199
88 79
6 434
52 776
55 683
113 223
147 638
128 981
68 383
89 139
162 332
125 620
12 998
110 296
100 163
33 416
163 593
65 224
61 106
150 601
158 580
1 446
115 290
31 671
176 513
26 134
20 705
135 8
27 502
11 926
148 206
165 69
39 752
129 611
43 583
24 700
132 529
117 788
93 44
110 875
77 823
23 472
61 541
179 569
90 525
86 666
84 979
196 69
147 614
51 288
187 463
5 540
146 593
52 469
49 311
39 238
6 64
193 389
90 272
184 876
80 212
76 993
27 763
155 55
173 32
47 171
29 386
54 466
77 477
38 647
65 419
131 938
56 268
110 852
37 146
127 566
118 685
148 335
198 860
78 30
27 276
134 447
133 268
62 181
147 280
32 445
117 708
128 758
162 177
131 667
174 515
26 574
72 747
177 166
2 114
126 38
74 832
11 732
34 15
22 50
3 404
25 762
93 365
26 170
99 630
67 590
71 948
8 537
47 466
63 320
151 816
103 601
182 258
90 204
181 382
47 239
199 744
193 351
109 664
82 67
61 552
195 719
168 364
139 504
103 79
77 602
164 927
28 133
187 413
74 996
29 293
14 76
33 837
46 412
13 978
59 453
77 412
146 632
112 16
49 495
4 972
190 672
152 970
43 930
91 637
115 352
52 544
118 92
97 743
135 576
40 562
43 216
139 757
198 118
45 848
34 323
65 875
159 652
69 633
90 758
138 342
17 106
196 374
58 33
194 814
48 652
147 268
100 611
149 193
32 826
80 168
157 420
81 54
9 971
31 332
168 997
129 147
2 718
21 647
4 439
59 10
18 398
194 603
170 337
170 105
16 305
170 576
172 950
72 794
6 728
179 852
152 16
197 691
169 212
169 873
134 700
42 724
156 238
116 44
142 491
14 970
189 895
13 710
193 660
140 913
5 662
6 968
170 180
59 347
93 318
54 691
56 456
170 1000
186 513
85 607
103 643
169 72
95 697
151 989
96 711
117 662
59 235
198 855
31 3
11 346
22 131
3 935
74 896
30 272
107 217
162 787
23 765
29 582
130 355
87 537
109 234
174 818
177 252
59 766
197 941
58 248
124 336
4 689
194 824
191 905
184 458
28 295
25 579
100 830
35 564
135 557
197 142
146 206
87 2
171 219
121 130
17 242
111 483
190 269
137 401
158 497
100 143
103 477
123 131
103 216
74 684
56 371
181 156
67 950
2 622
105 555
114 510
26 586
34 294
186 950
36 119
43 928
92 762
60 820
61 436
