500
76 887
107 10
34 179
70 623
121 756
123 519
13 640
35 314
87 281
109 573
73 526
95 784
110 23
63 992
82 887
53 718
53 501
7 572
35 143
117 83
86 120
45 613
119 101
50 107
54 173
8 106
89 342
8 536
49 500
106 185
9 468
37 120
20 713
10 957
21 984
73 835
31 958
6 388
79 926
124 541
104 175
63 574
92 419
51 584
12 314
5 514
36 237
67 907
100 826
17 682
17 316
58 323
27 56
118 550
46 467
104 861
121 274
4 224
42 896
100 435
3 595
78 215
77 975
21 453
77 415
38 541
96 230
68 219
25 821
44 558
63 254
74 910
74 367
57 251
84 181
4 717
64 601
43 113
51 77
50 992
72 818
29 764
96 969
67 547
114 753
62 949
82 905
15 787
8 754
6 961
86 850
59 149
73 652
118 144
62 462
125 433
83 748
58 641
109 574
120 209
12 718
18 5
44 898
54 748
97 552
61 882
72 756
101 980
13 176
70 710
32 312
10 738
4 704
80 469
23 670
44 175
92 413
26 813
125 509
13 563
3 510
44 112
107 950
44 57
99 254
49 292
105 876
112 451
111 539
38 96
122 179
22 843
26 235
32 425
46 52
1 118
114 213
92 340
70 974
112 885
30 76
72 324
63 89
117 591
42 858
100 595
40 578
25 901
93 87
121 344
4 237
110 930
57 246
103 804
110 99
35 647
121 138
79 859
75 849
22 260
103 233
7 400
41 306
35 998
10 834
51 544
42 583
70 977
106 539
36 642
103 534
41 113
72 415
32 933
98 455
94 971
83 890
91 467
10 458
88 240
111 414
16 196
12 361
22 51
22 599
53 357
91 977
24 340
89 484
56 526
88 953
48 860
72 245
46 796
41 622
78 123
12 206
64 529
11 424
79 529
19 293
84 463
123 479
32 875
86 980
66 106
51 754
39 701
25 810
31 667
104 244
34 595
4 807
104 743
22 568
9 30
43 776
112 849
25 318
9 579
28 246
60 841
7 446
105 528
104 453
77 455
23 603
120 303
120 520
20 491
13 838
33 264
8 726
116 581
61 387
31 158
5 532
41 321
39 434
69 46
7 924
48 133
47 543
117 270
34 546
101 325
109 479
60 930
121 984
62 210
104 401
8 637
120 856
23 123
6 625
68 284
114 467
13 927
96 157
74 83
41 62
49 252
65 127
61 548
16 185
52 692
102 65
66 582
12 314
66 475
122 107
61 222
53 985
42 545
107 766
115 206
21 497
118 399
81 635
93 953
87 590
67 476
74 611
67 86
95 206
76 323
102 444
96 354
37 20
75 48
84 490
16 323
102 427
34 779
13 559
35 524
105 761
38 210
54 292
24 897
22 410
118 240
81 108
123 356
15 304
14 919
25 22
103 909
86 457
101 126
89 432
81 896
71 362
93 41
114 148
64 752
89 825
17 23
91 721
29 789
63 349
104 585
16 839
66 167
61 7
86 405
81 51
18 654
17 208
54 90
1 203
111 234
12 499
58 450
25 164
5 707
75 45
95 743
31 358
59 806
32 55
52 594
87 749
49 515
96 841
26 970
38 84
14 251
59 766
47 488
95 995
63 569
80 948
3 572
96 92
101 98
99 318
60 845
23 650
30 439
66 301
19 114
120 962
25 608
11 866
47 121
26 468
66 79
17 517
17 637
116 940
83 833
16 156
112 997
123 989
67 166
12 893
106 229
12 131
19 999
14 562
69 156
16 791
40 741
15 802
78 382
41 709
88 181
51 363
15 430
120 669
75 319
125 431
114 918
8 39
102 995
79 490
95 644
40 763
86 283
21 649
61 757
53 115
90 50
20 328
39 240
82 646
120 794
117 410
28 998
123 752
89 877
40 400
20 612
7 711
19 578
97 784
70 408
81 210
18 742
10 54
11 458
69 234
83 970
52 474
66 706
59 497
1 696
6 388
22 511
83 448
123 443
31 897
107 298
26 977
41 265
2 592
36 966
61 704
97 659
14 750
58 245
82 908
100 910
37 196
122 664
35 947
5 337
42 840
84 904
54 85
61 190
125 145
21 350
62 753
87 982
103 988
82 914
112 643
27 459
73 331
116 230
101 760
53 156
91 981
89 164
39 560
16 619
60 767
30 367
51 999
19 214
99 513
117 576
106 609
92 721
73 171
33 463
116 796
101 312
116 633
49 12
120 241
43 238
121 854
40 809
47 561
36 213
4 147
11 877
112 395
90 836
93 150
76 660
62 845
31 157
90 798
64 529
117 646
68 641
