300
47 455
65 107
5 167
21 553
68 153
41 434
14 852
10 20
55 181
41 565
71 389
13 898
19 989
72 605
17 863
35 764
64 328
44 500
72 106
53 537
51 211
18 173
60 724
41 779
46 855
58 392
72 654
44 867
5 823
7 358
52 442
31 652
66 837
8 948
38 427
7 299
60 52
54 374
44 193
11 299
22 911
14 424
47 287
34 706
35 922
64 759
68 145
11 397
34 184
63 758
50 53
31 850
39 875
35 523
70 965
41 798
57 679
42 603
11 92
62 594
37 438
73 633
5 395
2 514
54 450
20 509
25 375
18 388
37 687
58 78
53 772
53 617
43 66
45 804
45 712
9 275
70 509
54 163
47 403
42 166
25 723
32 461
48 452
37 244
27 709
20 371
38 435
40 718
20 384
49 653
28 722
72 291
47 8
26 295
61 458
64 659
9 37
73 53
52 914
62 209
23 450
30 648
9 902
48 864
68 149
20 835
45 621
28 917
29 224
57 604
64 1000
14 138
16 549
52 405
33 66
43 344
64 301
28 89
63 267
68 681
14 358
65 550
50 330
51 360
62 948
29 367
53 421
75 20
43 620
30 301
46 617
40 691
7 363
6 902
33 96
7 312
40 675
71 188
58 138
22 633
47 54
35 221
15 151
65 269
52 960
72 459
36 719
68 265
5 38
10 326
33 777
39 591
72 426
33 384
61 8
26 946
35 878
40 922
7 552
70 949
6 524
2 710
27 575
49 737
65 482
31 92
73 695
73 784
37 288
2 563
67 249
48 517
49 480
48 700
74 85
61 558
51 197
34 93
8 58
73 914
16 624
5 831
56 853
39 933
48 701
70 469
45 233
19 43
43 654
33 25
68 269
31 347
51 775
75 238
54 428
19 502
32 893
67 187
26 957
60 404
27 817
72 128
71 442
41 516
28 916
56 164
62 11
73 700
49 369
54 534
29 962
41 488
72 914
2 807
48 684
52 149
1 218
20 318
64 226
19 74
31 690
49 811
5 3
36 39
42 994
45 150
23 434
54 410
67 651
52 263
34 319
26 416
12 648
7 195
28 193
35 303
13 263
62 134
12 12
26 897
17 882
35 312
49 433
49 293
40 382
75 738
74 552
24 605
35 472
11 348
19 915
27 356
56 507
59 852
47 827
16 429
61 777
16 849
43 131
43 656
67 749
65 442
60 429
15 458
71 215
2 324
41 836
28 965
74 286
52 346
65 916
30 611
3 889
25 87
54 917
74 716
72 766
26 106
66 751
60 302
51 571
47 850
74 649
24 525
62 72
65 108
17 232
44 541
65 801
21 651
7 88
48 462
73 32
7 130
46 506
55 855
23 263
52 625
67 941
31 320
