400
29 274
65 674
76 139
19 602
26 588
34 397
3 13
31 430
81 319
85 327
84 671
37 806
77 224
84 351
44 211
84 494
68 77
11 786
44 806
56 236
92 126
6 766
78 826
4 591
41 577
1 250
7 414
78 74
89 94
46 575
52 640
7 325
50 15
74 582
50 57
83 414
1 511
33 296
14 805
79 804
89 133
20 518
51 944
44 385
32 886
36 467
96 559
69 498
90 323
18 699
34 593
35 314
77 461
21 491
57 548
68 235
49 933
14 862
55 238
98 22
80 483
10 825
8 174
57 464
22 424
100 67
88 166
4 849
8 385
86 332
89 216
48 712
74 541
60 981
65 887
78 875
27 440
53 119
1 156
67 477
32 670
69 663
10 104
79 830
72 663
12 512
75 906
7 817
80 578
83 745
89 898
20 541
95 839
5 287
100 425
5 16
88 764
44 349
76 833
36 94
29 116
15 624
20 656
61 319
31 727
74 87
58 300
87 590
89 942
75 297
36 512
66 695
46 310
32 751
21 451
31 778
4 177
48 75
32 397
68 574
13 524
73 833
40 107
13 308
57 864
16 428
26 665
5 349
77 538
3 93
76 460
55 100
79 48
51 238
49 543
68 436
53 866
76 569
24 433
14 203
61 49
26 823
8 406
5 901
52 13
77 21
50 863
70 586
97 309
48 256
49 36
97 640
21 176
84 716
23 411
1 87
12 670
50 339
5 633
99 220
30 952
19 85
38 872
87 874
70 828
84 798
97 102
59 739
59 883
80 833
2 879
16 230
47 7
78 367
92 647
99 378
21 929
52 634
89 672
79 96
28 558
5 241
59 222
33 981
15 678
5 154
39 224
28 27
21 607
3 659
82 34
12 164
9 865
64 762
50 121
68 589
66 104
66 284
48 795
95 510
48 60
33 153
69 680
75 201
96 68
47 205
47 541
82 322
44 533
10 526
28 73
67 7
5 879
62 212
28 984
43 366
78 924
95 145
68 916
4 806
47 941
91 880
33 245
51 213
32 766
77 984
94 149
35 175
64 682
91 716
86 201
88 826
32 180
82 217
58 48
75 802
67 233
7 128
65 48
91 589
99 887
40 447
50 578
4 94
76 674
87 204
89 441
65 869
83 235
69 853
74 926
35 594
19 35
26 273
99 651
45 693
53 908
12 138
94 638
22 154
91 569
77 116
59 858
4 146
96 519
63 641
9 198
18 760
17 306
80 194
47 787
7 85
22 191
24 68
29 558
19 147
53 964
59 48
30 776
15 64
92 351
12 342
52 766
57 285
17 799
97 51
2 626
32 914
6 582
43 639
25 805
84 882
22 831
76 870
82 208
29 89
15 366
99 155
66 681
49 497
7 661
17 362
37 720
1 208
81 174
19 912
79 784
21 874
30 723
100 546
7 61
77 775
6 233
71 130
79 47
68 13
12 628
32 436
52 95
69 887
61 822
66 982
80 538
30 968
14 847
6 8
21 90
41 998
6 714
46 121
46 624
89 270
63 454
16 212
36 550
21 793
9 391
14 898
39 547
50 595
23 994
44 386
25 958
51 621
73 242
44 794
40 458
94 118
50 36
73 902
36 645
76 2
75 460
82 954
64 554
96 69
96 940
81 985
35 866
82 928
77 574
85 75
79 729
43 479
95 342
96 889
70 368
58 972
75 583
54 922
72 147
80 385
69 251
9 520
20 733
19 681
69 84
4 377
49 862
87 497
95 360
88 879
70 362
75 438
28 717
49 337
3 932
15 783
91 746
67 992
46 185
74 734
91 290
56 323
64 970
80 988
54 32
95 148
64 333
9 33
