100
15 899
24 171
1 477
25 687
16 936
12 773
23 569
17 821
9 145
22 886
11 841
12 192
13 511
21 420
18 446
3 214
2 436
4 277
11 477
4 906
4 282
10 533
2 765
16 994
15 413
9 153
17 607
24 655
19 499
3 433
3 410
9 497
15 100
1 533
12 13
25 179
7 879
17 831
5 295
8 757
25 354
13 486
13 219
1 667
19 611
17 578
11 764
23 21
14 104
25 695
23 260
2 242
9 168
9 498
11 671
10 14
7 899
16 520
5 461
20 391
1 493
3 382
22 33
3 886
10 891
6 850
12 903
20 592
8 784
7 71
23 117
5 903
17 570
24 463
21 4
21 182
22 44
3 316
12 518
14 794
5 123
5 876
18 218
6 244
18 756
6 434
12 471
15 210
7 742
3 899
13 812
13 62
14 424
2 225
7 154
12 711
18 131
8 723
9 84
1 940
