600
46 78
89 256
76 647
43 429
68 520
89 441
110 554
131 226
25 813
132 477
129 123
75 298
144 883
64 385
89 16
70 19
105 553
20 541
35 188
5 241
62 672
122 203
117 344
149 319
54 472
46 137
104 497
70 162
37 102
43 711
92 626
58 193
9 732
142 135
141 16
87 199
131 892
44 805
142 817
52 957
12 3
121 688
73 82
99 90
10 707
15 552
85 374
8 834
122 800
53 595
62 348
125 421
119 762
125 736
138 917
89 780
74 902
112 413
93 67
112 731
54 256
129 500
92 183
99 7
19 564
58 167
25 456
76 574
72 719
104 536
72 855
130 615
132 851
37 727
92 881
139 543
16 145
23 405
126 972
65 88
1 8
25 505
60 602
140 278
62 77
19 969
24 664
142 348
33 724
99 193
109 20
16 571
57 350
16 30
54 625
59 111
46 114
24 201
84 405
42 413
105 323
141 962
109 991
44 600
128 108
52 939
45 698
120 448
45 706
13 35
124 272
54 679
132 317
120 214
52 700
57 9
26 623
124 499
98 373
85 805
115 359
30 901
5 132
58 11
129 438
78 257
48 738
67 850
87 957
67 790
120 886
38 365
81 940
14 476
44 950
48 509
34 781
124 274
40 341
87 736
127 225
74 151
92 46
15 16
79 599
10 510
28 617
43 542
28 160
42 961
95 76
120 271
76 956
129 478
131 278
45 134
15 825
140 836
50 240
89 600
56 337
14 257
107 639
93 319
27 853
80 601
61 130
87 666
127 487
57 849
114 217
12 400
26 998
137 313
76 740
136 666
24 582
54 733
25 986
86 975
17 573
1 201
71 250
138 401
13 608
135 146
58 492
134 280
117 803
143 569
10 898
143 413
31 137
6 35
77 151
123 903
111 160
61 759
65 46
144 83
52 861
110 374
12 119
61 407
141 737
137 599
110 614
96 770
123 553
117 88
80 642
130 769
25 243
27 397
16 732
150 405
17 22
107 765
8 341
7 524
74 28
101 738
136 606
134 782
31 503
7 852
68 575
86 654
25 585
27 710
46 568
6 323
112 750
136 990
103 358
21 542
39 857
46 489
37 668
122 790
55 255
125 696
135 693
49 918
144 68
75 343
146 856
95 890
87 133
107 738
132 174
19 361
100 794
12 449
41 539
12 310
57 572
64 380
27 836
77 135
77 827
130 935
76 464
87 129
33 711
76 713
114 798
3 681
130 450
22 792
66 664
42 605
74 741
7 164
133 874
94 652
36 341
53 965
29 52
18 351
105 206
141 767
44 550
26 586
30 850
7 710
136 481
8 487
95 378
103 890
58 891
97 773
53 417
89 961
60 478
34 540
146 388
109 521
118 295
92 809
77 657
30 346
101 306
21 757
101 424
27 219
19 475
30 486
78 321
51 110
59 896
24 415
145 243
52 308
9 664
105 320
141 377
24 507
75 193
15 598
117 283
96 932
104 21
20 491
53 926
15 531
117 643
29 674
132 412
64 21
72 220
43 854
108 710
106 462
85 927
8 285
36 834
20 476
109 469
7 59
82 384
37 592
18 709
28 131
143 14
135 333
136 384
72 490
117 381
38 97
38 157
50 74
124 478
35 721
150 595
130 357
93 527
43 224
32 807
140 295
104 848
120 380
140 602
27 40
96 209
141 564
16 926
21 293
61 506
17 113
33 921
98 437
69 114
27 974
35 114
86 635
12 495
77 326
150 876
60 608
62 174
149 458
32 137
126 71
111 362
44 668
86 435
130 762
120 702
70 561
121 728
13 425
21 558
1 824
144 608
97 492
98 82
26 467
91 741
148 606
37 577
30 78
91 258
40 196
132 180
39 536
43 353
31 611
127 956
25 230
42 386
142 945
87 675
52 907
147 763
150 21
142 201
49 207
146 914
79 19
147 265
83 339
120 370
62 159
133 16
149 973
93 421
36 835
16 689
75 475
73 400
27 587
32 720
104 124
93 273
34 184
112 913
11 397
107 6
41 971
93 301
124 675
145 30
65 692
60 469
37 129
136 486
4 898
19 674
92 684
108 756
140 604
27 339
85 344
45 274
60 190
136 696
71 53
128 887
31 34
101 624
40 3
93 959
79 132
17 910
81 586
47 159
72 933
71 969
99 14
55 734
63 590
120 778
56 58
57 501
149 596
133 529
20 749
3 874
85 239
97 69
139 570
19 162
56 136
56 382
134 8
150 323
120 608
131 402
77 794
42 116
126 731
112 890
136 951
16 235
66 507
51 589
132 47
114 926
87 938
87 764
33 139
71 909
39 583
130 526
135 567
18 513
25 787
130 218
59 53
137 963
116 780
4 55
50 546
33 397
38 673
146 19
23 660
1 95
4 53
5 759
106 295
55 629
81 898
81 833
52 287
149 551
83 597
131 599
143 323
73 571
119 449
93 181
128 818
94 249
42 460
119 75
80 823
7 316
32 70
104 709
35 746
40 803
76 176
31 281
18 451
73 538
112 489
138 273
56 233
112 143
61 492
97 767
138 431
109 401
22 45
93 300
90 484
95 21
60 826
147 766
46 593
96 22
29 638
137 339
22 15
127 448
4 882
120 312
91 570
5 771
32 106
150 326
44 114
2 465
65 811
68 495
143 960
99 361
137 880
13 89
71 485
138 446
13 381
16 124
50 603
143 131
29 769
52 946
15 290
35 740
93 581
141 746
89 503
114 798
45 399
67 512
108 655
1 329
135 325
