200
17 974
38 776
1 940
47 968
46 501
36 975
26 106
22 159
10 350
12 901
40 524
22 980
16 380
36 439
26 609
10 128
32 488
40 478
31 255
9 981
29 576
17 219
20 592
40 783
47 895
3 165
16 674
12 939
37 806
23 82
10 972
44 287
46 587
10 233
10 707
8 213
23 475
9 921
10 948
28 990
40 478
33 862
5 146
2 875
34 857
26 157
48 336
49 641
29 374
46 13
13 932
41 591
50 412
28 490
41 377
16 926
3 914
7 663
38 735
11 812
41 654
5 253
35 59
17 378
31 686
39 558
43 335
35 891
4 898
1 731
28 36
23 159
39 440
14 958
9 850
1 962
13 174
37 953
12 76
48 262
23 860
13 773
20 644
18 779
34 489
5 560
12 705
40 928
17 940
39 554
46 516
40 863
45 367
11 121
42 106
28 77
11 544
12 27
25 325
38 8
50 30
10 760
37 635
45 320
42 183
23 640
41 559
13 714
2 330
34 282
29 328
6 236
48 701
11 313
20 115
33 133
24 509
33 746
37 789
11 708
1 57
45 565
25 708
29 260
10 601
3 957
46 809
37 886
6 234
10 86
34 571
18 1
30 926
11 853
40 318
26 118
36 738
2 11
20 611
8 128
41 663
26 438
8 350
32 869
17 279
1 265
26 465
44 901
21 355
16 56
33 393
7 472
41 954
41 99
31 191
28 8
10 956
28 153
34 983
33 116
20 715
30 826
12 808
49 923
11 793
33 36
17 503
29 659
35 824
19 318
34 384
8 238
6 729
37 606
47 408
44 116
32 379
43 883
31 268
6 58
41 714
30 996
36 767
45 630
23 497
38 365
6 587
31 389
37 714
41 789
6 334
47 526
25 774
34 915
43 346
29 783
21 936
5 825
24 608
41 519
