800
60 298
186 336
36 990
4 800
200 36
7 809
100 379
168 905
160 366
160 655
96 117
154 906
88 929
106 527
66 944
12 816
9 1000
170 976
31 32
111 161
197 573
81 129
182 244
124 815
118 518
154 690
162 571
153 630
119 39
84 901
114 833
43 677
67 754
18 752
54 582
1 570
2 357
79 678
29 663
108 76
192 464
121 61
64 878
80 628
48 984
78 369
200 261
7 577
87 125
174 548
135 988
176 279
170 209
140 629
6 202
79 150
108 6
105 690
33 926
20 58
141 93
162 158
58 838
159 504
151 954
169 674
79 255
130 936
8 13
44 535
166 161
98 461
131 701
41 311
87 40
64 574
140 473
110 794
196 402
2 932
183 901
37 897
176 450
66 7
127 203
28 800
129 627
86 654
128 745
157 50
86 367
167 134
166 320
64 198
14 538
172 628
73 464
109 53
159 688
42 132
132 367
83 428
26 73
47 49
109 608
49 610
15 798
120 53
80 117
96 180
78 1000
17 530
69 255
12 241
149 145
171 276
25 59
44 354
45 528
101 827
182 620
166 81
14 901
195 577
146 140
63 712
83 844
33 697
147 269
131 206
8 941
65 107
172 508
94 91
162 456
149 810
3 194
181 461
30 932
72 535
55 451
51 522
165 853
182 306
75 285
31 776
43 265
176 658
118 480
94 147
122 436
181 448
185 357
164 333
152 436
6 574
36 972
168 290
181 63
145 24
131 263
136 240
173 514
167 739
76 161
54 429
181 960
148 637
111 477
104 466
34 169
165 469
17 398
182 495
42 296
187 488
16 833
55 404
104 85
4 800
130 600
34 80
64 942
27 784
158 100
130 520
111 953
149 887
102 462
130 38
54 27
83 97
113 188
42 982
164 437
158 521
156 471
77 912
125 700
200 423
6 626
54 471
73 588
86 666
11 776
100 105
102 715
49 177
85 825
158 303
45 932
134 416
108 569
200 892
105 573
81 29
2 747
144 621
136 890
181 875
17 993
33 174
180 571
80 89
85 51
148 553
130 333
89 466
134 595
52 635
39 494
93 101
115 153
155 927
73 903
98 605
43 313
35 863
40 55
133 207
84 917
193 312
162 143
162 844
22 309
69 822
140 8
119 649
5 904
177 555
177 433
197 414
31 277
64 213
101 220
115 539
151 387
125 419
79 617
84 551
178 915
171 734
125 167
88 652
155 480
38 772
139 142
130 118
1 992
87 833
4 759
174 767
30 568
70 385
106 117
84 683
72 516
191 873
155 889
68 634
49 597
43 758
17 264
164 508
5 9
128 258
95 656
24 303
82 84
148 397
147 745
186 557
188 475
138 332
159 794
200 384
59 31
133 238
197 679
131 866
125 548
138 274
165 996
40 481
69 896
83 680
69 627
27 744
170 567
149 515
87 14
12 782
68 114
143 979
40 318
161 589
168 574
93 890
24 164
70 676
25 121
172 717
7 50
68 951
32 713
53 531
74 28
94 72
153 704
98 459
19 314
58 898
101 642
85 949
191 157
4 936
132 195
167 916
110 504
190 763
68 631
156 158
196 803
110 599
15 467
119 759
15 649
77 599
38 379
10 394
27 14
158 557
9 700
194 572
178 958
148 195
15 334
15 293
182 322
192 847
16 691
197 517
40 864
140 222
57 639
114 992
122 58
37 895
63 764
139 799
73 277
145 938
155 768
74 384
82 222
139 712
198 757
174 268
189 898
72 420
137 685
92 610
32 664
70 751
15 201
175 322
107 370
29 679
144 465
38 188
47 511
177 567
143 741
22 396
123 20
32 117
143 308
169 361
8 39
102 59
144 153
116 593
61 530
189 250
110 890
120 418
39 823
37 92
103 957
18 983
162 472
86 709
176 366
148 246
48 89
109 985
127 335
24 337
23 668
163 565
107 151
80 400
117 176
45 277
191 449
149 944
110 448
174 587
28 372
75 232
199 379
61 910
49 968
137 968
91 616
70 609
59 683
148 549
164 843
114 151
175 794
172 278
69 428
113 834
185 700
159 286
175 387
153 864
150 944
153 453
173 621
119 881
63 571
7 941
14 297
113 424
105 774
186 413
193 84
90 777
195 844
10 846
159 508
47 68
4 959
64 529
68 847
100 584
24 959
27 384
166 64
35 534
122 501
112 792
15 172
67 918
69 707
109 465
4 946
130 347
140 697
63 149
146 427
164 458
55 535
1 141
83 793
106 530
72 473
167 470
191 900
56 923
66 138
81 526
57 751
75 725
165 685
51 189
72 970
185 841
25 900
163 642
78 324
182 551
85 596
114 571
47 153
38 21
109 387
27 768
91 883
59 982
36 509
23 615
193 529
37 78
34 893
176 724
141 955
53 457
66 1
160 894
73 829
61 402
158 937
126 391
111 422
62 512
11 5
92 126
166 905
198 112
11 479
173 528
136 390
38 976
89 498
102 841
41 630
8 401
106 670
169 456
126 821
7 463
101 687
94 862
39 522
73 648
7 251
129 863
3 613
137 605
123 964
184 904
91 323
176 994
14 189
194 422
79 506
19 446
12 522
157 576
139 509
85 86
176 878
98 582
15 708
147 554
111 918
86 530
153 734
142 933
182 138
160 564
137 999
80 173
68 329
153 789
179 563
20 765
119 76
80 658
183 115
72 11
90 569
7 236
166 178
189 434
76 142
196 430
46 804
39 63
23 318
27 738
194 486
179 910
194 21
102 462
84 690
120 50
17 259
164 169
9 501
55 383
71 684
151 12
158 117
175 302
200 747
55 425
51 837
76 297
27 929
124 894
29 657
148 37
172 450
21 839
1 991
48 274
48 936
83 431
165 51
70 195
185 875
134 608
166 861
84 511
116 289
82 239
33 81
173 784
175 885
38 844
17 423
177 630
188 669
8 740
20 728
58 913
70 366
180 243
59 403
34 462
79 992
158 497
50 461
38 641
108 789
190 34
184 133
174 326
55 544
126 990
99 61
192 156
182 600
107 727
58 306
26 821
170 38
155 198
73 988
127 312
163 424
197 213
29 602
117 338
16 924
137 483
69 952
103 713
142 454
135 348
127 1
154 206
115 701
187 641
113 341
29 174
167 560
20 115
25 140
6 560
92 492
53 270
160 603
65 536
38 955
70 930
105 847
58 589
168 730
137 325
80 635
68 679
123 375
113 293
136 807
79 845
185 42
57 23
166 779
160 497
122 650
114 171
138 175
182 436
163 888
128 121
166 908
134 225
74 274
181 787
194 519
165 415
88 524
164 393
76 226
53 778
160 507
110 152
96 693
2 786
83 700
67 509
196 780
100 473
102 855
148 740
111 390
100 259
54 942
117 684
195 538
172 215
91 485
60 78
169 562
197 639
139 283
172 744
53 818
135 721
90 352
151 852
171 858
41 92
11 600
107 387
77 712
134 343
43 820
83 790
42 555
166 972
120 979
130 39
154 532
194 28
182 53
59 510
162 604
11 409
15 52
12 992
29 816
197 278
173 345
199 584
23 923
134 364
110 280
115 571
109 113
122 361
99 176
134 636
43 822
22 525
51 866
51 945
182 74
14 925
192 299
28 725
7 578
109 971
184 869
24 369
53 196
103 300
33 916
46 876
25 345
134 134
23 753
153 443
178 673
26 743
