200
44 577
20 643
45 810
49 29
3 855
38 711
37 621
11 52
42 688
45 848
14 311
16 56
21 901
23 511
37 331
45 73
16 85
21 880
45 513
44 934
2 475
3 5
43 750
40 305
15 194
20 549
35 604
47 265
29 833
34 359
44 838
3 178
40 701
43 389
45 986
7 566
38 377
3 502
4 214
19 366
38 32
8 670
17 931
12 215
37 173
21 209
37 188
8 565
35 197
31 689
42 700
37 634
34 458
39 52
18 771
12 277
38 172
9 653
38 559
32 31
36 113
8 616
45 489
42 886
26 290
12 395
10 695
1 166
45 222
12 32
39 755
3 91
6 644
46 212
11 451
24 307
38 517
31 618
3 638
21 486
31 750
47 519
16 51
19 171
45 79
6 524
26 593
9 583
7 204
31 960
21 308
50 954
38 949
24 216
4 128
15 932
21 518
21 166
21 263
40 620
16 693
47 976
30 837
18 712
46 777
23 553
22 446
3 155
32 733
9 172
22 39
26 674
7 413
6 724
39 512
26 49
49 614
27 792
32 683
22 860
1 318
10 604
28 741
48 496
11 600
23 724
22 846
23 15
34 595
17 975
16 590
39 531
45 457
28 31
43 819
2 999
6 453
44 459
37 566
17 97
44 753
9 774
38 385
19 696
16 633
7 130
49 214
11 448
49 616
14 806
33 827
26 342
4 702
44 42
12 707
20 143
39 456
24 721
48 452
22 729
11 58
24 157
29 847
50 204
25 152
1 816
34 438
44 483
39 651
44 73
34 377
22 249
24 402
21 999
19 599
29 837
27 91
6 507
34 490
12 460
49 274
37 853
3 760
49 851
15 478
3 176
37 803
20 151
31 419
47 556
20 563
17 222
35 773
9 82
27 164
40 440
9 641
50 978
33 233
31 804
