700
120 545
57 310
11 741
1 556
137 433
55 981
34 857
104 545
36 500
26 426
111 57
118 686
91 656
150 857
56 836
63 230
82 674
13 348
172 512
122 492
135 501
20 692
166 639
95 668
154 438
56 707
167 780
134 100
170 504
155 298
148 220
126 780
27 894
42 970
57 506
169 205
168 355
115 454
163 747
82 329
156 598
135 948
147 491
25 358
161 51
18 428
17 519
163 903
48 464
42 526
117 201
145 540
10 601
163 435
141 910
98 692
60 898
133 946
75 164
168 481
143 433
132 320
71 861
49 783
119 888
172 127
165 730
64 760
148 609
161 44
12 176
136 615
126 556
91 913
149 117
104 38
169 282
116 494
66 187
84 625
151 729
155 407
108 922
143 59
88 820
158 255
74 139
59 724
162 666
67 919
52 499
46 635
95 395
156 748
102 229
67 261
123 140
92 740
67 171
95 216
158 410
102 846
45 843
121 954
3 27
79 176
89 71
51 307
78 358
49 447
126 818
160 460
24 997
110 455
1 363
155 928
52 722
152 693
149 525
74 39
54 583
97 135
77 335
127 759
142 95
27 207
165 589
88 465
136 915
134 304
157 356
88 306
173 912
72 312
22 477
42 604
5 833
160 183
75 720
154 896
50 939
12 7
91 306
56 250
120 22
102 521
45 820
28 193
60 219
143 258
155 856
157 634
158 749
66 356
122 273
46 329
133 675
80 454
94 72
30 6
90 683
77 922
82 852
155 408
65 901
127 543
4 306
68 283
114 214
78 402
155 408
95 524
84 514
98 881
10 549
164 20
69 759
34 81
30 925
128 759
20 724
169 834
55 861
130 65
23 559
4 674
111 233
67 639
112 828
73 200
25 82
125 606
106 577
150 30
125 336
155 539
116 449
100 416
25 870
146 911
99 995
132 816
126 858
38 2
13 378
79 312
92 411
133 962
131 961
32 864
65 597
49 421
16 790
111 407
34 909
73 462
124 176
137 524
47 902
86 366
124 804
15 397
13 921
124 175
13 455
85 577
140 294
158 929
107 843
168 740
130 443
12 557
65 954
98 83
52 15
93 795
83 906
149 328
131 335
105 490
171 696
8 960
115 893
48 24
52 546
69 237
100 474
27 501
28 884
98 187
99 787
87 790
51 331
163 848
102 454
76 415
168 713
72 255
120 367
148 831
134 912
121 650
43 152
42 42
6 712
131 635
64 95
142 907
65 731
18 154
145 545
32 756
98 106
41 560
67 129
46 673
149 868
127 68
67 308
64 640
121 740
18 985
71 899
131 154
99 729
30 107
36 995
140 134
84 436
91 987
106 274
4 466
80 838
81 568
75 669
98 1
119 243
172 508
93 628
170 919
105 572
20 345
128 795
48 719
3 548
57 468
65 265
127 857
28 482
19 229
159 750
146 941
50 510
58 220
144 187
5 390
46 319
124 865
80 184
74 849
16 173
126 337
36 724
9 521
3 906
55 153
158 860
142 692
50 361
118 568
117 853
29 185
141 686
14 470
41 620
16 111
163 862
81 173
85 683
130 407
102 752
139 28
69 859
49 159
3 326
72 826
103 729
147 371
24 343
116 863
3 316
67 800
6 270
140 473
158 380
115 942
65 897
79 192
173 264
157 755
95 240
159 38
102 341
90 23
3 205
18 692
87 795
146 234
23 247
165 635
159 125
84 611
28 769
112 78
135 69
120 663
157 888
75 653
96 282
103 509
133 62
97 82
95 479
173 345
71 336
123 512
97 639
100 536
131 992
54 895
101 877
84 255
164 931
81 632
76 431
5 870
120 116
25 989
89 303
96 690
118 577
164 626
89 37
96 550
13 723
124 393
99 887
74 641
20 715
58 46
2 403
114 314
90 53
94 958
91 318
105 98
132 508
165 246
141 965
50 834
75 875
149 540
128 237
51 747
173 479
125 824
79 455
11 905
35 612
68 562
126 810
102 67
50 207
75 941
172 959
64 359
96 492
141 482
113 175
41 519
70 593
30 814
138 923
122 273
39 159
36 347
85 864
89 294
169 882
26 362
16 156
163 378
35 505
30 323
38 820
120 997
50 880
27 20
18 837
7 169
148 388
79 61
152 834
21 795
120 163
34 386
88 1
65 368
63 459
24 833
39 354
162 41
175 951
12 30
151 128
126 753
17 683
101 854
137 953
36 648
101 59
53 99
76 855
37 553
78 998
83 967
132 469
66 180
20 397
39 802
175 753
152 178
63 788
82 419
171 549
77 973
138 110
54 237
37 34
33 164
132 746
116 960
87 136
95 955
96 814
26 472
71 87
92 72
119 254
138 877
103 894
155 924
4 573
89 999
89 963
130 56
165 420
150 510
126 988
75 70
10 100
140 33
137 93
96 643
115 795
68 312
118 734
130 14
114 163
88 457
11 640
142 946
30 569
129 847
104 330
85 138
51 652
24 13
81 807
57 186
49 636
54 876
105 92
62 405
147 681
108 316
1 974
94 920
10 956
66 303
160 89
137 431
175 258
8 950
107 826
141 887
50 154
60 892
136 933
93 19
138 116
130 396
47 486
142 191
8 833
31 84
146 930
53 739
91 597
80 393
29 398
157 490
156 581
129 527
85 956
17 490
50 339
21 196
93 548
126 460
117 943
85 876
43 261
145 835
126 627
65 214
47 834
33 12
63 72
18 816
98 656
151 705
152 240
96 352
73 298
25 651
38 520
52 613
76 793
134 730
42 463
46 66
4 325
36 227
35 150
36 396
171 146
100 11
42 575
96 855
48 259
99 527
84 616
118 71
27 758
33 455
150 914
163 769
97 954
45 697
144 474
60 429
88 52
108 831
149 943
24 720
61 551
22 252
142 667
124 4
72 379
17 556
85 894
132 951
110 810
15 101
98 441
53 222
71 436
24 301
68 132
133 189
67 222
151 276
8 456
110 388
128 649
34 899
33 552
95 448
47 138
152 372
13 357
13 385
27 450
155 260
3 42
129 254
15 401
29 382
90 540
105 440
133 109
5 124
27 860
122 337
32 389
9 851
120 395
126 282
102 952
149 166
69 942
137 340
112 844
118 728
80 407
18 298
21 918
91 950
124 236
81 767
31 200
144 788
11 794
25 353
21 928
34 182
62 395
60 961
3 978
72 764
78 863
113 66
90 302
145 722
49 561
19 917
162 372
153 947
