600
132 550
34 342
149 269
26 74
76 536
58 397
109 823
20 920
149 729
80 126
62 360
45 89
13 132
103 817
98 68
52 7
57 374
56 743
149 963
49 319
149 718
27 17
113 583
102 629
44 637
137 481
33 414
64 241
78 285
145 228
120 292
97 540
84 870
144 209
42 76
90 592
66 94
26 708
137 148
3 662
10 393
62 389
51 45
77 765
79 851
143 282
46 755
120 420
83 138
67 859
67 732
63 301
102 580
122 116
4 297
68 680
25 568
118 566
1 761
147 89
100 846
144 481
35 835
107 932
55 98
139 758
50 652
9 706
118 450
42 23
81 329
42 6
141 520
44 191
133 467
101 757
83 812
35 658
33 74
70 815
123 975
129 841
44 69
32 660
48 142
85 678
80 640
87 735
92 724
36 741
111 818
21 345
92 146
1 253
67 181
26 179
120 767
37 829
77 259
64 808
135 595
87 626
67 169
134 949
106 838
85 898
141 976
44 291
134 542
48 289
71 947
149 488
82 966
93 745
40 238
29 603
71 597
80 838
37 236
50 924
15 161
129 871
29 745
14 97
48 171
14 529
19 342
49 940
7 18
9 217
8 215
94 871
85 737
130 193
1 447
13 185
12 109
74 880
37 231
28 743
19 496
20 399
19 157
104 227
6 187
122 430
24 47
35 341
89 443
41 842
119 359
17 852
4 956
9 106
103 620
132 485
29 660
1 907
51 145
9 624
38 985
27 694
87 47
8 638
57 582
145 882
37 456
39 632
88 968
88 942
14 30
92 484
64 984
105 444
143 747
19 544
23 809
49 34
132 356
102 11
141 61
144 744
120 37
21 468
122 994
108 516
30 390
96 482
2 570
102 632
34 421
65 86
60 124
112 37
134 323
76 50
84 558
17 358
1 521
49 27
62 812
40 338
93 7
22 146
105 992
146 374
138 150
20 382
67 536
99 960
150 384
136 195
102 453
118 449
116 109
66 504
91 645
104 953
129 274
84 900
133 192
49 801
148 550
83 118
39 743
89 600
45 141
149 405
52 411
62 138
50 931
15 859
58 77
95 675
79 90
23 761
19 454
17 327
104 580
103 271
42 285
114 457
140 444
35 305
129 968
98 716
69 926
10 59
9 290
125 881
89 283
67 674
80 769
30 523
35 213
120 857
11 114
22 722
56 626
115 558
94 435
60 106
56 679
38 775
43 974
131 647
96 421
117 511
141 107
40 17
53 926
41 502
89 776
81 100
142 201
73 347
97 774
91 140
116 969
75 513
96 138
16 680
109 843
90 99
21 746
140 781
114 366
21 686
38 782
149 859
101 550
100 261
34 186
149 728
83 30
107 261
52 341
64 775
142 704
146 961
131 329
79 641
145 379
17 920
146 281
113 863
93 172
122 776
130 399
26 584
113 166
23 151
125 813
5 449
2 540
82 87
16 274
136 220
136 540
108 98
98 261
64 143
52 764
43 220
97 643
38 145
47 362
75 251
146 802
100 91
63 428
108 117
45 410
87 675
119 775
12 363
129 436
124 195
107 785
148 836
128 152
8 421
138 343
142 385
62 346
91 387
68 549
51 213
105 339
97 909
135 139
144 360
128 300
11 19
9 132
109 654
65 675
77 118
67 988
1 916
141 236
150 112
39 624
60 642
19 270
5 486
63 958
69 161
63 96
92 125
94 551
65 78
78 336
73 704
136 338
33 590
8 810
8 976
49 622
135 471
145 613
39 897
79 537
95 603
65 291
104 770
26 616
122 18
93 776
143 486
143 867
102 675
33 664
101 620
14 351
59 862
29 892
1 882
62 884
39 998
111 496
52 988
19 306
103 155
114 545
33 16
40 941
109 841
110 520
44 659
67 740
104 209
56 285
18 847
54 942
72 372
9 287
144 608
111 860
48 898
50 141
90 391
7 864
141 678
112 38
141 36
50 58
5 134
55 346
22 900
99 434
54 236
124 653
31 73
125 181
148 25
70 175
119 399
149 158
44 175
55 812
88 802
55 394
11 627
146 209
25 27
45 487
69 743
86 438
21 50
21 936
71 211
23 831
102 895
117 758
132 311
30 276
3 19
37 343
60 922
137 51
101 859
66 112
46 342
44 345
46 67
139 651
97 574
101 527
95 857
106 993
86 287
122 78
136 63
51 952
84 884
60 378
11 435
81 3
142 739
66 652
55 832
146 223
87 800
48 166
110 738
41 548
86 374
56 75
4 675
124 708
63 899
147 70
5 743
20 328
31 920
130 754
75 962
126 420
58 542
94 220
58 752
29 735
84 955
72 86
130 877
119 112
122 201
129 305
94 615
42 65
67 201
2 257
145 719
2 728
123 893
142 783
119 673
145 524
65 669
132 409
142 195
7 673
124 558
41 879
135 383
141 38
47 313
13 998
60 369
126 918
148 982
30 812
119 587
115 292
78 265
132 367
56 75
69 569
69 339
113 862
57 819
38 132
149 724
69 208
43 883
49 703
63 2
74 46
71 958
139 451
91 179
10 496
41 502
39 319
76 273
64 429
43 498
117 194
48 405
44 362
84 750
41 153
132 525
127 439
111 505
42 14
109 674
88 639
126 183
89 984
13 215
47 116
129 399
8 201
44 574
57 869
113 225
17 61
4 379
148 598
58 301
78 900
50 351
25 667
50 786
19 971
87 217
114 487
104 940
49 461
20 703
81 810
29 12
39 313
43 808
52 923
75 182
138 139
38 778
