200
32 442
10 553
2 739
37 683
18 192
29 632
4 943
46 672
18 836
36 517
21 515
11 701
22 704
19 903
35 431
32 481
20 304
2 771
39 304
39 755
26 725
46 960
11 905
40 748
8 730
25 67
10 580
12 674
11 183
29 133
26 173
31 474
39 152
30 482
17 74
45 484
18 757
2 749
37 583
13 788
30 877
3 752
12 606
40 158
20 128
28 81
42 996
19 256
25 746
50 162
10 784
37 671
49 954
44 837
38 452
38 377
42 886
22 85
11 862
11 321
9 612
37 858
11 501
50 612
50 667
33 69
9 695
1 234
45 174
39 11
3 860
42 195
15 218
28 54
14 211
23 305
36 838
33 927
2 456
47 483
17 507
10 985
34 844
41 385
20 991
37 562
15 67
29 132
5 557
12 165
22 514
41 970
1 465
24 395
48 701
9 389
8 265
26 506
35 95
14 599
49 326
7 438
15 166
12 629
35 977
41 102
17 955
34 632
4 169
23 670
17 472
14 715
20 224
14 495
23 135
36 148
17 736
29 34
44 661
34 195
9 734
39 535
24 416
9 147
2 132
27 54
17 913
14 565
19 862
20 359
15 587
30 659
15 864
28 110
38 172
49 424
33 139
13 846
41 604
48 127
30 600
11 45
20 162
46 729
12 108
4 1000
12 825
32 409
34 485
24 632
16 123
6 221
6 807
49 325
47 115
8 25
6 410
50 214
49 758
47 702
19 836
12 517
5 859
40 803
38 598
30 770
36 575
12 660
45 312
27 733
33 658
45 856
25 707
4 523
11 957
22 924
49 183
10 706
5 40
26 847
50 173
30 537
5 143
11 935
24 148
44 606
23 296
11 209
31 932
16 267
7 866
15 520
12 519
50 122
35 390
43 904
28 715
30 944
26 834
28 532
