600
2 649
115 497
56 246
101 334
41 999
38 610
67 741
121 369
130 744
12 514
15 883
56 6
51 216
86 479
134 659
114 664
38 565
127 785
139 707
62 135
107 782
17 276
52 719
49 74
137 732
26 167
82 844
126 699
149 887
103 372
19 156
75 702
6 622
112 70
89 829
16 618
20 520
61 632
35 828
37 186
13 282
58 967
68 497
44 127
142 74
66 764
14 637
64 331
26 295
90 989
28 242
40 258
74 889
51 71
42 591
49 196
90 996
117 339
149 360
97 28
118 78
13 970
104 862
8 692
10 332
57 440
55 883
141 11
107 442
97 189
133 89
146 425
136 631
140 387
112 269
17 975
57 531
138 689
118 396
136 833
11 575
149 689
105 609
30 334
63 95
150 475
128 19
91 276
137 451
3 591
54 668
22 465
18 230
126 856
105 251
69 770
41 516
126 326
25 413
55 252
60 817
115 704
81 524
40 394
55 78
95 464
145 591
103 239
64 367
143 700
4 306
57 951
128 802
91 225
15 821
125 939
74 913
41 637
141 283
144 246
48 435
2 36
74 654
2 885
125 665
50 943
2 56
86 221
82 317
148 473
50 255
14 775
127 943
143 439
148 906
21 136
85 249
67 487
84 53
84 936
31 889
16 18
132 245
75 315
44 60
15 124
96 647
30 199
16 70
27 931
89 230
7 793
60 996
71 42
66 342
113 891
20 99
103 990
10 940
33 64
24 753
81 86
72 20
25 676
128 644
2 24
105 657
95 164
37 332
75 623
51 685
12 229
69 653
78 876
75 678
10 36
45 433
7 147
51 813
115 285
148 421
126 181
14 994
38 737
116 209
33 329
93 894
113 99
97 219
124 688
147 787
135 352
89 745
117 406
125 382
14 234
101 355
109 14
70 862
149 941
2 222
16 228
85 20
93 882
8 426
141 501
150 139
23 647
104 144
39 538
97 660
3 562
3 771
43 294
21 311
102 831
57 895
118 69
97 394
15 678
29 988
25 956
40 642
86 292
42 228
84 547
124 174
109 6
127 151
99 38
40 504
137 325
96 57
90 982
130 568
12 449
49 343
19 824
53 828
72 987
40 159
53 190
32 98
65 718
124 811
115 793
127 621
85 401
95 984
64 47
49 970
83 561
145 897
100 437
38 307
31 799
37 194
65 359
24 179
41 274
110 204
48 45
119 208
8 47
49 673
40 316
71 632
38 816
98 944
125 734
1 118
95 146
85 514
96 291
66 618
64 219
37 78
91 88
6 985
97 264
51 165
19 563
53 605
93 876
9 463
41 398
137 946
25 834
127 234
111 106
10 868
1 16
10 267
33 657
63 575
26 482
102 596
28 249
88 131
77 871
103 405
112 560
89 749
49 61
47 883
3 161
11 891
90 744
51 669
101 189
138 149
107 833
116 535
17 539
106 735
39 758
79 167
139 837
141 634
142 723
93 986
115 131
56 991
109 729
128 247
125 967
28 530
43 428
121 987
91 633
48 695
41 613
82 114
28 132
75 378
23 428
124 93
94 247
16 923
29 882
48 481
10 185
147 485
3 905
10 627
26 68
41 335
32 630
103 327
116 962
64 687
116 869
29 597
2 756
40 896
97 326
139 163
137 798
110 926
39 518
114 388
129 110
55 698
136 433
69 574
6 306
95 849
123 765
19 330
48 174
123 801
55 55
130 727
83 525
114 123
43 550
62 387
121 738
47 113
58 317
38 38
118 734
16 654
84 110
30 735
17 532
29 270
124 727
50 230
123 354
44 612
69 790
145 880
28 651
30 804
9 784
141 423
104 920
131 769
101 232
18 614
2 193
51 321
27 23
56 294
21 833
94 773
119 518
79 760
123 198
31 294
110 54
37 81
110 852
70 143
71 843
131 444
79 667
2 295
86 731
133 673
62 53
102 664
117 537
117 72
78 313
92 975
114 451
67 957
81 903
58 990
32 485
108 740
63 319
108 558
115 667
140 767
122 867
86 703
38 364
61 836
142 604
44 60
102 177
8 27
86 806
36 911
21 534
2 489
78 595
70 733
102 566
40 600
57 441
5 382
121 830
17 976
47 260
43 187
8 785
89 967
41 844
12 546
10 823
119 180
138 138
94 376
142 856
10 967
111 14
69 936
106 841
73 287
53 868
89 242
41 553
82 211
40 223
143 639
106 822
59 886
11 256
6 982
62 881
84 428
120 563
134 112
87 924
18 360
96 714
46 71
109 217
16 292
28 938
33 426
52 520
44 1
79 761
83 655
79 193
26 331
34 537
109 658
83 142
148 578
45 133
94 708
56 879
32 931
17 249
129 337
55 640
1 502
124 731
73 603
1 845
20 690
50 140
97 922
71 586
78 33
58 123
142 99
102 735
132 623
31 923
27 265
92 770
130 372
94 356
84 544
40 746
12 330
7 589
8 268
86 900
119 359
35 829
93 70
149 231
78 885
65 388
83 324
118 542
9 864
95 124
53 285
119 809
137 354
43 566
137 389
135 626
73 221
130 773
71 629
88 411
83 317
132 129
75 629
132 283
121 459
43 961
120 71
135 829
94 442
136 82
12 161
99 903
14 631
21 904
99 290
64 258
122 599
47 476
62 349
131 736
80 582
65 506
63 495
90 562
122 555
129 957
35 143
35 788
31 632
74 679
105 645
59 785
93 673
9 85
35 76
60 652
138 684
66 315
13 823
31 886
124 118
88 552
134 655
25 935
