600
92 422
150 710
64 519
57 871
17 603
111 801
111 429
139 843
124 343
55 873
65 176
35 323
114 596
120 771
106 514
126 891
9 311
26 960
57 661
82 605
77 259
68 597
136 373
5 73
13 856
40 819
117 713
3 501
140 915
43 812
106 382
115 982
79 747
95 700
91 599
109 589
24 536
26 383
59 228
38 45
136 470
148 517
103 1
37 953
128 929
88 767
105 260
132 11
7 497
148 938
61 93
67 403
100 696
3 726
71 899
111 223
72 223
32 445
30 452
55 130
16 195
103 594
14 806
71 388
63 76
12 834
114 256
124 764
76 592
44 489
76 57
106 986
69 989
59 764
94 759
30 23
1 338
79 840
73 633
4 775
144 850
55 861
111 963
104 804
46 698
68 778
150 988
139 636
26 60
101 842
37 24
44 126
146 691
82 147
95 914
93 775
19 871
83 190
63 629
5 817
122 751
86 616
75 910
104 123
119 164
91 12
148 823
93 591
55 176
48 13
70 116
17 397
131 983
46 523
56 862
93 136
130 99
130 42
116 685
105 663
34 516
90 257
125 870
145 843
142 504
129 400
26 161
52 630
83 879
106 615
133 423
126 912
149 257
39 110
34 904
14 227
118 571
4 921
59 326
37 429
147 499
134 212
128 159
112 754
13 361
100 251
5 704
35 993
11 30
47 670
56 881
52 755
16 650
35 911
134 842
16 932
9 305
128 104
138 42
133 641
67 50
84 156
89 501
132 142
139 630
97 51
27 137
3 406
4 33
28 868
9 467
31 620
70 396
44 823
123 396
45 587
139 276
71 414
147 158
138 119
18 344
64 156
98 376
66 979
14 186
15 634
82 26
21 837
150 911
15 591
106 824
23 303
69 915
49 679
65 401
99 831
29 543
70 78
70 842
87 324
129 651
122 351
82 677
99 221
51 916
68 754
61 512
131 748
107 394
141 409
95 941
141 320
20 968
126 908
136 959
124 423
101 924
149 781
146 918
55 376
77 731
15 872
45 360
99 897
62 878
116 393
58 49
93 90
148 552
25 412
10 817
46 732
61 594
111 655
107 180
116 621
53 823
141 851
94 115
61 824
67 448
44 814
15 451
59 491
96 888
104 463
136 357
5 24
27 732
26 930
132 985
6 152
27 240
2 534
61 58
117 636
90 531
13 591
26 359
89 79
43 369
42 25
65 561
98 172
50 581
4 718
68 66
65 396
140 601
34 116
32 394
49 78
11 602
4 145
78 275
29 383
65 67
109 899
49 76
84 948
147 303
38 612
44 831
6 453
50 47
13 797
74 9
9 624
136 474
65 917
148 257
96 432
30 821
39 976
28 57
146 723
105 854
73 405
111 428
83 993
114 944
64 384
47 470
77 716
16 958
42 633
112 45
93 705
96 693
25 457
37 95
45 480
137 710
60 885
136 337
64 296
126 286
32 3
108 318
63 69
113 575
119 155
139 99
23 168
34 294
31 886
120 773
43 40
68 886
104 549
59 665
62 928
132 93
102 340
74 818
102 984
96 878
117 725
49 377
84 324
12 855
140 225
40 112
138 641
37 148
148 929
36 819
75 18
59 986
31 87
91 310
140 339
60 502
5 161
124 953
117 910
18 735
141 205
115 703
29 910
34 737
143 368
135 83
81 160
59 545
62 605
140 762
80 349
111 664
6 512
57 281
82 672
42 936
144 701
118 883
73 934
8 478
78 780
93 734
19 495
126 700
139 9
38 482
142 990
98 59
61 379
127 870
123 758
29 432
62 941
44 281
3 876
41 827
115 157
122 842
39 924
40 216
85 904
139 637
3 73
133 292
18 564
34 638
111 803
16 465
109 385
150 529
3 229
115 253
131 31
89 313
11 769
18 261
134 570
147 550
146 485
96 832
73 691
94 385
99 355
63 683
135 438
34 15
26 198
150 947
136 507
22 951
67 79
93 76
92 479
34 484
131 715
73 966
11 120
75 145
76 493
70 63
129 754
110 988
92 416
83 517
123 596
53 909
41 364
53 782
107 666
35 645
15 775
79 735
134 886
122 506
96 789
42 448
8 517
131 139
101 292
20 227
101 576
68 866
66 497
130 693
52 286
101 180
68 199
106 444
110 687
27 648
88 636
109 685
26 395
25 232
5 268
34 430
68 37
108 823
137 329
4 763
57 519
130 481
125 372
20 888
44 920
13 995
70 240
128 691
87 192
115 333
12 105
56 593
26 226
59 676
75 387
17 673
140 998
33 169
145 782
59 326
15 913
32 892
30 529
69 626
31 46
126 664
12 359
141 580
49 162
135 970
69 103
85 803
43 533
79 654
19 941
45 604
120 134
90 292
100 346
17 654
30 365
132 768
36 166
142 384
134 667
133 297
2 554
117 862
19 726
18 447
125 302
110 693
35 428
105 904
59 746
32 1000
61 212
78 140
89 16
63 99
105 779
73 510
101 31
70 165
85 280
1 814
51 728
25 510
111 816
23 129
123 259
5 34
146 740
103 622
92 111
130 342
75 249
17 1
61 674
144 778
34 104
105 304
23 675
145 292
135 616
128 306
71 451
35 557
69 663
19 779
19 142
69 583
5 914
40 40
19 56
109 350
109 89
40 806
103 256
74 759
16 834
9 604
43 382
35 404
100 74
79 488
115 82
135 184
5 555
22 881
81 462
116 367
105 903
33 992
146 254
11 352
41 296
38 801
75 198
61 780
28 540
44 541
57 372
