100
11 382
8 879
7 264
23 455
5 581
9 122
11 836
1 492
6 467
20 802
12 468
25 275
9 487
21 885
3 104
1 941
19 819
23 111
23 306
8 515
5 837
13 945
5 373
19 676
7 763
14 258
16 7
20 61
22 571
2 135
24 473
2 747
17 413
10 878
3 561
12 491
1 846
14 400
22 725
23 878
8 478
2 463
11 978
21 360
12 135
3 53
17 324
11 94
2 888
17 351
13 744
5 253
5 42
18 145
16 947
25 742
17 737
14 178
4 940
19 928
25 308
3 585
9 248
9 715
13 556
25 468
18 535
15 213
10 890
13 941
6 77
20 7
9 475
11 72
14 346
24 560
5 461
10 548
18 455
20 336
22 163
9 118
19 21
7 526
1 325
7 991
1 260
18 30
8 781
2 987
2 72
4 687
12 411
22 775
11 485
5 983
5 172
6 811
6 452
10 426
