800
178 53
26 97
192 547
168 228
37 341
73 368
168 777
199 577
155 329
156 446
141 99
18 35
143 641
8 941
16 1000
76 980
139 879
171 101
135 965
176 838
25 794
26 442
73 127
128 985
51 118
144 575
1 268
85 385
35 587
99 52
44 961
90 747
159 825
164 287
117 807
66 922
137 119
190 702
183 290
158 903
85 97
189 97
165 393
151 955
147 32
180 600
111 599
95 579
118 75
189 484
152 830
45 956
66 688
27 5
98 758
53 43
55 309
47 779
179 159
122 513
161 465
199 817
118 346
200 720
20 924
93 737
122 805
81 202
50 520
167 239
120 709
97 77
47 779
145 103
119 424
90 685
24 594
106 607
178 289
44 12
190 254
135 133
94 946
96 499
97 850
73 320
112 893
191 427
161 977
179 441
89 42
105 610
49 638
40 137
43 540
33 679
116 461
25 596
90 26
34 686
37 765
18 980
198 51
80 108
67 382
81 388
40 797
2 363
107 376
174 586
143 51
66 119
153 823
57 297
131 902
142 110
117 898
200 816
58 375
60 362
37 241
113 330
35 179
200 654
52 407
172 332
177 441
37 768
131 198
166 56
21 936
122 560
177 735
76 655
148 397
8 549
40 463
145 43
3 788
102 84
25 81
179 546
40 78
89 523
52 485
77 658
82 21
121 78
13 116
99 378
198 283
169 564
146 84
92 367
86 839
101 371
171 258
163 639
121 487
20 370
188 284
128 405
108 154
151 535
131 99
156 8
184 66
163 434
19 601
94 894
40 831
169 998
65 293
70 927
18 655
71 223
36 994
120 262
85 694
111 410
192 483
95 591
158 882
193 92
32 955
127 660
29 740
181 161
187 901
94 182
175 29
183 49
20 861
6 505
17 52
110 881
28 520
158 72
36 162
93 822
40 83
144 684
119 298
14 889
129 456
27 178
175 717
41 654
3 150
158 710
90 78
83 217
62 888
97 379
136 259
51 27
138 778
187 637
143 351
3 476
113 526
38 365
136 995
64 746
2 722
113 370
137 502
162 19
144 360
185 643
11 345
40 727
107 544
122 261
135 690
94 952
56 87
165 509
4 996
20 961
7 229
178 62
191 838
15 461
107 857
176 624
45 559
169 445
114 621
15 251
133 867
40 733
98 337
30 65
21 769
9 311
158 48
200 499
20 889
124 389
122 445
100 213
42 899
101 742
166 262
22 202
57 604
131 17
39 643
46 228
106 619
39 191
197 863
184 291
86 577
127 82
47 112
39 126
94 677
113 230
34 546
15 234
65 157
108 554
102 816
158 313
110 102
137 354
169 684
164 145
118 836
31 458
163 419
170 137
175 16
75 699
17 357
176 208
11 813
160 963
193 437
69 116
3 225
66 603
164 999
18 70
104 724
22 388
22 678
142 298
134 959
142 315
6 923
199 860
157 499
192 21
27 486
33 51
103 1000
159 525
77 681
87 298
70 812
195 418
84 561
87 369
40 208
97 102
75 9
123 671
112 627
152 548
126 635
41 518
101 156
31 538
110 845
181 7
133 784
83 409
190 481
65 353
31 835
12 586
137 867
14 799
104 433
71 747
98 501
39 621
175 154
38 154
45 986
67 846
188 717
84 21
138 415
65 808
158 712
76 333
26 651
117 674
125 280
116 897
88 683
199 292
99 955
84 566
16 805
183 315
94 222
153 760
35 528
189 973
194 286
131 847
109 213
53 987
150 636
110 299
54 805
55 81
119 56
122 167
108 646
163 862
40 736
171 44
57 807
46 622
145 752
195 20
51 571
121 235
142 446
120 204
181 571
96 32
52 60
18 673
65 346
140 655
54 463
56 719
172 239
10 98
49 400
130 303
168 684
187 84
9 723
136 716
40 450
37 13
177 491
152 847
141 377
63 341
157 80
150 661
5 14
153 674
42 64
144 276
18 638
11 847
124 662
112 705
93 293
165 630
154 192
129 863
99 972
142 289
80 392
184 254
113 392
108 564
157 12
111 713
43 559
44 574
160 910
9 532
12 676
28 342
158 858
134 755
29 315
104 506
11 680
117 290
63 851
107 285
22 484
1 255
19 642
98 710
43 395
124 613
52 930
82 181
170 163
95 344
70 270
114 446
127 67
108 830
176 768
20 11
18 2
54 38
54 710
130 44
168 863
194 803
183 786
62 952
98 307
148 455
118 373
33 746
200 545
144 170
111 114
65 797
58 403
110 31
40 699
92 871
187 565
42 811
102 994
106 864
159 575
89 626
139 550
180 857
70 353
66 85
44 695
176 748
64 841
123 496
151 479
199 814
162 112
50 582
24 295
36 950
161 187
97 580
67 337
134 521
141 542
101 672
86 739
16 19
26 779
148 547
22 452
103 836
116 559
74 525
178 169
89 622
143 468
11 82
122 328
174 50
97 139
9 786
7 325
34 528
101 509
11 990
58 845
122 185
17 947
6 359
154 987
16 250
85 627
97 645
71 714
194 3
23 265
150 280
49 559
3 784
49 339
136 536
49 806
187 314
16 841
184 966
198 549
94 557
159 276
157 682
127 672
33 10
124 808
39 647
97 339
25 58
17 857
95 845
15 73
22 424
26 608
144 584
177 577
177 567
14 429
65 847
49 66
16 245
8 336
74 654
121 750
42 628
99 203
147 382
100 572
116 575
165 489
83 138
8 58
31 873
140 377
102 136
136 644
33 454
113 420
77 877
157 973
188 159
47 74
28 873
76 746
179 681
114 898
71 265
68 622
112 81
50 191
106 539
38 894
138 295
80 87
36 645
180 373
112 994
173 415
129 205
166 298
25 414
182 751
40 401
92 521
58 575
58 883
93 901
17 893
15 57
149 147
22 309
20 901
198 81
105 716
36 664
171 14
193 136
85 498
140 746
26 116
19 533
49 948
165 458
175 97
181 160
121 798
130 908
160 514
78 986
47 428
149 822
9 520
116 13
77 98
62 885
122 285
155 655
146 442
130 60
83 572
158 170
184 649
146 81
183 797
153 937
70 643
157 108
71 551
38 513
136 633
85 155
62 228
109 894
77 999
8 745
163 387
97 37
108 975
137 786
167 199
177 367
117 253
4 1
54 816
29 129
180 942
99 53
59 756
156 907
20 342
79 228
69 746
148 376
1 849
27 823
108 406
65 947
8 923
9 258
91 946
160 877
175 722
74 548
64 217
69 300
199 848
115 538
123 553
191 46
97 869
145 690
20 92
80 811
97 540
183 405
127 670
191 697
118 459
81 466
2 418
144 903
23 377
200 773
40 462
151 593
36 452
39 813
136 309
142 974
155 633
80 989
122 171
56 154
122 871
175 258
96 190
164 624
20 879
94 208
21 109
147 53
54 902
52 355
17 976
4 830
84 68
36 345
4 45
76 265
55 361
60 216
49 292
97 305
23 139
12 438
91 557
165 166
60 225
69 432
30 230
51 233
134 551
19 485
62 450
75 737
41 383
113 758
193 587
108 678
6 125
197 649
41 879
194 874
128 388
39 859
32 378
163 449
66 856
84 671
97 724
144 980
172 639
2 848
93 515
192 535
77 481
103 754
57 659
142 143
114 132
159 218
64 370
140 469
174 581
67 995
99 610
195 659
55 981
184 707
199 427
54 45
88 172
111 870
