900
140 710
150 762
185 832
52 488
116 239
192 634
208 229
169 364
224 62
169 720
89 397
69 527
60 299
157 841
81 155
219 848
196 513
163 485
153 782
66 954
28 397
172 456
61 563
89 514
131 1000
81 471
16 632
20 984
87 638
119 922
86 793
174 701
108 281
190 8
128 545
27 802
189 747
171 983
29 64
167 586
127 525
188 118
5 766
181 689
21 515
3 562
174 483
181 100
119 369
34 469
36 949
101 284
78 18
186 31
225 967
11 95
68 770
24 895
8 56
70 193
160 811
89 791
219 204
203 213
18 415
92 499
61 823
33 806
160 424
35 106
121 494
102 695
171 792
55 794
91 857
221 656
116 800
185 752
57 319
219 261
87 171
132 868
158 283
66 251
212 916
117 49
196 241
77 387
49 641
152 150
3 750
139 155
48 600
59 112
117 19
174 484
16 737
136 756
67 219
198 141
81 258
197 565
150 175
72 631
158 242
122 620
103 611
14 639
63 906
202 950
16 308
16 240
205 654
61 46
90 442
87 32
125 203
153 167
34 174
218 962
27 860
120 364
108 515
59 703
139 210
150 119
50 467
68 906
203 225
192 725
223 148
143 917
136 995
27 32
102 584
67 292
10 449
128 124
57 506
32 802
198 789
125 186
29 637
88 526
8 392
220 601
225 736
132 504
102 645
48 275
141 128
15 380
50 111
20 4
114 415
57 154
123 408
119 90
178 646
83 257
194 419
58 352
3 920
164 467
132 935
99 478
191 148
196 335
174 317
151 844
34 809
44 690
50 761
170 687
142 605
201 354
142 624
207 763
81 400
182 669
9 819
132 273
43 200
105 958
17 910
196 853
168 141
114 495
225 658
110 710
189 261
218 157
48 103
165 233
45 758
104 469
68 236
221 62
16 505
192 866
37 310
184 515
71 585
55 521
75 22
32 752
12 165
85 988
191 751
104 303
184 704
90 912
195 736
175 939
67 475
5 444
10 471
135 280
166 203
159 611
209 397
191 513
8 602
126 110
28 538
146 887
219 854
92 461
100 654
216 848
214 444
69 18
5 647
17 414
107 329
101 510
46 341
73 647
211 601
109 727
129 82
127 622
172 822
64 493
113 641
114 935
21 232
95 603
212 39
92 801
40 929
11 51
93 920
112 914
123 241
3 204
58 770
103 977
79 365
70 150
11 490
142 125
122 633
113 625
91 67
88 768
8 923
127 710
220 568
82 229
73 328
67 668
101 921
208 285
200 964
135 960
28 955
56 115
61 919
17 998
223 334
212 23
52 800
163 80
6 81
141 96
92 370
217 873
208 630
117 573
221 104
219 829
22 438
22 859
40 361
111 165
27 447
126 126
73 703
164 304
154 376
212 988
203 358
178 896
125 732
11 954
16 735
152 444
43 901
8 311
65 31
57 458
145 152
153 710
35 195
42 104
77 400
79 186
156 569
4 283
110 51
114 626
20 8
225 646
49 301
34 632
123 411
2 67
101 522
73 451
199 645
148 630
80 896
164 826
160 815
162 634
172 507
17 920
197 427
88 282
63 569
9 766
207 468
5 988
159 935
208 689
214 607
106 87
109 818
22 964
27 313
12 331
154 715
209 492
15 442
216 425
78 814
139 601
77 575
210 751
111 173
157 708
153 694
198 551
15 945
48 372
215 497
181 620
119 727
182 468
216 431
12 232
178 754
108 855
35 443
54 967
88 75
134 205
179 291
85 400
76 463
208 661
77 257
153 613
91 440
193 434
116 648
98 19
147 593
106 689
153 111
79 283
197 937
179 472
84 30
205 533
186 536
120 694
23 686
153 934
131 84
5 989
221 10
47 344
53 271
138 717
201 500
53 36
167 258
122 897
84 494
61 524
8 981
77 498
92 399
84 30
77 651
184 179
116 183
135 578
10 8
177 132
11 868
159 771
92 926
71 264
37 430
88 777
178 623
160 697
128 482
136 827
218 495
121 607
108 196
188 936
63 420
60 237
144 518
191 121
35 980
14 872
64 318
57 200
50 255
27 527
22 721
202 341
159 91
176 52
4 354
55 508
66 703
178 439
161 82
83 625
67 77
69 755
120 966
123 960
51 947
218 35
97 64
108 990
36 359
110 618
180 752
114 574
75 536
149 284
56 200
130 163
134 6
70 943
57 154
112 985
108 947
34 826
215 854
152 473
124 465
37 343
1 426
52 824
49 801
115 838
20 522
44 790
178 147
109 117
182 259
104 753
7 478
76 544
9 955
5 199
107 227
21 381
169 353
90 901
35 525
83 321
184 26
178 347
65 76
20 426
158 716
69 274
57 43
154 742
83 112
210 43
177 46
71 74
195 826
147 352
223 959
86 858
210 264
71 118
120 728
25 691
212 341
141 936
110 650
73 39
19 697
191 356
56 244
89 743
139 781
114 749
5 938
178 521
223 212
186 392
225 376
54 402
212 875
108 198
85 986
173 818
158 23
10 450
39 67
43 688
42 561
66 276
152 240
124 409
172 275
117 238
92 271
125 600
194 262
220 563
137 237
2 787
200 353
214 787
112 153
39 686
38 76
56 179
108 780
194 346
77 658
122 343
18 475
211 13
109 908
198 333
52 504
202 138
27 120
149 645
76 786
150 975
217 627
118 766
114 812
52 713
157 218
153 707
160 425
134 89
192 632
199 641
130 449
39 774
17 407
208 47
107 242
222 133
93 241
24 235
154 557
83 658
53 148
189 943
139 682
37 340
49 875
134 655
47 152
122 283
4 597
20 10
83 319
43 491
140 417
81 312
95 775
85 284
151 166
225 540
221 169
216 318
1 702
30 705
157 755
147 575
99 680
178 546
68 608
24 244
211 259
43 247
1 656
114 251
167 534
98 95
63 195
151 336
180 821
193 443
39 183
128 796
178 738
85 43
190 739
71 535
21 763
2 375
171 78
137 827
30 462
142 875
123 23
29 296
21 230
17 644
41 182
82 371
115 16
20 216
153 965
77 864
201 798
105 677
206 424
55 367
129 997
69 63
147 946
83 976
25 255
69 277
26 833
60 91
91 571
163 656
87 194
57 721
129 801
10 980
115 763
112 521
183 605
137 996
28 300
195 289
191 322
34 913
216 284
112 500
46 992
71 941
139 722
69 594
138 265
211 567
69 802
24 938
147 210
59 432
36 282
169 752
186 525
107 248
62 1
51 319
137 355
92 408
218 918
40 175
181 189
27 501
200 586
119 916
206 214
54 349
213 4
57 650
96 404
127 952
192 349
132 515
152 615
134 712
201 562
73 940
5 508
18 730
136 771
127 604
206 762
124 252
64 567
169 520
20 277
181 591
98 618
199 895
185 9
193 324
214 886
221 220
131 250
46 177
29 148
119 975
217 651
63 729
184 645
200 580
52 664
218 721
118 325
107 441
198 49
101 858
89 483
159 884
157 408
147 633
43 366
52 505
185 734
224 176
106 685
47 298
79 256
207 680
167 524
79 430
182 775
100 662
34 446
209 935
122 480
186 753
7 878
87 594
163 663
32 962
99 253
154 662
24 335
169 166
81 755
127 586
163 365
184 517
66 221
140 295
190 554
74 882
192 464
29 198
158 495
163 2
98 210
176 581
57 346
47 864
118 972
34 433
39 39
140 850
154 891
82 264
35 993
165 148
202 600
99 779
86 48
4 912
208 383
167 729
1 163
52 735
16 627
129 870
23 754
30 633
128 354
121 755
175 617
85 552
144 129
216 190
1 157
45 378
78 207
147 87
144 427
171 527
224 346
213 419
181 620
34 805
157 294
204 989
194 680
213 159
173 916
20 6
166 994
129 115
82 545
14 890
107 488
69 820
4 138
109 189
179 243
115 909
8 399
41 343
15 659
153 867
119 110
71 455
38 589
72 213
178 423
77 417
21 929
160 860
139 813
158 532
10 315
95 363
126 858
169 143
198 17
25 439
17 470
140 503
32 948
26 794
172 450
218 862
114 215
82 1
140 751
105 734
3 299
172 309
94 887
199 578
168 935
213 483
86 905
203 354
111 707
105 806
11 534
67 341
171 94
29 12
51 531
96 815
49 615
17 758
16 845
208 742
180 61
67 922
