400
97 836
6 122
100 713
69 580
32 605
74 618
33 252
82 867
35 463
75 133
44 170
41 350
90 561
44 245
73 610
69 862
5 526
13 230
18 526
24 803
63 655
46 8
98 810
69 652
85 41
50 183
16 549
90 690
68 778
47 80
74 573
42 78
16 206
38 679
44 517
8 234
54 133
6 82
69 242
44 739
100 100
90 240
31 250
44 813
24 934
14 562
29 279
51 810
36 692
93 680
6 985
10 607
53 233
20 64
75 882
35 289
78 721
87 796
99 884
28 542
71 7
39 900
98 935
25 210
60 13
73 236
4 235
79 927
82 898
98 150
82 579
75 829
68 369
19 920
83 405
81 92
25 669
85 385
69 701
85 255
81 622
75 91
98 608
2 878
76 632
17 351
94 8
9 395
97 199
72 850
55 840
52 490
27 421
4 590
91 760
54 608
1 616
41 891
37 735
6 991
34 514
59 832
77 836
37 806
58 960
92 360
88 587
44 742
27 394
16 313
23 349
35 363
13 23
38 210
73 673
42 581
8 39
12 787
65 557
46 581
46 618
79 86
8 358
52 909
3 202
36 234
64 495
55 752
58 346
36 759
65 350
96 42
6 204
70 133
69 862
43 441
31 649
98 175
68 729
26 620
74 84
52 259
74 583
58 133
19 728
71 955
83 587
39 506
2 708
1 890
62 573
14 312
16 374
50 544
69 931
22 416
5 871
74 877
36 266
66 332
64 619
73 549
50 214
76 157
78 683
25 849
86 808
94 97
23 529
36 640
35 48
15 97
75 162
40 334
88 927
34 51
86 505
25 886
5 429
59 194
6 964
23 791
79 96
13 613
88 184
78 120
1 993
64 68
52 411
7 449
92 402
28 868
8 839
11 381
74 270
90 139
81 598
83 797
86 566
99 477
29 253
61 801
16 785
55 133
38 752
83 887
7 249
94 744
58 944
87 772
38 539
39 246
21 656
79 882
59 910
3 684
91 472
55 415
15 622
36 95
85 399
36 18
76 140
83 865
53 573
36 908
73 301
12 20
49 180
80 199
42 953
79 472
96 969
25 554
29 23
32 425
52 3
39 722
80 411
93 407
61 142
94 765
12 387
31 513
94 507
89 179
23 396
94 899
27 722
92 356
93 989
16 478
35 149
28 46
36 692
74 895
88 718
11 198
59 973
31 482
64 701
34 650
32 251
18 650
18 354
23 59
35 866
46 819
76 9
52 41
21 268
82 610
64 304
57 304
37 610
21 2
83 626
39 146
48 186
85 571
50 504
11 820
84 283
49 249
74 363
55 582
74 774
99 354
55 212
78 899
56 652
32 777
28 791
94 861
13 985
51 267
54 329
58 623
56 183
25 16
11 228
20 95
27 742
21 873
22 140
49 92
63 380
53 71
82 990
88 132
49 426
52 938
66 580
92 462
30 22
66 11
13 996
44 979
39 868
70 562
73 48
6 127
99 252
79 99
3 855
66 555
19 314
9 543
90 558
78 45
89 137
59 928
1 937
94 78
87 404
26 556
17 281
12 889
75 868
30 139
57 579
46 986
4 857
18 333
90 343
41 998
60 214
36 471
76 386
81 323
78 853
40 396
13 32
62 106
56 61
5 593
86 109
71 727
49 456
29 756
21 917
20 359
4 79
10 497
20 477
69 246
52 31
57 944
94 710
8 441
85 801
42 260
42 183
47 590
40 287
9 360
53 881
59 396
11 456
24 681
98 660
95 386
57 914
61 568
40 809
66 859
76 478
18 697
8 92
31 353
69 640
9 562
38 182
75 563
69 888
27 18
6 337
80 499
76 446
98 91
