100
12 169
20 73
17 132
7 227
8 504
20 384
16 987
20 898
15 375
16 91
21 585
5 636
25 289
2 594
17 276
9 374
16 979
5 184
6 395
8 99
17 628
4 725
18 3
5 608
9 76
25 988
3 776
14 123
17 873
3 427
14 217
7 517
12 242
8 618
11 334
17 103
22 12
11 326
3 849
8 466
8 170
21 268
16 105
25 293
2 165
13 464
18 282
10 76
20 53
14 999
14 521
23 104
21 239
17 530
2 560
1 802
11 813
25 548
4 972
15 954
12 671
19 811
3 4
9 511
15 739
17 587
20 955
22 836
4 900
11 214
17 868
10 917
24 909
20 110
2 728
11 337
8 450
25 927
6 105
13 651
18 806
6 218
2 719
5 589
13 451
16 930
18 631
1 220
19 570
5 210
1 361
14 230
19 248
10 795
15 648
15 64
11 373
15 256
7 887
15 408
