700
12 387
25 855
125 851
65 334
114 196
52 91
71 385
130 224
59 782
10 952
39 637
41 670
53 877
113 659
39 406
75 652
136 387
79 8
143 551
150 789
159 114
142 537
151 67
90 281
79 715
57 442
138 614
152 286
158 328
91 927
105 693
52 210
143 502
78 323
152 271
70 999
8 282
47 50
95 125
17 409
50 921
14 224
146 139
60 786
135 276
160 179
169 416
169 654
59 167
8 124
150 501
28 512
151 469
102 68
89 636
139 948
165 80
137 78
22 136
41 175
97 834
31 581
96 77
149 955
165 957
121 575
125 658
28 791
142 128
46 327
136 686
51 407
26 313
156 323
23 988
53 445
50 423
108 442
30 459
148 198
69 538
29 684
125 529
98 416
13 546
57 768
111 245
63 955
128 799
96 183
121 549
6 204
172 755
58 52
5 182
138 246
86 976
153 613
149 994
175 808
86 541
26 716
118 205
154 861
39 54
166 750
19 918
89 401
48 494
155 105
25 903
1 840
8 638
140 580
158 517
9 172
131 547
114 292
12 645
80 736
128 456
57 98
134 634
36 902
100 849
103 270
174 660
3 703
19 704
161 74
126 39
97 377
82 780
113 660
132 592
73 813
121 539
62 394
28 952
126 678
93 877
170 846
8 911
84 42
27 928
154 4
32 991
61 681
96 607
137 993
154 953
2 214
98 803
62 317
53 380
72 495
165 22
14 291
110 284
49 881
87 255
155 841
68 773
87 673
77 892
1 423
153 895
111 866
29 293
124 193
119 336
135 197
164 331
12 110
97 354
58 428
68 697
150 318
169 807
32 90
103 485
29 188
154 711
107 388
153 830
17 183
98 46
5 578
112 528
118 937
142 139
20 526
48 171
105 367
41 148
159 953
13 728
25 280
24 202
69 150
168 549
15 605
145 267
77 951
56 306
24 221
83 315
53 204
32 992
3 215
174 921
139 623
131 783
131 161
52 987
34 664
20 935
28 533
69 254
119 575
37 488
161 371
68 659
13 593
157 4
5 803
11 852
154 875
33 904
53 340
155 452
147 332
53 858
79 654
161 77
10 244
81 628
19 995
52 206
11 438
141 164
19 493
20 867
62 734
132 246
50 506
29 803
148 991
79 106
92 871
96 172
15 94
125 546
36 513
17 487
86 894
28 122
17 879
19 674
170 387
1 691
129 283
96 8
4 24
17 322
145 890
109 191
144 911
65 776
129 411
146 439
106 394
113 553
138 202
89 894
5 907
162 555
102 261
75 951
13 241
172 988
96 553
16 101
73 889
14 62
148 727
44 646
113 623
112 858
93 188
73 435
170 864
40 461
6 544
98 725
43 495
23 63
28 927
124 813
60 643
21 774
100 122
87 984
80 21
54 396
43 310
173 408
52 608
107 437
107 201
14 196
35 996
30 387
3 5
140 859
138 900
26 456
39 881
3 378
73 169
125 122
108 143
54 495
124 966
72 558
109 442
64 383
150 731
50 716
40 807
164 847
81 795
164 330
98 738
42 305
18 424
67 461
135 564
157 256
43 906
37 113
135 301
119 998
27 559
8 319
132 832
157 177
89 395
76 25
107 881
21 621
57 121
126 541
23 943
41 818
11 979
126 892
22 253
20 297
76 931
66 468
79 402
152 17
173 348
169 815
18 498
172 712
41 533
69 296
20 955
37 937
66 41
10 745
123 830
159 162
153 455
112 712
130 677
63 161
172 760
146 718
23 162
27 161
98 303
23 192
44 753
10 199
106 58
116 995
43 646
148 484
53 827
155 201
107 895
38 370
111 741
41 329
27 534
120 25
148 313
31 904
64 898
18 961
44 901
135 154
21 506
60 215
165 235
92 532
34 692
13 845
128 958
88 307
52 904
85 212
117 578
105 685
33 993
7 61
126 102
170 779
119 779
172 714
48 409
52 910
99 236
112 69
144 430
98 703
167 295
12 458
11 285
117 571
25 328
18 606
4 496
172 764
170 29
120 149
163 934
63 455
40 697
135 421
127 961
9 753
130 258
89 567
169 377
86 625
131 733
162 71
62 560
70 873
67 140
138 245
162 26
31 965
27 483
61 493
27 405
30 390
7 943
93 91
161 223
162 58
107 483
36 464
164 196
81 922
109 754
112 765
118 238
77 70
105 807
121 690
23 99
114 392
119 979
17 352
103 668
165 311
76 776
22 248
26 682
62 205
110 355
158 645
4 737
51 752
2 64
147 825
76 200
17 809
33 351
165 636
15 541
2 845
35 966
64 444
71 756
162 651
151 342
120 968
28 285
26 324
115 221
102 53
175 579
98 946
45 687
155 239
6 404
161 376
36 794
152 273
175 139
136 301
86 383
159 375
136 576
87 597
103 941
125 23
79 405
162 97
94 526
156 80
80 708
68 953
40 818
132 547
18 407
133 271
44 256
76 765
21 824
104 47
64 921
49 674
151 622
62 198
89 611
31 688
141 194
110 515
36 754
22 46
148 59
43 260
113 240
147 355
142 459
63 282
83 477
165 70
118 242
135 858
10 18
34 586
52 605
161 660
17 640
71 8
159 103
39 351
63 487
151 708
24 53
96 352
69 173
12 342
136 22
63 323
54 177
165 752
67 433
157 185
38 209
116 823
120 232
143 400
173 993
25 843
19 922
32 899
169 20
72 794
48 927
34 229
62 754
127 721
130 616
60 520
98 435
110 730
119 903
19 218
147 161
129 240
61 411
97 165
63 197
61 800
65 764
54 648
100 481
66 645
92 77
155 337
55 486
6 17
89 33
71 681
81 285
132 216
40 257
99 762
145 9
167 139
153 603
56 999
108 332
53 187
132 818
100 664
28 281
114 763
163 844
4 705
139 14
6 601
17 823
150 794
85 434
128 510
77 837
78 692
17 216
75 686
57 881
88 22
104 710
109 184
110 810
135 816
99 859
38 651
25 159
167 729
121 484
63 257
153 338
77 374
35 158
145 494
81 17
138 878
56 407
13 453
129 62
108 463
38 98
35 299
135 940
32 466
74 207
9 422
151 692
170 507
145 914
62 53
123 795
27 541
28 187
144 387
116 299
159 518
9 459
20 384
132 622
127 816
141 954
61 153
38 877
71 623
110 410
8 439
28 970
36 181
63 359
89 308
19 554
16 687
11 871
11 528
136 771
116 301
36 495
162 664
54 278
