900
164 3
94 667
85 607
173 295
184 239
26 600
178 210
134 748
90 683
40 218
115 737
24 749
139 501
37 713
222 524
158 304
125 115
39 582
211 987
109 397
86 584
213 777
4 14
97 499
43 866
139 871
74 503
73 48
105 69
101 206
192 91
40 293
165 999
184 554
67 287
218 581
86 990
162 32
95 347
159 568
117 70
209 519
82 582
64 524
203 138
55 822
108 611
8 9
141 187
11 880
172 175
101 838
121 238
152 26
98 911
129 870
86 113
149 685
182 304
92 359
208 589
99 685
50 650
199 368
60 681
155 153
162 678
1 13
149 337
53 522
12 576
114 565
73 474
169 756
145 395
25 246
59 285
120 281
175 107
186 69
174 56
151 748
100 338
39 57
224 668
157 293
54 290
73 42
119 650
152 167
74 911
49 372
151 232
131 504
67 405
25 957
128 750
53 503
119 748
46 443
11 508
173 87
27 681
61 495
181 781
77 923
22 466
99 979
17 412
146 413
137 31
1 315
98 72
110 303
27 91
169 664
62 289
67 171
80 244
219 111
66 540
110 126
40 14
176 750
163 368
43 212
32 360
103 441
215 254
28 810
134 391
147 463
110 381
173 210
164 799
57 905
63 788
121 27
202 45
160 263
3 238
112 24
116 26
22 627
221 402
49 252
157 602
211 401
42 810
222 42
207 953
153 290
223 201
182 361
137 123
136 3
152 900
85 866
5 547
87 255
111 781
71 306
77 211
166 320
147 514
13 866
179 846
104 3
139 179
201 905
146 163
207 281
103 228
123 605
213 142
166 71
23 277
89 234
7 713
38 270
175 251
202 101
203 716
184 765
99 279
94 690
192 134
208 585
26 711
175 728
117 167
39 518
178 898
97 235
20 234
198 319
197 161
38 689
6 505
175 88
172 818
142 531
179 659
141 400
85 36
84 914
120 326
27 487
166 804
198 36
192 771
142 274
19 250
144 939
210 25
202 966
93 374
135 548
2 971
148 797
159 480
93 875
13 401
216 409
134 639
212 106
174 992
42 607
196 457
142 54
180 515
156 343
143 799
159 25
27 116
159 846
165 267
50 431
111 147
192 976
46 761
192 208
13 391
125 59
101 687
16 83
52 711
71 525
25 306
32 518
224 633
177 556
173 734
126 881
73 547
42 777
153 403
12 316
20 718
46 684
87 10
187 873
63 502
73 721
91 649
189 599
106 597
125 206
57 387
121 168
193 50
156 670
149 850
126 321
225 131
35 977
50 915
49 345
182 55
64 304
199 525
116 300
14 376
225 478
47 785
183 606
37 242
132 527
136 897
110 426
109 478
161 254
188 620
130 782
85 334
148 651
38 111
35 970
50 608
99 191
108 82
112 558
9 471
147 369
3 919
56 671
192 229
122 807
224 709
166 150
23 832
139 304
221 43
147 690
186 321
64 656
12 250
55 195
30 587
165 122
26 590
155 514
18 60
214 839
98 410
26 717
178 737
168 104
36 982
159 189
134 801
151 916
187 571
86 702
73 337
154 63
18 13
101 934
188 875
211 781
40 160
89 485
140 426
90 686
120 749
122 555
82 729
31 825
128 465
162 664
73 665
75 267
48 631
119 741
127 792
13 607
89 686
68 506
183 169
145 286
34 364
88 862
53 413
124 896
196 717
224 6
23 44
195 567
87 486
63 799
141 669
16 899
167 953
180 172
36 779
77 96
114 986
68 682
95 900
86 299
15 69
134 223
99 604
183 98
52 269
87 452
56 811
182 185
95 290
170 607
97 542
204 215
107 343
201 567
190 780
141 439
135 155
29 587
10 858
25 906
197 501
203 416
46 785
53 713
198 207
111 48
129 677
157 419
116 359
222 101
123 442
147 141
161 56
75 326
45 323
122 980
89 730
2 942
87 671
155 61
52 165
149 805
35 908
189 247
190 535
193 559
192 821
162 903
220 351
82 505
138 900
214 747
127 848
128 603
165 851
214 398
144 135
106 618
180 577
94 220
205 60
130 716
144 948
106 16
160 299
38 401
109 996
187 593
42 244
66 708
36 975
79 682
100 737
156 368
224 656
110 468
121 127
37 630
98 560
136 884
206 347
18 462
82 160
50 136
149 851
138 545
33 190
134 772
145 908
137 726
216 944
62 973
116 546
40 935
30 417
146 110
89 800
17 992
224 464
75 360
31 330
192 131
34 115
192 854
200 954
173 647
59 825
56 634
198 191
37 788
106 380
153 407
129 18
218 5
102 370
152 360
80 385
163 384
184 962
38 301
170 577
1 93
223 725
149 129
72 227
43 173
5 502
91 932
119 277
217 308
2 94
46 724
106 966
36 66
94 5
73 642
101 963
1 274
51 912
71 286
186 206
158 9
156 274
206 194
150 637
35 657
68 673
78 8
22 236
217 57
123 687
35 765
61 473
140 371
173 524
156 489
4 133
64 145
182 195
85 558
223 787
176 547
77 390
76 357
11 569
99 594
203 461
99 693
209 698
147 644
85 386
113 860
79 407
119 576
184 466
18 975
137 360
12 108
150 473
123 4
39 953
99 733
183 908
213 885
114 454
153 937
27 682
62 920
161 770
206 254
134 951
189 149
50 190
119 812
179 1000
107 125
15 408
94 952
155 879
33 535
154 180
111 715
93 57
100 471
153 338
195 531
121 509
152 768
215 213
95 168
71 20
157 917
120 912
99 508
152 296
129 223
168 195
123 446
50 755
57 989
99 341
130 416
79 385
200 644
224 100
38 632
58 749
100 673
132 38
140 103
109 500
207 90
173 968
70 102
220 922
156 48
189 732
108 433
76 849
12 143
92 845
109 717
194 351
81 140
136 646
120 899
159 814
98 128
221 536
221 665
187 570
70 629
171 276
46 116
144 893
125 734
201 780
5 61
182 349
70 111
94 258
203 300
159 10
118 178
12 478
26 927
158 847
161 974
45 645
19 383
167 697
217 738
61 871
135 905
184 588
109 901
118 867
175 837
53 208
73 653
102 607
73 593
210 854
149 936
215 854
134 402
125 943
40 744
142 274
18 15
70 91
220 977
175 790
25 892
135 77
15 526
52 982
67 462
72 71
23 588
115 137
143 358
142 636
57 318
61 677
20 840
55 810
52 564
219 117
160 144
24 952
50 33
111 936
210 183
56 761
155 999
91 621
46 716
48 848
32 339
55 258
181 946
145 294
15 397
68 167
137 429
185 651
209 303
179 992
221 796
90 179
35 955
149 571
206 415
131 282
12 856
139 199
92 651
61 165
110 123
139 821
66 180
50 243
125 258
127 622
67 549
170 256
188 851
103 638
93 92
172 228
15 579
70 705
178 91
221 958
57 727
208 144
163 227
150 910
125 876
4 43
107 729
201 778
155 241
139 738
52 568
188 513
140 207
214 843
139 267
33 567
112 474
220 162
119 997
35 160
173 58
187 650
16 778
15 571
190 241
33 318
46 705
34 748
51 131
206 997
84 59
37 126
145 205
183 612
54 89
102 718
43 210
200 729
212 778
94 211
17 395
219 475
2 529
37 826
194 684
62 224
100 193
63 106
67 923
14 191
38 374
151 903
19 765
194 965
40 635
118 260
20 798
112 593
175 357
29 560
192 571
66 201
214 909
54 305
4 952
167 239
88 155
208 731
105 736
121 955
116 270
219 894
124 425
115 166
202 876
163 999
1 327
87 443
101 239
200 699
85 513
208 534
64 544
192 668
150 801
69 742
43 828
145 409
200 32
63 370
79 393
14 736
208 900
57 355
42 179
136 25
222 81
212 222
185 370
134 320
111 173
15 758
197 482
20 747
71 598
194 708
120 692
21 773
180 818
87 207
55 226
191 209
177 924
195 1000
64 985
154 867
37 481
77 105
22 627
99 442
12 31
55 342
103 925
43 4
45 560
53 534
24 253
27 425
118 711
150 558
61 398
217 53
35 603
157 600
97 834
211 12
152 193
189 231
133 669
55 557
120 440
7 704
68 49
105 853
123 591
30 448
224 548
12 20
178 654
57 71
124 160
225 190
33 78
178 426
82 627
194 71
206 176
154 164
58 921
49 567
196 718
63 720
171 326
30 96
38 257
