900
218 758
153 198
85 167
127 56
15 598
70 968
198 726
161 67
126 53
44 358
3 532
212 573
202 981
88 215
189 426
154 789
128 214
161 379
77 28
122 420
67 337
14 813
48 767
91 402
84 866
214 154
174 859
173 255
20 356
63 623
77 608
130 691
116 196
132 594
57 378
212 129
68 672
140 601
200 1
9 549
87 600
191 617
91 408
225 9
136 85
114 115
110 939
129 232
88 105
13 911
6 401
31 39
32 674
177 239
51 100
187 334
174 663
172 391
151 221
26 675
116 874
140 944
71 164
79 385
9 270
87 519
63 442
84 384
66 398
220 45
73 474
214 604
124 533
181 137
202 692
223 468
154 518
80 616
79 343
194 979
54 152
32 636
186 663
126 526
127 720
107 304
10 285
199 288
12 143
7 185
49 295
113 560
107 234
122 401
161 537
107 925
10 372
106 58
64 909
28 951
140 387
31 426
211 784
48 189
217 607
76 388
84 206
99 664
14 577
47 925
16 777
183 864
187 738
200 229
166 83
8 299
140 530
66 411
59 276
98 311
151 347
10 915
163 783
101 922
140 500
210 183
51 945
183 104
9 681
109 765
95 495
4 430
174 212
145 517
157 654
106 437
120 138
86 433
102 645
106 886
190 87
10 247
149 559
153 214
137 607
81 339
213 389
35 686
194 539
8 937
67 572
168 78
54 613
51 13
65 965
197 741
11 497
13 393
111 597
196 584
10 577
47 803
157 349
204 991
105 731
117 559
202 12
97 739
218 772
216 485
10 996
219 153
139 258
20 282
196 327
3 565
183 485
53 437
2 970
155 997
110 566
4 987
196 82
211 646
141 479
43 326
178 313
157 654
212 610
86 571
71 575
192 989
153 273
102 988
117 960
54 350
63 494
197 838
181 718
140 629
191 907
208 302
86 74
149 323
119 409
58 649
207 52
12 248
92 639
194 121
124 127
206 10
138 551
30 881
83 394
30 746
118 257
4 830
170 995
28 976
89 141
121 700
194 370
114 435
143 321
119 511
59 177
36 961
191 172
167 843
168 875
138 413
57 889
206 226
44 267
71 550
156 364
155 571
152 980
94 477
86 905
187 476
221 372
218 382
111 4
57 451
203 650
29 48
98 574
128 644
202 546
224 178
119 551
65 95
136 551
157 553
75 119
170 764
154 409
9 823
20 746
18 868
10 328
36 223
36 328
105 617
82 80
117 698
22 964
181 212
192 816
133 949
109 171
187 69
26 381
209 461
15 87
181 366
126 903
64 77
162 671
52 782
134 340
63 24
39 750
225 89
212 368
106 820
103 714
78 184
30 880
149 710
9 744
157 139
67 910
17 897
152 542
209 136
142 846
174 855
193 99
79 228
41 250
203 726
34 195
167 919
135 746
170 400
37 224
47 848
121 76
185 230
70 780
119 732
207 459
155 402
61 487
104 470
79 578
170 463
9 733
155 490
127 911
164 367
4 538
34 293
118 836
65 122
46 839
64 687
94 478
79 516
146 294
15 741
167 632
32 418
116 768
179 180
148 678
106 139
141 338
60 367
73 387
149 797
212 146
157 80
181 747
87 758
102 73
185 691
64 992
173 527
198 615
63 647
31 434
223 483
191 895
142 886
131 293
61 871
17 881
58 144
150 248
24 651
140 255
55 530
119 279
22 444
195 645
11 108
176 748
48 626
169 413
86 969
92 716
186 272
215 522
86 914
154 742
104 996
158 748
124 626
150 124
192 956
223 560
27 42
161 570
118 413
77 704
127 823
48 385
208 18
96 492
160 372
77 226
152 355
205 538
10 904
196 832
46 555
174 274
92 522
7 37
203 70
2 11
113 60
189 945
68 419
114 16
223 318
14 118
120 701
91 126
158 726
9 996
25 767
124 967
170 80
179 986
160 523
21 670
98 293
154 778
73 766
68 453
223 354
210 571
38 924
78 550
101 59
31 351
16 641
19 5
177 547
76 582
6 888
30 126
91 339
220 776
130 771
18 804
78 997
123 7
90 433
34 472
55 59
164 766
84 768
129 204
212 720
63 136
42 667
22 447
161 760
165 480
47 596
122 698
11 16
223 517
27 273
36 418
8 776
52 399
125 660
128 996
115 973
135 24
191 682
6 671
129 430
143 216
32 81
79 108
16 390
15 462
122 167
161 221
140 95
188 840
32 520
12 301
140 110
37 16
25 900
162 940
40 82
37 630
42 810
181 264
178 131
172 451
3 457
65 875
62 385
84 963
210 991
17 280
211 774
190 18
206 867
65 138
112 95
81 254
117 753
17 894
138 200
44 123
200 401
57 422
219 627
111 229
156 316
203 621
17 589
179 247
222 166
37 917
47 679
222 693
138 748
88 128
138 370
54 233
62 628
63 462
190 215
107 157
79 398
200 928
75 489
149 683
185 662
82 398
115 658
26 438
151 778
193 506
178 787
78 750
124 10
11 864
131 671
35 323
84 654
140 997
22 920
29 97
158 269
140 960
122 636
206 18
219 801
176 462
36 407
222 118
190 909
98 869
91 89
210 735
36 149
190 742
29 841
176 580
144 894
20 655
45 785
182 381
103 451
127 169
102 758
33 895
101 726
23 729
154 717
213 195
29 379
99 136
80 665
189 46
121 374
43 83
52 490
179 978
215 862
16 695
113 582
65 291
225 123
89 448
221 807
85 576
104 645
145 729
138 711
21 324
141 364
155 303
127 989
197 757
7 577
37 574
55 426
32 482
140 935
217 414
62 975
21 814
23 641
195 923
97 827
56 204
159 926
123 680
148 127
18 373
31 379
148 179
6 655
166 903
132 291
87 972
185 66
93 457
225 269
45 48
211 255
18 174
201 115
220 958
2 751
18 272
24 352
132 768
96 233
201 139
126 995
149 739
65 671
17 651
33 400
63 928
215 776
168 120
99 433
139 732
44 736
152 421
147 910
92 390
17 544
203 739
132 28
112 631
219 122
27 625
32 779
101 382
109 47
223 223
79 440
135 990
63 198
168 125
165 712
55 840
140 655
40 846
155 518
102 640
86 858
208 524
124 584
115 883
2 113
171 701
205 848
181 285
181 558
206 788
192 888
179 574
78 990
7 759
200 37
208 196
57 507
84 608
148 287
120 319
98 688
68 164
130 612
23 144
83 381
121 719
74 3
59 585
33 352
58 512
56 205
112 513
95 400
120 74
215 332
157 222
219 840
127 869
20 749
126 823
174 968
127 909
72 317
145 650
207 897
96 853
225 222
7 7
166 784
146 327
115 942
204 273
30 53
88 143
79 159
175 446
15 83
162 159
136 402
186 159
188 899
117 865
22 238
45 71
157 747
6 41
75 235
130 745
167 847
214 688
162 918
35 461
65 926
22 455
203 118
129 980
63 697
213 298
153 501
161 407
83 524
136 28
56 352
63 891
107 64
123 677
166 783
29 718
88 815
12 564
9 923
77 407
67 45
197 561
191 242
207 591
11 636
225 281
154 801
161 69
144 514
219 450
32 770
176 466
71 44
141 611
165 161
155 620
72 796
217 260
17 927
24 962
170 716
27 688
24 869
99 411
22 800
56 742
155 602
179 794
187 758
114 989
125 37
199 824
91 327
216 83
206 416
72 717
82 648
59 345
87 527
62 735
142 242
205 440
14 426
59 850
215 844
192 885
223 702
208 731
55 464
119 801
78 635
22 301
208 540
209 450
150 326
142 437
176 650
102 915
53 662
130 269
105 28
89 953
164 311
17 788
22 734
125 165
99 475
114 705
99 48
156 373
164 245
194 967
84 838
81 244
70 504
40 620
147 364
116 722
82 189
201 745
90 591
203 929
185 527
133 697
29 586
39 543
92 116
96 607
181 580
174 151
106 464
2 550
142 405
175 785
41 744
135 157
115 880
85 460
84 478
52 410
197 444
56 303
128 402
222 127
120 755
88 275
142 956
44 644
11 721
12 996
50 813
110 19
92 176
210 796
178 316
60 863
167 941
207 193
110 621
34 555
40 632
157 451
66 134
102 837
87 420
128 840
47 365
112 796
188 584
168 837
91 555
215 915
144 998
84 752
196 224
38 854
21 316
104 472
70 955
