900
71 803
42 574
193 548
7 642
69 180
189 134
131 825
26 348
56 41
83 545
27 531
44 374
211 650
211 245
9 500
144 214
84 864
46 998
189 633
167 851
209 515
200 574
148 939
21 688
17 662
61 702
66 889
128 385
162 573
78 679
23 45
72 85
131 147
175 822
58 115
95 896
109 988
152 38
197 259
37 604
74 737
210 647
202 210
33 157
54 243
72 154
184 314
4 925
158 478
109 753
159 917
114 652
173 272
145 949
200 624
125 755
54 224
216 592
119 916
177 711
188 74
141 286
9 182
94 659
178 233
168 89
18 465
69 113
143 164
95 219
36 933
65 882
171 732
50 816
188 211
161 12
89 37
84 954
185 548
11 119
107 514
165 301
45 954
10 430
13 209
60 991
71 205
122 644
188 54
75 9
117 402
139 570
70 750
138 967
55 176
45 424
138 419
15 274
178 404
181 757
126 392
184 122
1 341
214 454
91 340
139 425
109 648
197 296
64 470
118 432
14 360
74 376
122 282
164 207
183 551
6 237
173 466
115 622
33 449
102 152
69 70
69 353
68 8
159 192
20 873
114 354
102 174
75 67
211 424
185 356
2 454
117 777
140 8
224 227
3 120
26 881
29 138
195 967
139 354
148 634
154 37
169 272
146 797
59 434
10 931
118 904
34 109
136 157
166 750
117 580
175 151
202 429
180 570
79 26
63 789
217 415
213 757
35 786
104 368
182 244
107 318
78 481
131 285
161 430
154 290
98 320
173 506
20 219
204 500
165 458
163 800
178 785
8 807
65 983
33 496
63 235
87 879
179 224
12 395
55 659
164 238
32 102
114 339
142 167
63 975
92 280
140 18
39 918
163 290
21 914
64 571
108 633
39 779
147 13
222 342
22 356
201 727
161 266
213 977
83 657
86 266
64 904
77 539
9 107
91 438
179 45
10 799
77 613
95 402
124 653
95 560
137 576
8 120
183 208
36 86
173 272
40 239
59 298
96 713
202 257
27 924
57 949
126 312
198 227
127 868
181 106
80 696
108 566
205 128
59 280
17 920
24 688
49 148
147 527
105 550
159 36
142 7
118 950
113 831
206 682
116 301
210 939
21 622
51 9
191 774
182 321
7 271
12 991
128 390
30 918
150 922
84 906
73 68
107 194
168 512
118 766
149 333
57 172
22 470
99 132
156 863
69 886
188 481
125 192
164 317
220 937
192 960
81 967
168 867
95 825
61 509
44 842
213 447
183 158
58 247
39 834
45 330
156 637
49 795
103 18
217 324
211 653
202 535
212 857
29 541
111 779
224 112
130 631
205 586
165 323
183 169
197 46
217 749
75 638
180 144
133 892
29 382
85 124
123 111
154 973
201 202
179 901
35 876
190 331
90 653
104 230
212 282
224 739
137 166
212 43
140 950
131 319
26 171
77 999
143 853
184 309
103 286
142 979
98 185
202 643
216 328
87 676
64 362
80 322
11 774
173 764
14 755
98 340
183 312
180 229
42 152
73 637
154 989
90 62
175 741
163 699
211 299
224 462
142 805
206 149
85 323
211 904
219 758
32 621
116 246
117 606
68 69
163 932
198 168
71 104
89 754
117 353
124 338
66 773
213 750
75 731
5 924
127 347
19 174
57 763
145 200
2 201
12 167
95 137
135 331
187 385
13 808
179 963
219 224
67 330
163 389
16 794
166 825
213 544
73 617
145 18
25 797
153 539
67 945
63 51
13 513
68 170
121 480
72 158
165 461
112 351
9 622
103 716
62 289
115 760
184 4
39 232
123 448
197 890
137 394
222 562
138 267
54 766
148 289
1 716
24 914
67 103
56 485
31 267
51 715
198 34
133 673
9 89
167 182
158 433
122 372
26 931
69 932
168 377
216 594
183 447
106 73
108 360
9 729
21 15
190 372
210 840
172 87
219 138
25 544
65 353
112 844
80 971
82 748
22 344
20 379
49 191
218 401
159 948
107 555
142 92
105 170
217 564
110 622
66 987
75 907
200 252
11 862
182 262
114 100
148 781
208 676
15 677
62 814
100 63
92 89
106 745
126 290
155 517
87 288
2 753
43 912
31 796
108 929
144 470
118 518
216 999
9 764
18 660
152 83
80 532
40 217
28 699
1 875
181 386
53 299
126 161
28 320
93 188
59 826
172 586
35 535
190 801
59 981
30 778
96 427
105 696
8 526
54 634
199 782
221 641
87 47
7 557
122 260
53 802
209 774
78 345
177 682
15 388
121 802
88 392
101 758
91 669
117 137
162 354
167 513
79 563
73 292
25 228
116 687
40 417
26 558
19 67
42 730
171 732
107 239
90 521
177 145
112 72
51 328
119 414
166 933
6 63
164 772
179 62
13 852
165 383
187 92
101 328
134 444
82 347
184 230
82 80
139 809
185 87
75 86
59 900
159 317
151 358
137 891
131 841
11 561
67 942
9 63
218 622
146 357
85 891
225 548
74 47
220 622
57 990
68 115
144 139
158 878
21 733
88 10
173 520
146 103
133 564
84 662
157 976
150 242
149 527
40 678
220 989
43 743
46 433
95 234
64 230
186 860
8 182
99 475
38 801
112 606
178 399
115 854
138 925
144 498
181 286
112 334
102 632
4 985
68 774
139 971
97 962
80 307
3 225
47 112
191 846
84 461
15 571
185 583
146 616
184 665
51 759
52 675
137 239
203 483
138 397
30 583
181 216
39 266
210 476
187 318
8 542
205 110
123 965
123 140
165 868
194 399
150 589
128 591
165 430
144 463
105 292
38 738
82 460
195 109
124 342
138 927
3 126
104 956
59 561
122 958
61 57
106 788
30 837
58 69
33 124
66 853
172 159
149 731
72 336
101 875
88 212
71 265
93 269
108 178
202 483
33 533
196 13
36 304
28 607
54 574
190 174
32 770
174 267
25 139
68 116
61 147
210 263
135 555
196 423
162 84
3 891
128 224
224 351
79 608
61 267
76 123
49 497
44 913
150 329
94 636
154 232
161 275
14 387
43 588
94 594
65 802
219 856
91 74
14 612
187 687
63 138
216 124
81 811
213 950
86 258
18 404
2 90
13 470
130 519
69 598
96 404
51 550
126 436
13 375
192 283
101 528
91 267
188 61
163 676
81 181
193 123
170 299
167 715
204 995
132 190
77 515
18 770
55 256
107 514
35 895
3 474
29 36
15 50
133 573
87 787
47 698
136 55
161 725
164 540
76 576
79 660
192 612
93 367
212 234
165 199
222 113
175 137
81 903
189 297
58 23
149 953
49 548
216 810
4 377
32 115
205 42
140 351
170 49
199 564
76 345
179 847
103 737
163 784
170 578
41 547
188 762
56 998
194 139
105 663
191 761
215 873
107 15
11 209
2 708
124 496
216 730
105 125
67 101
161 814
197 406
101 175
18 923
49 23
85 525
58 197
175 999
126 109
125 3
201 13
140 989
162 9
89 305
27 33
168 743
150 45
172 559
192 509
204 759
23 303
24 711
223 159
23 234
108 696
51 735
81 131
175 343
159 55
180 275
121 470
198 325
129 800
214 389
62 293
165 85
65 733
4 483
130 331
196 324
31 252
125 6
163 7
55 888
151 468
105 418
106 128
114 982
167 554
127 397
32 409
74 993
108 255
153 884
114 588
214 716
178 567
40 887
212 863
101 479
22 916
12 688
62 811
127 821
176 867
225 379
105 224
56 812
70 413
143 578
64 911
144 135
211 950
74 327
221 913
120 531
12 169
164 674
130 681
91 750
114 273
83 108
129 63
30 253
208 962
99 467
133 622
27 270
115 878
146 326
146 745
64 620
207 695
110 323
17 566
71 626
52 32
190 825
219 663
78 199
179 593
219 15
61 3
86 143
86 164
223 615
26 82
201 607
156 221
98 36
107 281
119 961
37 431
28 446
55 458
74 809
171 806
121 1000
26 937
153 15
97 447
123 78
95 874
45 596
88 858
22 162
46 33
27 661
31 904
49 840
29 670
113 184
125 170
203 241
173 934
105 789
128 293
78 81
33 960
201 33
214 273
116 927
146 337
41 375
138 95
48 510
21 376
205 961
219 873
175 440
172 329
92 928
47 598
