800
77 74
129 869
139 916
124 901
49 639
167 457
65 462
13 417
124 718
167 990
65 520
41 653
38 288
26 604
168 222
151 159
93 762
162 649
168 204
158 250
137 503
22 587
165 539
100 884
143 159
31 585
137 609
87 324
45 755
88 852
122 350
152 111
80 459
197 573
81 621
99 751
145 225
32 61
121 42
89 630
156 14
96 837
68 438
5 335
169 295
56 935
77 582
30 981
51 325
133 364
119 971
32 186
27 715
31 513
17 976
175 558
105 210
84 122
148 638
77 175
150 858
128 119
105 673
35 558
78 71
34 933
97 235
192 741
116 786
89 95
17 135
169 328
135 241
180 446
82 534
96 157
71 935
80 935
34 624
129 820
20 346
184 519
7 960
97 670
62 303
84 721
191 428
99 169
188 953
84 833
159 350
154 779
20 986
59 735
59 377
94 540
109 109
147 548
101 1
60 348
152 53
79 541
45 821
13 397
79 570
128 611
106 206
81 998
169 951
146 943
123 272
84 864
78 597
98 326
8 810
32 497
70 969
58 20
81 810
160 387
183 241
86 211
77 170
50 275
145 759
24 35
183 233
69 584
146 799
183 404
38 596
14 910
176 52
184 457
95 932
62 314
181 699
173 542
192 431
146 164
56 455
21 873
99 577
160 158
11 808
101 816
191 825
158 683
163 625
31 612
2 191
77 1
5 120
18 272
95 92
130 66
95 766
139 845
143 74
87 858
61 594
104 585
54 194
153 271
55 65
42 165
8 670
6 540
76 831
9 923
192 356
174 346
98 911
142 31
82 856
76 795
56 511
196 347
115 411
144 452
177 198
168 1
170 273
115 298
48 522
51 878
61 86
9 226
157 110
21 271
76 979
191 625
152 444
22 910
84 120
175 616
75 315
139 71
58 170
20 242
1 857
2 537
188 429
111 323
58 261
141 528
57 944
39 195
48 956
40 54
94 173
87 247
158 901
172 636
157 75
94 229
163 695
152 124
94 720
82 803
177 933
189 751
81 194
188 206
44 530
25 487
128 555
183 333
124 301
99 107
139 994
61 996
197 67
77 277
182 499
17 673
198 928
14 171
159 406
44 528
72 882
134 648
108 93
68 132
46 916
197 340
41 577
180 10
90 899
75 888
113 333
89 417
88 944
176 190
145 622
160 145
26 137
96 41
105 386
50 259
66 319
47 991
5 905
146 862
188 720
47 494
9 495
76 852
50 779
166 610
132 851
83 984
39 928
181 354
168 981
185 963
117 458
162 135
41 25
181 542
34 383
81 101
72 60
27 854
139 400
106 234
87 795
175 457
160 360
159 181
10 443
115 265
134 829
23 48
113 759
124 452
24 658
20 15
85 601
113 212
27 478
106 202
191 737
108 984
151 655
41 912
55 429
5 670
7 814
143 228
139 321
159 719
29 68
79 334
81 14
16 129
12 520
193 451
44 516
63 582
200 144
141 698
124 977
132 225
45 52
37 554
145 423
6 779
165 199
166 870
74 740
179 160
182 152
94 246
185 91
25 693
117 23
51 105
103 941
16 761
157 360
49 611
10 566
103 424
104 516
79 765
109 362
118 816
56 63
37 948
34 424
147 824
171 648
167 310
98 765
130 912
194 838
110 370
42 626
190 413
152 927
32 977
171 126
148 472
177 122
21 342
85 787
110 700
98 89
147 20
36 375
194 743
44 16
198 762
39 48
68 103
168 156
38 343
122 291
171 209
84 436
120 22
57 554
85 939
128 834
116 885
80 970
32 478
7 838
185 618
19 583
164 384
47 720
138 989
125 483
194 168
84 102
135 315
73 627
129 289
68 700
17 978
34 655
152 480
47 52
50 940
20 189
31 457
104 935
40 548
12 748
42 325
153 139
190 806
123 975
32 115
118 260
104 210
36 845
153 596
15 970
121 266
133 736
100 379
180 316
142 547
43 968
116 325
134 999
173 871
15 587
58 446
149 372
12 604
172 646
80 25
143 658
109 941
77 170
128 818
184 16
173 847
177 451
29 745
191 758
20 571
193 697
185 574
103 368
90 536
87 88
38 737
99 553
18 188
156 669
162 300
142 123
157 556
111 637
41 653
30 656
21 90
26 57
195 796
57 347
187 726
149 245
10 645
53 810
5 228
5 913
39 721
5 182
123 465
135 121
113 694
19 356
186 881
34 1
154 244
86 261
56 718
134 906
132 823
161 546
157 123
2 51
46 948
112 508
13 650
116 245
100 986
10 526
75 184
57 938
192 746
146 360
187 19
43 193
71 749
75 221
108 778
195 31
80 191
91 853
129 430
104 664
26 658
3 794
69 949
183 204
100 969
150 95
26 452
106 594
146 535
105 451
193 631
167 324
190 556
126 898
145 563
186 656
127 76
198 490
135 1
90 988
154 458
162 761
103 768
167 566
144 541
50 949
75 369
66 433
118 180
198 523
35 302
24 757
153 523
189 727
166 170
101 81
113 30
22 239
98 982
90 897
79 180
32 959
174 954
129 328
64 28
129 617
22 514
160 92
48 291
8 904
88 953
29 729
138 389
172 583
70 899
138 933
128 319
172 196
11 552
107 681
82 44
12 586
26 697
156 784
184 736
39 336
176 986
103 295
143 569
50 879
191 640
78 37
7 189
17 993
2 535
187 555
16 529
200 11
48 838
192 632
23 528
149 774
69 48
124 433
130 358
64 406
174 840
61 751
93 332
123 356
198 112
127 710
93 370
18 387
92 593
15 740
141 742
145 987
174 155
83 995
85 614
27 739
24 467
142 543
145 350
102 83
118 794
186 655
9 691
135 331
127 246
77 207
63 60
192 213
109 295
107 361
88 791
5 361
106 558
56 793
170 41
10 30
145 82
125 85
88 190
55 836
70 118
34 84
5 492
111 3
17 265
193 291
42 799
19 481
190 292
111 222
86 457
65 356
43 543
181 430
8 769
64 443
139 416
12 696
14 753
68 173
22 91
96 72
124 757
86 548
74 751
95 636
161 10
25 410
65 14
12 729
74 714
65 867
19 945
108 670
62 817
94 24
115 987
107 622
91 407
33 316
116 500
47 521
150 35
76 589
102 210
39 49
118 552
181 360
197 354
44 117
99 883
6 505
179 16
72 966
21 763
1 409
49 649
15 838
154 560
5 617
176 131
168 788
18 721
160 700
188 315
61 389
89 158
68 832
139 801
181 71
176 132
8 50
172 41
171 749
70 220
168 107
151 519
124 359
88 800
143 180
54 517
125 538
67 109
179 278
43 118
148 115
121 816
90 641
186 28
47 962
153 736
86 898
33 899
2 388
88 895
193 501
194 14
25 793
78 518
38 205
147 19
19 847
154 204
133 222
74 372
7 819
110 265
130 695
77 67
169 156
119 98
115 268
87 709
90 33
180 842
40 322
153 509
136 997
193 371
177 718
199 434
148 538
119 226
119 95
127 507
75 509
138 307
131 225
23 612
59 370
140 382
126 262
27 240
172 89
187 782
19 360
161 505
44 510
102 21
170 13
180 884
85 407
144 843
178 351
17 854
98 136
167 58
90 901
28 222
199 273
191 644
200 183
179 156
135 274
10 428
13 320
74 816
176 169
8 653
10 419
170 94
95 874
131 613
137 364
20 272
152 764
67 504
