200
34 980
30 117
17 857
28 605
28 118
43 127
36 799
45 777
14 980
9 370
22 765
29 157
36 109
21 480
13 352
17 618
30 423
38 901
4 511
36 526
44 596
45 703
30 866
10 668
15 457
29 577
39 231
33 131
40 972
6 820
29 331
33 452
47 325
39 177
13 971
37 436
40 834
13 163
46 71
27 315
1 672
13 444
48 545
30 619
46 696
14 331
44 322
20 687
25 203
19 327
34 399
8 850
9 658
19 736
20 48
50 669
44 640
21 573
3 18
1 649
35 192
35 437
24 553
44 760
11 206
9 794
9 104
17 220
29 889
31 140
48 539
21 778
7 550
34 305
47 748
34 660
12 720
19 539
42 371
40 739
1 631
15 585
8 571
47 984
13 215
49 952
31 709
29 297
18 72
41 149
14 854
20 104
22 751
49 136
31 739
43 167
42 455
33 958
16 571
31 785
23 858
26 147
18 403
40 21
27 329
34 610
46 676
37 96
17 563
9 646
32 53
12 924
30 668
24 79
50 215
19 992
34 981
32 373
10 284
4 988
19 577
9 83
47 99
41 127
30 194
4 532
26 963
45 741
4 5
35 278
35 41
2 235
5 787
17 241
21 824
34 890
17 811
22 821
38 669
38 37
38 21
27 904
32 326
14 990
47 498
44 803
46 948
45 766
44 756
43 545
44 546
7 860
39 737
37 853
36 392
46 284
8 98
26 295
30 829
50 537
29 870
16 697
14 946
43 808
41 434
33 990
47 578
13 643
22 68
29 15
15 235
31 408
24 656
36 371
30 874
15 349
7 204
4 278
47 802
7 545
31 467
5 492
33 862
36 559
15 615
13 752
50 276
11 338
34 711
15 377
15 538
7 696
35 810
49 847
18 82
48 754
46 898
37 226
33 237
42 727
