700
85 268
139 957
76 167
55 437
173 728
119 315
38 991
124 340
38 331
138 481
13 913
106 556
54 300
111 752
121 583
12 131
149 723
77 650
44 764
15 677
158 543
28 917
33 258
123 66
100 616
158 223
168 183
147 10
89 630
58 322
100 935
107 358
30 263
27 598
159 923
82 680
170 165
169 773
119 507
65 696
46 116
135 128
166 476
20 624
138 381
20 974
63 748
90 357
97 40
44 96
147 892
3 320
146 792
108 747
126 459
47 581
126 574
43 65
97 575
51 3
164 885
167 831
103 294
131 242
103 662
33 968
76 794
39 633
23 634
149 488
172 184
31 284
27 425
39 996
87 935
155 209
15 294
170 834
48 546
156 515
18 491
8 486
50 691
118 198
94 782
155 153
18 883
121 556
27 849
135 664
93 902
99 342
164 374
118 764
100 32
134 882
87 396
4 733
153 834
8 214
36 599
155 932
119 557
159 200
70 441
105 592
38 249
52 908
42 419
13 909
170 100
20 722
140 255
49 895
131 182
38 206
36 485
119 688
128 587
159 174
86 443
49 800
94 814
108 550
117 297
112 271
171 105
140 789
21 120
26 759
112 457
150 817
140 796
50 899
17 953
91 19
1 216
59 129
96 582
158 819
151 781
57 53
174 995
164 506
165 791
121 437
83 682
4 71
8 895
118 515
52 977
15 688
83 620
140 628
136 488
64 154
13 289
169 955
68 372
52 876
129 538
8 749
101 18
25 406
154 16
82 657
138 444
7 112
80 942
175 647
151 567
118 460
111 823
93 8
14 881
33 692
129 403
133 276
33 341
14 507
99 236
133 61
114 223
146 197
2 662
60 558
101 794
48 484
31 273
21 91
10 374
3 241
141 338
46 392
40 405
99 874
125 556
125 490
128 564
3 49
137 212
79 849
77 603
163 422
49 919
168 516
44 530
29 979
139 926
174 75
50 355
27 367
17 847
149 705
109 174
34 482
160 367
52 956
14 805
173 407
71 820
97 651
127 513
6 250
15 487
10 397
31 938
154 607
102 977
69 207
77 618
46 783
43 142
93 754
24 298
40 963
24 89
57 415
162 748
39 704
117 219
30 159
34 874
51 780
167 256
112 688
95 326
1 893
164 308
69 363
92 876
145 511
124 751
2 8
106 618
3 375
141 871
99 975
37 772
60 209
126 35
38 345
22 946
167 438
66 877
23 331
7 588
106 471
121 517
127 787
38 719
134 748
167 500
91 739
71 159
14 228
80 132
6 785
143 609
152 33
158 513
65 416
78 659
20 647
112 582
159 10
75 221
5 217
130 321
103 79
102 136
67 801
76 55
137 344
15 191
126 44
95 573
24 845
52 70
64 374
140 639
79 570
22 307
19 604
160 468
129 140
39 764
89 396
96 87
70 682
58 699
80 707
29 226
169 879
120 954
54 413
79 609
126 819
174 203
111 429
99 9
5 429
14 632
128 624
79 75
32 927
147 467
59 713
59 795
48 912
67 904
172 596
112 166
102 986
73 621
111 319
23 881
156 447
148 146
120 380
99 849
77 710
138 88
112 659
167 171
157 663
69 470
113 396
140 612
65 792
19 465
12 103
147 526
136 717
13 478
86 369
146 832
84 10
149 402
161 955
1 702
167 319
154 656
29 944
170 342
74 733
64 307
148 695
113 72
148 952
45 876
87 381
58 764
172 176
78 130
171 593
131 428
45 132
127 612
107 971
84 245
4 206
16 617
67 762
136 77
63 78
139 115
61 744
175 428
89 617
159 461
149 546
141 582
30 930
45 762
116 723
25 818
111 891
110 275
9 152
171 937
2 397
171 107
2 302
17 198
145 680
32 129
107 812
28 297
111 284
1 806
40 637
11 631
161 409
166 170
95 460
111 735
68 195
157 590
69 242
175 551
139 749
139 504
46 891
89 652
130 485
164 412
80 657
19 367
34 453
68 374
89 278
134 559
115 400
38 616
168 344
109 410
20 471
120 801
143 584
21 887
21 282
103 63
81 916
130 56
146 775
141 936
120 778
158 900
21 584
122 875
46 527
113 390
144 80
50 538
20 188
133 192
118 19
139 761
102 369
54 659
69 875
149 892
30 545
171 561
45 877
161 750
115 684
63 132
84 513
125 906
52 545
94 256
172 706
140 439
83 951
16 849
58 998
26 225
125 350
11 761
31 880
16 84
120 352
120 295
80 366
40 227
93 479
49 615
39 79
81 529
143 75
168 35
159 834
81 62
63 6
82 413
149 524
34 25
114 778
94 314
77 357
137 622
170 183
98 724
35 173
154 845
119 484
38 513
77 545
164 364
109 880
162 516
55 110
60 553
74 627
24 458
42 783
6 334
123 765
69 624
69 220
164 951
115 378
137 601
109 618
145 438
38 701
110 843
110 404
121 551
123 844
43 706
130 485
5 623
51 593
164 275
109 352
53 187
55 783
138 739
23 166
110 595
14 64
54 269
175 562
86 880
143 884
54 555
123 213
92 196
112 366
44 47
153 59
104 327
102 880
81 721
141 839
161 734
122 634
64 335
163 165
5 504
160 234
30 973
142 747
143 612
153 179
92 190
81 753
119 897
107 204
50 837
128 950
136 958
17 706
32 974
141 94
35 227
155 215
30 336
49 374
7 314
162 370
115 616
161 932
132 312
29 219
24 662
61 236
30 523
22 309
39 747
34 768
74 903
114 851
49 280
159 480
146 83
159 456
20 919
101 856
70 352
31 83
129 563
109 386
75 715
68 881
115 363
133 521
65 237
158 476
161 382
74 647
91 95
121 875
116 214
3 720
123 417
150 239
76 605
95 673
45 993
55 891
3 358
7 907
159 164
159 512
14 366
173 566
16 838
31 542
100 333
15 723
61 430
5 654
95 663
37 828
138 751
17 59
172 98
20 928
162 920
30 989
53 857
142 778
54 167
64 593
134 920
132 854
119 380
39 286
102 133
25 474
74 725
145 178
169 860
131 979
12 556
157 223
29 45
174 454
61 320
57 770
157 596
13 659
30 566
122 123
20 485
122 879
5 974
30 61
63 398
154 119
153 622
35 714
11 502
30 260
173 126
21 376
132 155
42 304
7 253
99 193
16 365
7 549
115 789
143 180
104 983
5 347
25 737
141 718
1 134
73 892
92 894
74 280
25 316
11 827
33 198
3 138
