600
128 32
47 494
53 995
46 695
19 789
138 194
12 359
66 441
40 878
143 67
4 848
76 665
105 210
136 830
145 657
116 736
115 603
68 24
88 449
101 140
2 816
90 963
139 367
32 215
115 874
130 903
33 24
11 573
13 576
23 791
18 124
142 671
82 985
73 414
28 8
106 942
138 377
39 144
62 312
71 895
91 61
35 186
6 351
60 590
60 315
71 89
3 206
138 953
73 746
134 505
85 112
4 210
69 337
18 231
97 416
113 803
16 514
99 453
145 264
47 238
2 448
48 931
108 612
133 940
43 129
109 700
29 228
23 806
36 144
66 703
143 925
33 145
17 696
50 648
99 581
43 891
145 337
62 325
59 327
46 818
26 391
132 502
11 418
91 846
73 316
43 841
84 931
102 901
49 342
6 309
136 391
101 494
93 9
138 513
64 651
102 748
114 222
20 716
122 323
19 14
99 960
113 511
56 474
133 297
87 47
104 161
68 154
90 625
123 190
91 786
44 795
21 768
22 18
7 480
52 233
8 523
131 490
47 215
123 452
110 513
11 764
64 642
144 346
145 135
40 933
41 948
28 21
96 210
148 664
102 247
112 673
22 236
110 876
69 973
49 223
33 832
35 732
5 400
63 58
145 362
29 471
13 592
27 12
27 184
98 242
12 787
14 995
142 161
12 443
131 331
97 666
23 103
94 224
103 145
148 213
30 378
123 696
119 176
26 230
22 777
126 912
36 543
139 105
49 688
14 194
40 106
88 320
134 644
22 627
141 459
5 46
87 172
19 88
89 102
111 866
105 171
80 734
125 413
34 738
82 314
117 911
71 776
10 517
134 922
126 916
145 254
31 684
49 424
71 237
46 91
131 212
112 557
11 812
65 601
42 847
104 951
117 660
132 178
28 329
133 792
56 909
132 66
22 362
61 641
57 424
10 929
54 929
80 754
58 222
66 715
139 522
147 24
48 291
59 9
61 6
28 460
46 366
101 452
67 814
44 413
36 370
135 253
141 903
18 254
30 121
17 138
61 41
78 92
128 9
10 506
112 563
10 217
45 669
60 209
131 496
101 955
67 129
2 813
16 793
70 627
57 109
137 1000
103 729
130 149
117 10
39 836
51 443
130 934
71 112
42 663
68 755
116 971
105 504
86 762
141 605
134 537
133 416
127 504
137 90
32 510
119 7
99 521
86 428
41 948
3 198
121 1000
64 196
135 330
141 711
48 602
43 644
72 661
138 611
103 480
52 898
142 351
31 403
83 808
17 775
118 364
126 249
3 851
144 884
19 864
141 224
4 989
142 452
124 110
85 758
46 728
49 141
25 655
60 180
9 677
128 399
70 720
56 575
19 505
86 21
8 399
10 750
62 255
64 489
113 512
134 333
144 812
120 88
33 672
137 116
67 162
17 619
139 301
121 863
34 110
39 469
10 641
102 860
121 362
42 324
148 183
66 600
131 256
84 122
146 765
8 998
87 939
127 83
91 990
53 193
6 764
79 60
88 525
15 706
150 581
81 766
106 303
78 975
19 324
107 467
65 15
60 755
27 172
109 758
64 832
87 831
128 487
129 672
106 20
48 976
11 798
129 454
20 768
100 39
39 47
10 224
126 958
109 794
96 708
64 257
43 263
41 346
46 204
137 169
110 154
47 848
38 522
59 581
74 864
12 563
55 709
41 349
3 564
97 370
26 488
36 855
20 108
150 148
122 887
31 995
9 65
104 915
15 306
57 355
114 679
6 122
20 740
113 142
135 513
60 823
135 320
12 412
43 799
84 269
14 756
15 566
108 516
108 934
91 937
116 594
66 29
80 475
78 565
80 316
118 152
65 424
9 322
143 679
126 768
25 819
26 1
100 293
87 463
42 958
104 106
129 816
136 207
3 490
82 630
7 472
113 34
96 137
140 353
76 746
24 816
101 697
30 82
135 173
90 457
86 789
132 932
99 124
109 219
143 512
25 744
141 219
2 528
32 499
69 868
51 767
103 992
137 603
102 502
138 606
30 630
40 971
59 657
102 748
19 779
139 358
135 802
103 374
71 527
113 90
111 647
83 905
18 970
115 808
120 368
85 16
65 948
49 793
68 34
115 366
93 873
22 848
115 973
92 788
144 292
72 180
95 130
107 602
40 310
139 46
24 454
37 506
130 515
86 759
150 134
92 469
144 772
97 8
81 779
137 506
60 623
37 951
91 234
93 695
44 747
107 358
55 43
118 527
42 988
12 863
137 896
113 901
116 784
127 437
119 875
83 656
138 906
61 387
114 110
41 243
93 559
82 716
138 45
107 298
22 763
103 308
56 891
20 85
109 848
114 121
30 713
1 698
104 439
78 346
21 925
20 265
42 776
49 579
80 378
78 646
98 490
51 399
59 553
139 799
13 800
21 736
12 27
6 898
136 205
71 242
48 850
124 176
54 350
101 813
89 924
51 25
122 689
74 44
100 74
89 896
86 485
39 525
95 409
84 451
17 13
18 555
28 793
23 524
105 590
69 998
119 819
34 104
148 113
33 774
54 890
60 234
100 800
84 645
144 218
129 151
12 352
78 695
60 657
83 68
109 88
45 984
93 492
6 604
32 483
79 485
80 286
130 400
14 738
10 352
109 731
89 286
88 427
60 48
8 129
85 380
59 527
81 570
64 431
18 578
106 691
111 107
14 673
33 277
129 367
63 489
80 474
121 417
58 152
132 15
34 717
54 179
51 153
