800
24 616
71 865
183 509
198 823
31 477
125 950
43 38
146 448
6 464
107 465
142 790
37 640
119 420
98 76
9 45
79 825
64 424
87 202
5 753
48 203
23 234
169 405
130 158
50 861
43 781
82 459
170 752
126 176
50 769
195 697
163 655
30 66
44 230
11 581
86 187
79 410
52 412
47 921
98 86
49 541
36 775
185 880
74 192
82 405
69 23
163 32
38 309
113 857
17 245
105 680
116 148
91 134
23 299
10 983
14 853
86 114
100 591
156 728
7 408
87 963
68 982
32 584
146 410
25 69
74 663
144 759
53 328
8 132
72 460
47 981
184 288
78 252
168 66
69 197
93 223
4 638
144 522
97 337
119 613
185 78
94 886
116 807
27 55
143 3
121 969
121 183
131 968
153 989
165 637
103 677
153 271
130 913
194 196
103 633
173 777
22 571
131 471
143 314
38 249
14 633
14 172
173 376
34 623
22 251
110 995
45 700
33 662
165 681
169 938
95 434
176 220
114 67
98 778
199 173
145 621
49 88
92 935
55 115
95 769
49 380
143 18
24 793
38 640
171 526
69 238
113 52
136 944
88 974
153 674
88 467
93 766
97 988
87 537
102 124
196 83
107 536
50 512
10 161
34 533
174 159
197 988
92 686
109 540
182 639
154 564
95 542
66 895
55 683
144 439
94 418
57 848
104 755
37 843
32 834
55 980
104 403
16 190
67 410
136 941
155 100
155 998
70 876
4 664
11 376
142 914
149 385
127 258
93 130
169 125
12 917
198 449
68 930
105 793
103 278
109 706
5 547
17 292
189 639
172 534
64 301
59 155
25 951
52 503
134 327
82 998
98 210
200 712
122 773
178 325
51 795
195 217
104 320
160 699
32 729
169 89
49 920
195 397
162 834
186 482
74 598
172 854
145 491
177 39
64 336
164 897
97 688
74 990
65 753
64 635
95 873
138 959
144 449
24 803
38 494
11 273
197 393
198 378
99 205
40 389
128 504
76 151
12 553
149 725
165 997
176 211
8 678
194 738
28 555
12 812
112 179
120 253
66 388
134 312
31 402
175 917
160 872
27 619
147 256
12 335
7 922
105 470
35 75
173 65
174 647
83 278
12 699
15 840
47 883
19 835
71 883
136 495
33 938
94 20
30 359
140 922
174 679
79 50
161 807
37 958
165 589
44 117
139 118
88 789
167 967
169 884
28 180
200 120
22 127
93 750
91 169
179 410
116 603
147 636
152 906
101 952
81 318
186 9
57 945
43 678
110 557
188 207
197 393
11 982
88 763
92 506
18 514
188 872
180 491
113 733
121 920
61 215
42 706
144 312
179 26
194 703
175 689
65 988
187 893
103 102
54 473
108 696
98 886
60 905
117 151
106 81
149 102
94 767
190 922
174 900
29 933
112 437
8 19
18 199
12 645
86 435
122 167
96 540
100 742
111 628
52 786
187 973
37 731
115 926
77 264
195 1000
101 185
29 569
114 70
124 909
23 857
33 133
28 384
153 653
142 391
113 318
88 671
111 126
169 530
169 885
136 321
127 381
123 901
143 97
14 622
19 436
135 852
161 51
9 583
156 540
129 774
37 79
114 429
118 768
105 489
5 303
179 19
91 65
150 90
55 873
31 516
160 54
167 982
115 7
21 184
159 196
175 394
38 785
34 387
97 594
174 788
164 715
79 35
141 120
143 14
22 180
141 196
106 321
134 598
177 942
10 7
90 798
47 576
176 293
116 425
100 852
127 516
3 21
113 89
155 167
52 11
83 325
162 961
79 466
37 315
170 381
175 275
69 596
159 127
40 127
140 441
12 461
129 160
13 353
53 271
77 805
27 114
80 429
115 386
196 442
172 795
69 504
190 835
177 499
142 884
139 776
84 296
142 248
140 637
180 564
138 934
10 227
113 665
45 324
47 358
93 204
55 391
143 587
134 451
21 285
99 158
47 888
54 308
193 364
161 692
113 517
95 974
14 515
33 980
2 444
9 463
34 185
55 270
181 80
172 401
161 510
131 939
130 692
188 989
114 180
165 986
128 501
156 82
68 329
43 339
181 574
176 864
99 155
167 818
106 534
172 53
87 2
113 955
172 395
113 580
40 474
125 220
82 739
50 137
144 576
143 595
47 827
59 349
67 166
12 991
41 670
141 808
58 36
56 529
178 623
153 106
41 401
36 233
85 19
20 627
159 913
154 811
116 906
106 400
42 522
192 813
98 644
89 19
14 211
50 818
200 842
192 465
102 782
111 606
192 529
140 123
89 556
56 168
128 834
177 9
142 427
88 325
23 170
77 939
107 78
193 795
183 73
102 407
48 497
166 513
18 925
134 768
100 658
61 626
199 875
99 616
132 5
131 141
107 930
97 480
44 504
20 238
65 383
35 90
114 445
136 910
133 389
132 753
71 975
10 771
119 38
169 437
198 507
75 95
96 752
188 97
193 474
161 707
65 971
95 810
184 494
99 42
38 443
147 278
6 981
101 872
187 52
61 248
77 146
39 386
5 852
15 410
137 769
47 215
88 700
184 969
45 461
112 871
89 176
59 44
130 988
141 411
28 470
20 1
2 96
115 378
119 689
27 522
1 488
169 261
91 682
78 392
56 679
93 752
54 705
113 793
141 262
11 451
163 867
54 393
152 504
170 318
131 143
118 403
95 640
134 572
164 767
182 680
54 774
190 88
152 816
60 238
46 265
99 651
35 279
69 334
132 968
5 500
169 750
6 883
190 357
127 116
5 728
132 246
10 265
49 526
21 102
49 230
89 487
83 250
82 414
4 309
21 556
31 234
166 784
64 952
100 958
24 563
199 494
48 544
40 744
76 231
103 319
21 254
144 372
33 926
127 344
39 194
125 67
43 907
174 851
34 331
23 206
166 138
150 788
97 915
158 460
47 860
139 293
18 822
121 872
152 430
192 566
148 15
100 336
43 503
146 804
189 352
97 354
195 727
29 938
29 234
188 367
200 739
121 262
100 81
140 178
184 130
181 275
6 563
88 699
50 404
62 117
61 864
151 48
181 371
14 639
104 425
62 562
178 93
93 413
167 291
98 807
86 690
130 144
192 294
113 980
13 325
170 711
145 978
39 391
122 213
61 142
120 255
160 780
143 683
75 137
139 60
72 691
183 425
42 167
19 411
154 665
168 641
95 282
87 44
154 413
140 671
163 774
2 522
119 309
35 692
159 62
118 115
199 393
94 824
133 995
142 497
143 144
183 39
193 713
154 868
88 58
135 305
85 592
2 766
65 126
107 998
150 872
40 389
137 723
182 916
68 255
111 946
59 390
168 365
107 557
55 895
150 18
170 270
79 469
92 478
38 198
198 489
136 877
106 501
100 67
170 262
112 246
32 661
183 451
157 521
130 557
170 802
114 472
7 720
93 606
130 894
35 522
87 953
131 852
79 148
46 340
144 861
119 765
172 95
132 913
164 762
116 401
62 506
146 680
101 946
170 349
97 486
195 939
80 771
114 90
108 106
27 194
129 569
138 468
101 521
183 618
21 160
135 715
107 256
180 160
40 69
160 127
1 133
63 770
187 846
94 934
29 587
9 546
90 701
106 172
41 392
129 811
132 893
93 808
9 174
49 485
175 116
175 748
120 84
