400
21 173
64 812
26 798
41 65
94 221
60 621
53 406
27 702
67 920
69 174
28 379
99 5
54 433
23 735
32 802
42 276
40 17
16 577
56 54
30 976
49 528
80 755
50 36
1 84
10 184
86 976
61 239
91 825
92 804
69 436
50 502
69 780
82 507
6 148
71 244
60 601
30 814
53 35
7 16
55 403
87 12
13 751
50 920
65 452
21 104
86 338
22 337
13 410
83 527
64 766
55 706
13 512
87 596
73 458
53 387
54 838
11 992
53 706
24 370
57 46
42 233
41 510
9 715
56 28
76 558
19 940
52 938
43 838
78 358
49 601
39 4
33 545
60 536
10 256
41 13
51 963
38 426
42 484
26 887
80 922
82 526
67 655
46 516
92 133
56 828
2 603
45 385
26 899
43 449
20 937
28 938
35 249
66 718
37 504
35 442
80 180
83 616
27 64
80 36
62 350
23 293
28 272
60 995
93 499
56 757
88 507
8 435
53 287
64 596
90 8
54 970
60 762
81 535
10 241
27 195
81 874
71 355
61 86
75 383
62 19
71 711
14 249
82 821
61 732
88 940
58 976
56 37
54 495
64 966
63 437
71 509
53 832
21 541
63 499
70 162
46 299
10 115
59 742
84 946
29 218
38 261
16 499
50 690
51 441
24 441
88 890
48 9
36 309
84 548
18 72
97 125
74 580
76 945
46 826
49 749
10 798
19 691
89 745
76 323
5 245
82 408
30 794
20 760
46 692
10 758
36 716
51 959
64 6
84 948
42 742
48 753
54 657
100 850
78 239
27 551
54 890
79 440
36 74
43 705
68 734
40 860
34 525
40 277
26 560
99 309
98 343
76 46
9 159
34 629
58 89
4 164
2 680
9 180
54 210
3 654
77 448
15 76
79 62
32 312
38 115
19 27
75 864
70 21
46 725
75 772
8 960
1 124
80 362
59 542
49 740
43 92
78 313
18 120
37 537
73 750
95 144
87 798
72 999
36 983
10 853
52 399
13 236
20 225
15 775
8 685
9 469
29 37
47 142
2 533
41 504
7 78
4 520
86 698
11 774
87 658
37 544
58 111
50 561
86 521
77 98
83 26
99 263
8 820
74 802
80 805
9 463
57 81
31 879
1 683
12 852
18 7
81 164
59 348
31 1
4 880
86 660
40 343
14 657
59 719
81 384
91 661
57 390
78 601
64 992
46 141
17 909
58 540
48 556
28 437
42 932
70 986
72 851
74 125
71 899
64 250
73 346
10 337
18 151
70 431
57 380
31 680
6 296
60 827
15 275
23 956
99 602
76 13
63 684
52 986
43 251
76 347
16 248
55 94
87 902
36 757
42 665
73 938
48 774
62 987
31 612
34 502
77 171
18 335
58 27
82 668
22 25
47 986
83 62
94 217
72 857
67 878
84 612
35 543
56 103
78 977
10 74
15 332
43 447
92 633
63 635
40 647
88 463
52 169
33 663
24 339
79 671
75 922
13 459
11 587
89 984
16 408
39 540
55 510
72 719
79 233
40 974
89 967
55 7
46 442
80 694
41 40
74 810
84 673
13 79
64 214
49 893
53 460
29 522
52 241
3 776
35 321
19 606
17 163
61 535
100 171
5 121
69 254
11 424
33 443
13 270
22 183
25 198
34 568
38 635
96 889
16 157
99 985
15 938
88 866
94 132
69 146
66 947
65 103
28 565
73 799
63 549
51 858
60 89
91 798
12 347
26 129
86 458
38 917
62 170
100 946
58 384
77 736
99 967
83 506
7 801
62 397
92 877
27 510
81 683
37 804
66 786
51 738
99 397
74 690
35 911
