300
31 3
3 478
42 437
42 19
11 202
48 4
13 410
43 302
67 851
34 447
55 439
72 696
43 987
2 612
72 13
13 564
50 612
56 418
64 559
3 270
16 942
52 348
33 896
57 176
9 793
47 807
34 850
8 470
64 517
51 272
68 154
49 976
66 941
31 908
7 113
55 561
9 390
74 205
44 211
57 544
47 570
72 974
15 322
34 157
64 172
54 761
18 483
51 963
66 281
62 27
18 872
28 130
65 149
71 93
29 305
17 796
56 999
44 229
18 407
2 181
11 737
6 757
39 780
62 240
65 331
49 438
75 869
62 9
73 645
68 285
60 133
64 276
9 903
67 240
58 632
2 158
11 744
11 184
71 581
61 320
9 608
69 962
5 670
19 995
50 932
8 715
42 168
56 737
23 836
1 26
6 990
11 297
21 860
12 774
59 843
48 634
30 687
73 311
69 112
56 213
70 936
6 859
3 852
3 819
64 739
44 804
11 545
21 19
19 298
48 894
40 794
5 178
24 901
37 103
68 505
2 904
75 737
15 640
43 5
58 591
60 66
52 301
57 132
65 31
11 273
72 854
70 863
1 267
5 334
51 856
75 195
61 370
56 420
71 617
7 151
12 898
3 21
66 536
64 736
13 169
34 730
65 419
55 318
36 161
9 107
4 932
54 587
29 465
19 909
43 612
25 797
12 830
67 274
46 626
62 394
33 751
32 816
31 735
31 608
54 982
50 938
24 102
13 902
57 647
38 292
11 840
9 333
6 870
56 456
55 541
41 459
72 627
30 741
28 350
32 476
72 688
4 44
14 734
1 823
55 897
12 882
41 862
59 14
59 657
39 497
64 645
18 966
12 817
62 649
15 217
9 94
74 650
16 151
27 998
19 532
7 680
49 133
3 698
22 70
70 200
59 402
35 933
5 632
58 242
46 598
33 385
22 500
31 364
18 135
54 97
4 865
6 69
34 342
1 963
15 45
74 229
48 247
45 595
60 116
71 953
53 97
30 290
14 186
66 885
52 391
40 690
52 304
50 542
42 784
2 531
70 340
64 102
51 161
69 843
75 442
51 518
21 177
3 769
64 443
8 73
21 1
16 800
44 507
20 898
10 207
35 646
14 814
70 566
59 950
26 927
16 320
43 328
55 991
24 916
47 812
45 304
54 858
68 606
9 359
11 882
19 77
62 802
35 413
31 994
34 531
13 184
42 219
33 452
71 969
67 194
57 575
58 495
50 551
53 421
75 652
38 910
68 736
40 590
74 970
62 960
74 282
12 289
54 162
21 472
32 256
49 836
28 861
47 696
7 570
36 487
55 564
58 422
16 71
49 25
22 516
5 753
29 471
68 170
28 902
65 424
