800
187 106
123 249
88 633
176 766
9 388
70 874
77 171
112 309
89 763
111 369
58 702
145 403
4 16
101 785
200 110
179 124
200 18
4 180
158 547
37 395
105 831
134 839
10 966
8 398
142 542
166 102
54 48
135 194
16 137
157 386
22 885
107 390
143 939
153 213
84 728
20 380
131 180
192 272
170 266
65 878
42 495
83 981
131 14
17 295
166 509
178 524
35 772
133 724
35 219
140 913
199 569
165 580
27 658
1 189
105 490
184 266
112 140
115 203
125 201
104 923
37 452
1 67
34 132
6 168
80 153
187 951
101 558
32 166
44 417
61 626
126 231
191 669
175 113
137 312
2 813
165 628
101 148
80 692
146 99
54 612
62 420
8 360
119 401
54 830
187 116
99 354
43 264
146 951
82 733
22 831
66 957
154 945
140 301
142 206
38 345
198 722
45 820
66 523
129 854
189 900
45 336
144 48
76 676
102 134
79 798
193 309
90 796
54 926
173 59
179 419
97 727
58 351
190 526
174 844
74 559
151 179
91 388
115 369
26 559
99 104
82 844
133 786
192 501
168 926
157 473
53 774
155 608
179 345
21 292
48 452
118 79
164 422
49 177
35 443
200 415
76 12
62 336
41 161
196 654
130 721
121 376
128 953
137 172
66 964
21 801
28 27
139 410
34 229
117 781
149 763
19 743
165 669
74 217
153 722
174 583
101 753
61 913
16 324
153 346
22 243
141 33
28 762
23 850
199 372
184 177
91 802
5 68
5 957
106 639
36 285
80 208
61 571
185 279
61 832
43 639
29 444
116 602
169 126
86 963
29 557
94 81
50 819
138 524
173 386
57 240
124 760
183 411
133 501
88 467
165 544
20 363
198 69
102 772
94 706
157 772
96 553
147 467
10 441
2 87
76 399
4 5
36 178
103 377
184 242
41 299
160 687
13 877
142 13
5 660
109 469
135 509
97 547
184 909
134 194
191 6
165 20
145 427
162 222
131 905
172 570
190 558
99 366
31 766
141 880
192 344
166 564
96 582
188 260
18 52
178 444
181 861
166 439
64 287
148 605
16 626
60 938
118 215
85 655
156 65
17 777
34 110
120 308
77 110
67 547
165 838
169 989
182 919
169 476
43 981
158 128
66 451
129 262
99 646
23 122
76 838
131 405
125 143
167 149
27 993
16 279
33 593
39 787
176 305
118 278
16 311
188 910
182 176
175 409
86 892
114 385
108 266
118 485
28 346
198 153
1 418
73 803
23 545
79 400
164 654
73 628
46 845
200 490
48 798
61 675
140 437
21 222
196 950
4 254
142 911
134 27
80 629
126 119
181 789
73 470
75 436
5 39
139 217
29 599
107 872
175 760
62 192
106 488
147 836
7 802
141 113
149 456
91 434
21 966
13 766
121 196
110 861
159 434
37 149
187 654
95 533
138 303
85 653
46 526
168 67
65 221
21 753
149 133
17 716
98 616
169 511
36 470
13 264
7 560
87 765
37 934
71 615
59 456
59 848
135 815
15 511
137 644
137 616
67 332
186 621
49 160
26 776
86 620
57 143
63 1000
96 846
46 860
27 29
2 811
144 109
60 180
192 1000
172 76
165 111
139 309
103 713
140 882
89 608
150 404
17 451
174 49
1 18
196 496
11 897
117 204
181 369
72 808
198 460
152 673
124 94
146 506
31 939
40 591
143 679
190 127
84 645
101 384
59 917
48 952
10 384
87 732
154 975
192 935
75 411
189 714
76 584
86 455
94 853
78 55
49 590
8 662
160 300
3 938
15 671
29 339
38 386
39 595
83 860
40 632
172 410
40 253
117 745
26 141
12 10
89 635
50 742
198 591
28 68
78 242
16 465
11 597
185 998
138 238
187 785
82 887
11 352
103 833
8 238
105 353
109 354
9 530
51 643
132 379
189 860
184 45
158 462
87 611
183 110
75 440
51 996
119 168
181 147
196 861
122 198
173 840
11 760
183 573
59 390
125 798
173 66
59 455
86 478
55 129
149 790
197 816
66 923
140 690
159 361
197 329
169 8
180 202
188 760
75 111
185 680
15 747
168 311
129 586
72 573
198 886
127 483
64 109
164 235
132 293
119 71
8 272
108 120
122 134
160 794
99 199
77 315
116 455
183 285
154 99
2 696
129 989
90 315
91 287
7 965
157 717
117 775
115 574
54 254
188 237
25 543
190 535
34 13
175 470
118 156
49 69
65 266
150 691
182 940
24 866
182 599
128 231
140 695
184 815
6 205
26 410
103 380
64 914
33 348
117 683
134 676
193 773
119 811
137 194
188 246
137 653
50 320
158 451
45 93
195 658
196 100
52 863
47 501
67 784
183 602
140 729
123 555
96 300
96 611
193 25
132 786
101 574
49 308
122 589
26 594
73 659
90 319
64 578
29 589
47 197
155 905
163 162
77 5
84 770
102 538
8 807
115 269
1 683
155 452
5 163
160 83
30 51
192 721
23 901
85 844
135 541
139 50
161 906
177 864
25 942
154 903
116 762
37 403
67 26
106 199
39 114
46 63
98 423
48 467
179 317
131 767
163 794
179 459
92 207
47 386
49 822
33 487
28 468
160 961
61 98
148 384
126 831
52 191
10 49
121 281
156 447
136 983
166 170
119 517
120 336
153 493
193 841
181 578
150 956
119 289
117 507
182 380
101 338
147 823
11 796
164 878
195 416
170 118
95 409
129 350
66 929
199 132
18 141
93 758
51 548
141 82
56 232
125 971
163 311
56 204
13 900
124 958
86 550
99 448
191 370
184 794
79 878
177 699
166 540
172 556
127 760
178 241
157 676
139 298
86 280
39 491
36 411
172 748
163 613
4 834
98 870
46 799
108 406
8 402
186 44
60 104
114 247
152 774
129 913
56 150
141 387
7 949
94 831
158 374
34 865
91 986
67 780
120 56
144 862
118 829
67 273
191 756
119 273
31 262
144 578
109 982
152 904
111 369
189 864
11 602
180 96
69 313
40 599
136 392
185 783
20 424
169 209
4 328
103 663
92 161
175 619
50 943
128 906
4 797
149 222
154 530
53 443
164 441
133 880
192 874
11 824
125 838
36 613
52 995
188 386
119 527
146 301
59 786
92 661
101 22
95 418
33 198
174 837
116 56
16 568
189 436
132 515
162 949
189 236
124 627
67 427
158 180
5 202
70 329
15 648
188 127
114 327
84 499
187 411
156 918
44 67
24 606
16 348
26 697
122 716
93 557
106 193
105 290
191 786
76 770
16 343
60 982
31 818
21 611
57 244
16 10
111 696
77 772
127 365
168 471
48 540
98 475
117 914
83 434
12 106
15 779
119 470
198 848
79 952
39 691
187 743
142 813
27 136
182 507
10 403
47 860
198 505
115 133
142 621
78 963
94 60
28 880
60 79
175 248
159 361
199 753
70 360
150 139
179 508
178 653
200 120
73 667
156 98
181 766
15 141
56 168
199 155
66 682
57 217
8 964
153 478
139 800
69 322
64 585
98 316
45 315
156 124
157 74
170 179
16 498
54 894
7 268
133 511
66 362
80 599
72 779
5 159
175 945
35 208
76 375
1 661
19 372
13 400
178 379
47 893
73 882
148 567
175 115
30 150
54 821
1 98
95 632
3 80
