200
21 171
18 265
19 901
35 667
20 628
24 285
45 388
19 437
10 257
42 601
33 468
24 42
43 189
33 566
11 990
21 549
1 518
15 509
29 329
13 593
39 389
44 254
16 946
38 449
7 981
15 446
5 138
26 979
8 745
8 881
27 365
47 598
44 720
2 843
27 997
21 813
8 420
30 283
19 558
36 735
7 929
47 160
9 220
12 358
16 383
13 454
13 725
39 863
14 256
20 601
2 464
37 611
32 67
33 846
13 70
50 407
21 731
2 586
6 65
42 407
30 984
42 122
12 91
22 907
42 996
44 586
13 654
24 603
27 446
27 896
34 967
28 946
23 260
2 52
1 915
27 593
26 582
49 495
46 420
26 224
7 990
48 649
50 665
33 56
37 997
7 772
5 747
18 518
9 287
35 277
16 922
28 265
5 129
18 291
47 469
10 123
22 11
48 553
15 41
37 18
9 225
10 18
4 575
33 206
32 904
8 917
7 245
38 914
44 334
21 125
37 300
50 74
7 53
6 67
14 886
46 638
41 203
13 420
3 191
23 532
21 34
5 272
1 69
36 533
45 99
7 566
9 632
41 764
41 186
20 484
43 788
43 855
16 827
50 752
37 904
25 553
12 265
27 642
50 632
24 729
48 865
31 987
14 692
35 382
36 404
24 464
39 105
13 975
36 509
40 374
33 957
2 6
49 150
15 18
45 698
31 793
26 627
25 929
32 785
28 639
14 163
38 903
48 87
22 763
48 801
24 467
16 451
36 512
49 335
47 221
34 102
41 991
15 105
11 191
9 124
24 819
10 447
10 998
17 687
14 147
2 171
25 411
14 412
49 801
8 524
37 255
12 895
41 979
3 668
19 724
21 88
10 138
37 652
48 716
13 663
23 169
31 735
50 927
34 231
29 719
