500
88 157
30 363
93 356
79 677
12 718
30 942
5 851
49 80
48 889
15 758
107 616
79 858
112 416
12 488
69 602
59 874
106 104
59 889
51 526
14 967
101 481
102 6
101 526
78 379
91 214
99 846
23 590
46 843
110 261
124 885
11 479
50 106
95 530
18 293
24 793
49 438
69 131
45 615
28 729
68 378
99 260
51 790
108 566
40 73
4 184
42 311
104 462
115 634
63 151
101 36
37 82
94 711
44 816
64 502
35 368
123 628
68 6
102 349
9 171
12 984
51 882
27 949
59 537
110 544
124 838
73 149
30 196
33 638
50 748
92 226
1 612
109 938
124 302
52 377
66 100
42 277
34 334
90 673
92 52
83 44
74 676
2 346
15 514
62 93
107 211
13 984
3 401
28 22
37 588
120 130
17 249
117 674
63 692
2 356
83 731
104 439
82 524
2 645
125 892
43 852
97 766
43 844
70 560
46 366
117 490
7 833
75 149
37 979
90 233
77 65
4 448
42 735
107 571
89 75
105 654
90 297
122 620
119 185
2 357
4 745
108 801
82 46
68 898
52 620
117 82
25 555
96 18
106 320
11 790
50 814
79 954
11 551
95 61
94 536
36 858
88 74
87 888
105 831
37 185
39 847
69 471
100 365
42 830
40 928
38 117
81 296
15 695
77 827
113 839
75 194
93 809
102 36
35 456
31 433
41 833
109 880
52 103
119 500
2 694
35 421
39 561
18 410
63 732
34 246
36 815
114 921
111 446
76 20
96 794
92 958
123 321
19 819
60 610
79 106
97 852
31 492
71 640
87 822
78 498
56 204
53 587
65 546
63 232
72 419
73 119
103 265
46 398
51 486
124 524
74 612
56 823
73 55
59 53
56 554
6 188
3 636
31 816
99 907
80 315
6 467
114 893
66 498
43 362
67 846
39 355
89 85
116 345
117 948
28 588
102 247
52 934
53 869
95 434
1 191
16 694
28 903
123 211
11 58
109 100
18 13
62 487
42 949
65 443
3 382
32 624
52 883
53 926
96 714
100 776
85 162
112 476
77 498
45 551
85 206
54 106
49 703
38 766
36 124
87 523
117 861
54 433
100 806
57 201
78 487
110 718
71 450
4 266
5 801
116 890
45 612
17 132
68 861
123 305
37 364
3 797
90 330
77 770
89 769
37 177
70 302
53 580
107 753
112 266
51 529
123 110
38 754
32 870
80 914
26 997
54 803
76 566
8 24
25 388
90 580
12 984
111 803
71 748
80 729
100 81
37 494
65 919
46 431
82 967
123 17
67 577
93 207
48 389
123 117
98 692
7 498
24 143
107 26
3 180
20 511
26 436
120 903
79 822
54 820
40 521
87 26
33 404
29 596
57 11
73 127
45 35
61 197
41 704
117 829
19 907
9 406
7 586
13 71
96 686
67 417
55 349
119 35
117 679
21 672
96 41
43 13
89 769
84 84
15 443
88 859
15 291
16 630
3 999
1 170
42 789
99 440
30 148
45 722
11 607
33 618
85 447
86 991
98 760
88 820
35 508
50 116
112 134
32 679
122 752
91 636
100 320
80 594
23 563
62 527
84 32
71 795
72 638
115 359
108 469
8 849
23 924
26 810
91 5
64 826
39 226
81 854
110 301
31 441
2 711
63 436
43 430
77 410
113 440
95 900
102 198
17 703
71 847
45 162
67 7
82 275
109 320
119 752
43 491
104 815
30 205
103 784
45 99
71 192
76 728
99 435
115 263
62 414
18 493
84 868
58 386
79 131
88 70
69 509
34 371
26 558
7 547
93 133
36 341
113 700
108 518
6 125
42 148
22 835
46 972
31 957
8 304
69 936
26 302
9 637
81 486
77 504
107 422
43 854
120 220
56 754
123 261
4 834
102 332
96 437
29 681
121 668
7 603
53 892
120 168
99 729
43 533
14 752
37 754
58 772
96 147
124 332
2 987
29 990
86 375
14 419
76 631
29 287
88 143
102 565
8 895
113 988
105 790
89 387
81 266
125 512
61 867
15 985
102 725
43 549
41 773
57 113
84 993
1 426
96 86
5 991
80 630
17 14
121 220
121 210
46 457
96 14
20 244
97 972
97 891
46 931
97 637
71 922
23 386
110 713
35 187
34 554
34 352
46 579
58 372
49 517
31 327
104 885
63 741
33 522
78 315
88 611
63 266
8 886
78 230
29 225
9 985
47 584
57 572
18 204
67 646
8 629
59 811
107 612
78 218
48 81
58 951
107 50
28 820
57 752
15 599
78 504
