200
46 7
16 846
40 40
12 573
13 302
45 400
7 461
50 645
4 635
13 655
18 298
33 488
2 910
44 620
29 378
2 960
19 462
40 656
3 248
21 63
20 352
48 166
40 663
27 405
2 289
32 108
42 914
31 485
18 180
26 579
16 555
9 808
16 181
47 192
48 703
34 635
34 28
1 500
41 159
14 756
7 562
38 101
13 923
37 358
4 611
40 246
23 876
44 710
21 350
24 867
13 740
11 61
32 576
3 414
47 563
17 499
9 329
22 938
7 51
38 319
5 39
40 272
24 749
40 171
16 713
49 662
40 822
10 701
17 162
26 422
32 628
30 931
22 779
25 919
22 822
29 692
42 890
20 46
45 897
12 84
35 306
44 558
13 664
13 333
6 347
4 301
3 797
7 214
41 719
32 788
12 512
46 314
38 612
28 444
38 249
29 817
2 899
21 966
8 611
8 482
17 363
5 829
39 992
49 754
42 524
49 465
8 496
24 223
48 795
12 241
17 858
40 790
39 877
27 705
24 876
45 256
41 698
49 741
47 217
40 320
17 791
1 547
6 375
6 697
30 637
22 417
10 374
32 954
3 751
16 649
41 247
5 813
16 880
5 227
12 369
22 387
23 97
42 841
43 734
1 569
4 541
13 805
43 952
5 203
18 612
13 217
15 890
50 930
32 112
29 634
29 693
10 827
28 985
11 835
18 570
34 9
11 777
8 511
16 908
13 574
3 560
49 754
22 523
35 463
43 87
28 82
14 22
9 486
40 348
11 799
12 914
6 381
41 681
22 692
22 995
15 862
46 564
36 525
18 67
43 793
41 415
34 507
14 969
20 504
39 966
50 425
46 114
14 671
23 850
43 47
26 218
36 517
23 838
36 396
21 327
16 369
35 134
29 928
5 555
7 509
