400
40 237
65 377
20 144
41 308
90 260
21 458
74 687
93 141
13 183
19 308
89 65
76 714
1 733
88 141
51 968
5 862
62 451
94 850
30 300
46 362
87 147
73 431
52 464
48 291
100 176
39 206
4 177
79 161
83 327
61 831
22 162
13 722
74 133
59 635
15 71
96 470
70 502
21 606
58 141
38 727
100 167
15 30
43 144
6 268
30 984
3 341
80 299
65 612
82 859
76 112
70 62
79 968
36 956
47 148
98 403
58 829
15 676
56 742
84 75
14 809
83 581
19 554
3 240
3 725
60 607
84 426
38 952
22 184
8 526
96 20
37 404
60 621
95 365
97 327
27 381
53 743
31 790
48 477
68 182
87 652
67 645
62 184
19 531
86 197
3 432
6 275
32 471
49 216
100 911
70 394
28 243
81 978
6 671
77 528
29 529
88 496
12 148
51 759
27 302
46 907
7 342
24 208
10 769
90 448
12 78
10 910
70 604
30 78
30 782
58 504
1 788
29 561
51 57
51 311
72 172
89 700
7 438
97 950
21 407
56 456
66 577
84 857
43 376
62 110
87 594
83 6
100 603
16 444
55 383
89 714
61 76
36 85
56 873
64 523
47 572
8 914
8 802
32 559
95 169
30 938
10 782
92 685
78 123
55 36
7 748
64 188
16 315
41 355
36 507
45 825
36 596
63 175
2 863
47 121
95 996
88 679
27 949
85 592
22 793
26 652
60 460
48 266
81 956
11 473
37 440
38 846
68 457
61 250
59 100
57 785
62 445
32 786
71 464
96 12
65 952
74 79
98 913
69 804
39 993
99 317
82 811
14 359
62 462
26 900
97 299
45 59
97 135
47 945
87 683
38 658
32 85
21 121
56 917
27 894
26 756
80 145
25 163
7 366
86 488
35 427
52 928
52 979
6 150
63 78
84 739
47 482
95 762
27 692
98 752
72 318
27 437
74 621
60 438
82 905
99 235
66 917
52 584
2 781
71 132
97 292
48 912
83 72
18 549
20 565
2 886
4 56
57 509
67 462
43 494
14 410
91 50
88 825
75 849
57 28
59 206
57 277
18 609
90 303
89 89
6 453
13 154
65 657
71 894
40 346
58 811
89 908
52 502
6 661
95 488
76 647
32 320
23 390
67 431
99 741
63 297
92 642
24 826
33 32
26 727
60 244
32 340
46 340
56 587
87 683
26 674
69 100
76 701
35 131
14 405
77 274
26 992
56 86
73 216
100 372
9 62
77 74
55 720
87 499
44 55
69 693
82 232
49 580
27 439
22 198
57 583
79 6
13 962
79 412
75 181
28 194
34 721
79 603
66 272
71 280
97 106
97 200
52 409
75 604
37 317
63 832
94 41
23 467
13 82
68 216
37 770
24 625
84 545
57 655
93 146
58 295
60 260
54 76
24 866
4 586
37 766
93 467
40 292
92 296
60 74
58 555
46 685
42 222
21 191
40 610
44 340
49 329
18 232
85 213
9 333
98 89
35 325
17 403
28 603
24 294
30 565
75 511
44 493
98 751
63 531
61 218
53 957
68 740
86 652
40 384
21 178
21 206
66 561
92 301
6 326
29 1000
71 403
6 70
78 905
42 277
65 484
8 398
63 623
9 939
70 262
3 303
83 18
72 254
49 480
83 814
65 972
46 616
41 444
30 344
16 871
3 771
97 880
6 213
78 911
59 601
39 822
59 360
14 779
99 931
33 192
88 650
66 752
95 89
93 319
3 391
19 43
21 717
86 517
38 97
98 92
13 197
36 277
78 936
44 124
9 93
89 571
79 456
27 71
79 161
87 152
100 598
