300
61 82
28 50
48 697
35 793
29 268
18 169
66 713
15 978
26 101
39 879
38 858
9 464
72 215
17 83
35 966
48 894
71 48
60 160
74 457
69 998
15 241
6 798
23 870
43 576
7 878
73 601
28 328
25 973
25 378
48 489
2 917
17 144
68 708
60 630
20 102
52 867
73 66
24 366
12 862
69 165
50 585
8 458
59 116
1 660
9 286
63 853
15 11
44 493
16 882
27 373
72 909
40 204
12 417
73 869
74 69
72 481
56 334
16 44
45 836
26 323
52 144
23 664
32 144
74 747
11 242
3 466
62 488
34 288
8 684
23 869
40 624
75 76
49 514
46 407
34 929
8 998
57 650
7 816
69 330
60 28
49 267
58 704
2 106
26 688
60 969
71 900
55 709
27 657
13 652
54 216
58 130
51 3
70 455
21 697
37 188
9 916
34 745
14 221
30 136
68 5
47 776
9 938
67 322
26 249
59 907
35 201
55 533
71 427
40 57
19 370
6 627
28 154
3 427
30 587
61 594
75 31
50 285
49 781
71 665
63 248
2 334
28 848
55 979
13 761
69 440
10 348
55 941
10 778
66 762
37 101
49 417
42 964
22 121
21 774
52 825
23 861
48 220
20 522
64 579
75 533
75 106
69 985
35 277
63 712
38 15
19 813
7 669
1 666
19 461
27 815
36 789
24 996
21 135
41 553
63 113
35 427
63 675
18 330
51 648
48 770
48 686
71 966
74 852
29 302
54 499
4 703
31 684
39 214
62 776
43 788
50 360
74 525
34 332
63 182
10 880
38 977
8 546
16 328
9 586
69 503
61 992
9 120
9 948
53 457
48 19
9 115
66 495
36 803
51 246
41 627
12 277
21 340
49 311
32 826
26 784
51 927
14 664
73 399
68 104
71 6
70 173
42 972
69 285
32 185
8 255
74 101
71 541
31 871
60 885
56 514
25 126
14 83
55 418
2 505
45 485
61 881
61 636
5 47
74 705
5 7
47 329
64 335
25 774
2 469
67 374
47 643
66 357
62 887
58 643
47 997
14 494
20 712
44 388
39 461
30 168
51 150
45 309
16 921
57 307
67 562
2 333
52 186
39 563
56 444
68 555
60 723
66 967
64 10
69 198
58 502
1 904
2 516
3 803
37 25
34 872
25 299
10 72
56 881
37 406
27 209
63 752
66 141
72 561
27 672
42 569
14 314
65 130
45 526
3 582
29 823
21 171
39 932
71 913
69 820
56 1
27 301
8 88
16 332
72 899
36 369
75 468
10 852
23 102
44 310
32 643
28 841
36 980
73 866
21 505
60 134
75 994
35 825
23 421
43 533
7 921
12 441
1 407
54 544
49 861
62 968
