400
11 431
62 516
33 238
76 739
32 642
95 213
29 803
33 400
36 834
18 76
24 299
37 321
93 411
91 782
74 678
37 764
66 411
24 986
12 613
31 43
74 36
86 978
88 310
50 411
83 701
37 244
77 36
46 754
52 645
6 80
86 24
84 54
55 217
36 686
76 217
1 443
62 927
98 892
50 437
80 565
50 792
27 258
74 501
65 466
64 24
95 45
81 24
45 435
67 185
66 667
8 607
38 270
73 924
31 69
22 224
63 254
35 75
18 854
4 356
49 547
70 228
53 348
47 378
89 59
75 743
85 307
3 57
98 17
89 80
1 371
73 973
33 491
63 997
51 693
39 396
14 278
38 665
1 754
85 608
77 831
66 110
70 425
60 759
78 958
86 373
83 209
17 413
20 201
53 246
15 967
73 872
32 983
52 833
2 778
93 32
46 836
11 549
20 918
23 464
77 414
30 545
57 223
50 647
60 391
7 57
98 939
21 976
71 67
10 699
55 605
46 60
37 990
31 88
86 872
33 519
46 527
76 709
21 646
51 728
52 963
42 255
84 420
2 542
61 619
74 254
22 555
1 124
12 519
33 948
97 587
90 503
73 967
99 313
74 964
82 339
33 36
95 583
3 610
72 837
74 268
94 313
69 486
98 576
82 101
49 134
56 53
30 989
76 490
4 968
30 913
75 510
98 219
67 768
34 318
54 6
9 252
61 803
31 694
93 172
49 790
98 633
78 262
90 766
12 784
47 487
30 380
62 300
51 784
99 136
74 150
68 307
86 102
93 212
80 365
9 10
30 420
78 331
54 549
76 342
94 467
60 431
67 550
55 477
76 550
15 924
50 197
75 612
89 441
20 101
77 199
42 825
10 201
24 778
24 324
66 882
64 394
55 924
50 703
82 810
46 59
36 596
78 411
52 820
44 630
17 934
37 144
56 261
24 941
33 111
57 446
32 318
40 165
50 930
67 905
71 381
78 28
21 669
23 354
45 479
90 679
80 801
69 715
1 873
63 113
30 148
25 760
51 909
57 609
39 925
20 524
66 462
3 485
29 39
44 664
87 93
92 749
35 929
39 433
88 851
74 430
61 70
61 824
24 256
43 435
86 998
95 240
10 43
39 851
72 269
35 337
42 607
95 215
15 766
24 424
53 218
67 707
82 378
54 922
74 662
52 735
27 376
25 457
70 645
32 420
71 526
10 423
54 908
67 450
85 497
70 346
2 82
28 849
17 301
75 759
54 810
87 6
23 756
13 243
20 927
83 136
41 163
26 986
11 273
77 988
62 611
14 426
21 225
11 337
17 368
63 569
90 870
19 542
48 478
87 846
39 118
94 666
94 346
67 203
44 61
47 351
34 880
100 601
7 889
82 276
2 575
1 482
40 874
2 684
63 140
62 867
25 959
66 566
33 681
10 933
5 431
13 771
32 188
36 656
78 205
28 753
9 102
67 823
45 258
90 530
57 386
23 467
10 962
17 366
32 391
48 955
12 290
45 970
83 403
88 612
8 21
57 240
89 279
8 378
67 135
49 710
2 892
94 727
2 362
77 35
82 110
52 675
38 759
5 12
25 638
81 944
89 380
35 386
18 202
4 30
1 525
9 402
64 932
18 370
53 964
66 480
36 999
77 348
27 738
30 852
20 474
46 488
8 812
55 678
57 618
31 328
54 173
28 803
48 204
23 766
5 901
52 673
89 767
12 172
53 272
65 444
23 625
27 364
56 411
57 740
17 62
95 712
5 475
39 953
97 862
9 527
99 993
7 536
88 447
5 79
64 799
70 917
62 309
2 144
50 34
97 286
