300
1 519
31 269
16 603
26 326
70 979
17 462
41 545
70 614
37 530
1 261
3 85
40 342
16 70
72 710
65 703
33 148
57 269
60 381
45 893
40 908
62 255
73 695
21 965
41 219
50 803
24 518
59 634
21 666
53 654
23 784
51 667
29 685
37 852
6 755
62 285
66 356
12 730
58 613
38 340
75 917
31 285
6 97
35 677
70 760
42 350
55 148
74 577
8 194
18 160
27 538
60 315
20 113
1 478
38 233
75 769
21 9
37 911
4 320
35 660
25 750
49 416
10 901
55 740
51 906
21 324
44 561
6 724
18 131
28 570
61 978
49 352
32 418
50 425
42 912
33 318
30 781
36 629
66 939
33 484
10 947
10 846
42 796
22 346
54 22
30 737
34 500
22 756
75 502
70 999
13 809
48 280
13 230
39 959
38 890
31 146
15 902
5 889
60 947
2 864
25 979
55 582
67 42
12 449
10 961
65 21
14 951
72 923
55 614
63 14
61 846
73 408
62 555
15 609
22 128
13 286
61 950
12 387
26 14
33 552
30 419
43 879
61 223
29 700
64 659
60 518
4 925
38 218
4 545
73 507
62 276
49 193
10 630
20 21
31 153
24 59
45 252
36 776
43 690
28 142
36 587
37 177
25 261
17 349
63 610
33 614
57 389
8 314
3 768
60 580
32 469
51 157
19 534
21 708
14 192
25 684
26 29
28 574
23 845
26 217
15 236
19 83
64 966
58 440
14 44
57 233
28 287
21 259
60 979
11 945
62 344
54 91
7 756
43 132
32 899
57 47
7 421
48 453
24 737
7 613
67 239
6 726
51 574
8 471
60 952
66 966
36 911
26 952
13 573
42 774
58 57
45 53
56 907
26 599
6 843
6 575
68 425
29 89
38 783
24 894
31 897
5 775
39 987
7 604
62 295
57 651
34 404
48 519
23 126
70 740
15 171
10 564
27 151
6 730
3 466
69 814
56 127
59 263
3 516
4 878
44 152
26 450
73 669
51 73
40 403
36 658
11 419
70 982
16 723
58 596
27 937
9 285
59 355
22 367
10 369
3 201
34 530
3 665
45 152
41 160
52 145
53 726
42 17
60 504
1 612
39 700
69 339
48 276
26 698
46 564
8 321
18 219
11 989
42 256
1 745
42 472
16 186
56 531
49 653
12 141
29 695
4 463
71 128
44 708
7 557
8 321
3 618
31 875
10 368
51 868
3 421
37 988
43 247
40 187
10 425
63 867
23 138
29 670
33 66
11 66
5 213
35 646
3 150
30 285
36 623
16 942
70 780
5 540
9 559
26 299
72 124
41 710
3 613
68 16
51 360
35 558
15 16
61 793
15 340
24 831
31 436
