200
7 329
31 574
39 177
40 629
5 672
42 957
11 768
38 994
45 251
40 156
50 732
5 124
10 318
33 722
28 30
46 873
10 957
37 159
34 295
13 757
49 949
32 949
21 540
28 190
34 734
28 696
8 719
24 652
48 910
41 753
11 164
3 28
4 892
48 128
45 198
38 492
18 602
46 553
20 613
25 449
50 438
44 683
37 998
24 590
22 478
14 429
8 180
30 272
21 745
9 134
19 963
20 831
36 62
2 550
49 613
4 887
17 391
44 852
18 814
19 663
43 260
29 279
4 704
27 796
23 708
3 854
25 167
35 288
33 529
19 525
25 380
7 649
15 57
49 989
42 652
46 392
27 363
9 699
23 896
8 9
36 287
50 212
24 162
10 990
29 199
14 33
12 359
40 529
26 800
16 914
26 69
48 195
31 164
47 22
40 441
17 868
26 40
9 174
18 167
14 160
44 868
12 660
9 369
47 773
19 914
46 145
15 513
33 201
50 501
47 683
9 986
16 765
24 868
38 744
44 293
47 899
9 773
18 601
35 631
17 612
3 700
30 650
45 413
30 356
41 99
43 118
25 175
49 162
40 667
23 793
43 828
1 49
2 976
10 384
29 87
44 547
29 247
30 593
21 593
5 393
4 149
22 262
35 559
20 744
45 476
3 300
10 769
31 82
3 979
32 726
23 403
38 321
42 497
27 657
50 221
35 461
34 154
1 993
37 640
39 950
19 293
19 509
37 316
19 670
6 544
4 984
7 685
32 540
1 238
6 936
44 734
8 393
9 468
22 168
43 563
23 380
39 625
50 105
16 615
50 180
16 358
26 517
44 9
42 421
13 710
20 271
35 989
21 902
28 486
14 613
40 699
38 232
34 311
28 674
27 989
24 913
49 301
42 179
34 16
4 845
