700
133 211
6 912
91 882
118 123
150 539
114 538
159 741
47 523
66 970
166 831
36 182
31 876
17 449
42 439
25 155
144 628
129 228
85 844
96 490
11 817
12 882
25 676
77 376
24 44
86 86
172 193
169 186
33 949
128 720
133 441
32 514
1 722
115 745
152 324
123 819
93 610
131 940
175 26
4 923
162 878
87 355
94 348
115 768
3 326
117 62
19 497
163 835
58 388
46 719
129 561
26 824
97 212
100 900
133 464
34 833
56 461
30 538
17 607
133 549
90 369
5 185
169 324
133 60
160 584
12 143
135 441
11 288
136 26
10 463
130 269
54 837
96 847
117 823
161 594
138 527
103 537
26 523
96 326
101 467
106 484
170 992
170 242
129 878
18 763
122 207
70 642
146 835
77 290
171 953
67 938
128 94
136 201
19 979
172 568
174 991
123 914
120 320
142 441
171 814
39 973
111 7
83 354
118 105
26 177
124 718
98 84
56 146
71 442
79 231
156 571
137 66
174 418
142 379
146 936
153 871
149 224
168 408
142 44
114 855
162 600
163 717
160 474
122 966
83 458
101 993
93 780
166 883
137 126
128 548
81 65
26 637
160 324
154 643
19 799
131 906
174 868
154 459
101 858
105 490
23 441
166 478
160 852
119 340
41 337
88 420
7 565
133 900
160 625
94 880
121 926
54 685
104 856
86 690
129 5
128 975
132 725
51 417
92 999
87 714
2 863
155 686
54 530
25 955
172 6
145 95
107 466
40 646
10 321
170 922
156 219
118 117
58 82
64 67
159 417
22 120
2 386
71 546
26 704
36 499
94 951
143 15
173 811
7 14
100 169
1 98
17 469
100 430
141 713
148 908
106 874
135 607
11 679
138 217
88 57
74 45
105 259
90 369
11 127
155 306
123 913
113 666
31 391
108 677
70 21
151 275
57 451
83 574
161 72
89 948
133 78
43 990
89 209
133 404
45 868
122 659
156 520
113 295
174 79
44 589
3 6
155 339
10 779
50 77
135 875
142 21
48 791
98 826
143 39
116 963
86 79
94 268
42 858
160 338
88 932
14 533
28 46
1 912
114 215
58 319
47 403
136 208
39 776
87 293
120 424
81 365
153 632
149 360
23 206
153 851
55 585
15 5
146 557
9 680
12 250
53 848
92 523
88 216
143 393
74 9
89 137
162 415
175 508
147 126
136 192
12 489
12 819
162 459
78 348
39 35
136 398
38 939
71 912
37 196
71 638
122 854
1 303
88 443
55 674
153 907
56 242
87 916
140 354
152 452
62 863
86 596
106 237
80 149
54 194
123 870
133 731
42 82
157 90
43 643
132 609
97 102
120 828
61 714
76 980
124 942
22 846
116 538
52 272
38 240
55 67
29 177
166 552
140 599
105 531
49 964
13 567
24 710
116 762
101 648
40 556
117 430
160 266
128 923
48 716
122 732
113 339
47 854
10 997
86 715
119 213
140 222
20 363
96 740
150 281
4 379
30 873
171 325
26 162
26 160
166 645
57 543
1 984
131 962
63 865
22 363
166 584
145 773
114 204
132 737
67 28
55 20
144 370
121 196
175 665
12 489
137 149
19 432
5 95
102 660
148 632
70 682
26 929
126 262
139 375
59 24
111 48
143 817
89 636
77 727
97 863
74 964
175 829
161 510
99 835
131 188
21 245
121 633
67 598
101 977
83 717
160 628
140 411
127 850
80 263
62 74
55 31
121 481
53 596
10 137
115 170
7 991
5 165
87 440
119 202
100 690
152 536
117 70
36 545
14 890
19 547
106 399
147 886
44 826
3 760
73 601
123 846
162 262
146 880
126 104
140 776
80 387
139 734
142 706
30 320
93 809
135 195
118 212
156 620
15 450
117 945
167 982
69 502
168 40
158 119
153 810
118 672
169 553
108 725
19 121
152 331
155 250
2 268
175 422
68 303
21 132
48 719
167 382
135 271
154 101
144 256
60 796
44 836
25 454
82 287
67 826
133 67
8 379
83 657
51 233
92 996
47 599
88 246
120 546
175 86
4 570
91 313
150 226
75 179
43 613
92 789
63 423
137 914
136 589
41 374
110 71
26 951
13 338
49 171
61 315
137 700
35 166
40 123
143 585
45 189
77 938
89 968
39 715
110 758
15 7
171 912
165 590
83 791
127 624
100 797
144 399
81 522
166 408
38 314
72 892
139 651
149 501
111 634
44 392
124 569
4 70
91 168
150 148
116 989
62 669
80 213
59 716
92 440
113 511
160 705
47 294
9 223
27 231
42 998
127 223
139 271
23 728
82 425
99 789
135 371
126 20
164 255
9 229
34 993
165 608
54 468
67 951
35 168
88 719
111 457
42 706
49 289
22 601
168 273
122 663
112 281
56 641
144 485
41 793
109 86
32 935
93 244
74 733
43 711
22 811
50 807
72 949
127 486
64 226
101 896
63 675
24 459
37 918
7 666
8 734
155 700
165 906
154 30
12 671
78 449
169 440
143 834
107 677
123 204
36 924
112 386
89 53
133 630
62 487
103 410
21 221
108 526
102 656
7 600
116 379
13 832
42 103
5 383
147 244
166 692
75 813
156 821
125 670
175 97
111 534
98 414
154 935
167 637
174 891
91 142
168 88
127 613
36 906
165 417
172 542
101 166
82 45
31 560
110 396
105 864
102 555
140 740
44 580
142 634
27 330
113 79
118 361
113 412
140 101
154 201
163 602
90 701
7 238
57 934
109 754
82 220
170 652
65 378
30 762
123 606
103 382
45 74
87 291
44 322
70 525
159 698
119 521
126 156
106 594
72 820
71 833
125 705
143 429
11 324
1 871
116 683
165 611
91 894
107 57
139 733
132 402
117 491
140 83
117 896
142 102
58 670
132 470
88 306
37 507
124 333
85 79
74 187
19 107
40 661
132 323
97 891
152 117
134 300
64 464
175 373
132 341
4 515
111 786
125 49
167 31
21 509
155 118
2 427
76 19
62 448
4 805
23 904
87 300
77 16
44 231
122 192
173 342
42 347
76 234
39 84
24 228
165 649
43 367
37 897
46 758
3 171
88 322
129 651
125 749
146 185
170 211
2 731
157 969
106 157
14 856
78 738
123 600
10 575
28 844
21 673
144 807
71 978
24 698
32 888
4 617
47 945
120 672
86 21
99 296
18 779
74 954
46 939
