700
64 529
60 857
136 70
121 7
172 783
131 538
119 140
50 669
140 563
124 725
53 682
123 54
118 653
58 709
88 703
100 266
150 492
70 73
2 348
1 855
107 222
140 547
134 88
75 232
161 363
116 749
33 641
116 729
139 649
164 18
148 457
158 849
175 593
78 846
169 318
106 485
137 393
23 57
165 805
64 159
33 964
25 957
114 881
79 533
149 478
11 649
100 309
148 262
61 983
61 360
94 679
168 166
138 995
35 592
10 505
62 588
3 511
89 244
141 560
113 18
140 33
169 914
43 597
169 991
5 128
174 140
92 497
84 709
99 467
102 269
147 698
105 381
96 822
26 601
14 957
81 886
65 77
167 358
52 658
10 17
118 530
59 24
48 213
142 956
111 698
144 496
80 780
95 12
157 859
143 536
91 447
113 318
88 133
101 399
61 249
7 964
75 98
97 568
95 391
21 395
32 59
40 372
33 95
163 829
34 838
102 641
136 41
161 946
14 259
106 174
23 481
84 184
171 168
151 606
6 791
163 888
47 339
132 745
52 348
104 475
72 220
128 33
96 118
101 600
29 285
128 399
76 393
16 723
17 674
5 466
84 823
59 384
95 4
9 682
68 577
39 206
105 440
76 644
48 926
67 793
104 706
138 529
20 611
48 973
104 789
150 475
115 758
166 965
100 864
145 710
68 482
135 823
38 322
143 700
144 586
82 737
159 537
35 379
116 780
116 320
13 60
137 525
6 75
67 493
115 589
110 673
94 163
143 758
92 741
98 889
31 41
155 347
158 282
70 696
110 778
46 749
119 390
24 137
9 60
9 506
87 244
92 530
11 770
164 60
68 595
167 428
98 386
114 122
6 132
65 137
32 135
162 860
55 129
67 120
39 286
42 646
159 644
65 341
163 147
94 427
40 532
76 153
29 459
174 282
152 719
7 714
103 680
3 219
134 53
95 482
148 54
42 169
29 469
156 996
2 842
117 968
59 288
170 718
25 477
103 623
174 941
135 193
74 268
14 397
32 848
95 322
87 47
104 222
158 763
104 401
153 801
14 969
123 762
15 851
41 437
119 13
90 167
15 466
66 617
115 371
153 300
65 755
44 16
36 54
86 682
136 627
125 794
134 415
127 986
50 527
162 281
81 870
117 323
168 242
101 119
117 882
64 327
15 826
23 47
151 167
165 111
95 424
9 807
4 418
15 60
147 295
166 704
37 780
106 128
90 897
89 970
145 349
60 850
63 416
122 571
44 236
133 752
124 763
32 684
39 936
162 59
79 429
41 367
63 714
39 10
148 231
4 262
166 796
85 529
108 769
96 20
132 488
55 21
74 898
119 498
80 829
165 376
170 827
13 374
58 234
19 772
49 715
131 84
138 240
173 92
159 713
84 527
24 624
80 434
72 428
131 659
28 570
73 557
134 687
138 687
47 454
112 548
27 800
38 401
74 107
72 417
11 600
130 235
44 609
55 345
59 285
72 613
171 642
128 383
48 155
139 508
157 677
55 976
81 113
93 607
152 292
173 476
109 890
142 678
22 23
135 983
27 431
105 290
164 204
112 577
144 28
62 84
148 48
34 968
16 120
158 7
3 533
124 308
51 600
150 482
98 139
55 150
30 272
90 963
89 809
60 6
19 460
172 59
168 199
152 434
63 925
14 425
37 697
9 592
105 428
4 600
94 432
39 116
86 572
138 727
151 864
110 428
86 675
174 7
155 210
152 843
152 876
150 770
25 947
124 499
60 775
30 727
118 557
28 825
102 448
23 820
8 833
7 753
131 119
135 205
106 378
35 480
156 722
24 287
107 267
93 677
40 679
11 16
55 59
25 63
64 359
105 548
103 91
157 420
134 942
129 817
138 914
101 666
146 840
105 377
95 635
94 64
163 803
31 280
99 689
95 365
40 274
158 565
19 650
173 585
144 839
86 347
64 514
152 587
2 801
163 307
160 938
154 730
76 842
164 609
87 91
171 234
157 147
59 685
119 767
147 822
75 816
168 984
112 407
44 329
82 459
175 334
45 707
62 816
1 794
103 860
31 940
147 686
163 9
62 840
115 219
112 344
12 595
131 503
127 791
61 626
172 142
23 867
22 843
32 274
168 700
36 565
93 190
89 702
138 279
133 307
124 753
17 384
41 948
173 713
93 176
170 672
36 791
104 663
154 702
76 665
53 614
50 49
145 834
34 993
59 542
168 880
146 174
60 822
110 750
118 844
168 753
14 513
89 942
26 477
162 589
157 640
4 101
73 987
138 806
162 3
124 51
95 554
85 509
134 45
63 136
80 83
90 189
89 940
173 226
21 893
98 478
73 730
42 780
149 767
116 754
44 70
99 32
1 678
46 552
39 502
89 510
84 110
127 663
52 142
67 58
82 25
94 651
163 598
94 171
123 476
23 490
128 194
135 437
9 189
167 403
114 108
35 957
108 581
174 192
53 30
22 921
141 259
98 245
174 935
157 127
67 304
41 794
159 638
112 522
137 382
122 374
94 772
158 92
122 713
94 738
166 796
39 474
73 120
151 941
95 853
125 888
165 681
87 230
3 66
146 807
158 277
46 986
51 575
110 805
96 965
126 374
39 317
109 661
158 914
90 82
129 989
14 891
144 469
145 305
53 553
169 772
90 874
92 895
9 433
145 293
43 84
69 210
170 624
54 121
114 143
40 736
33 925
137 974
71 192
51 418
78 141
92 669
41 759
55 61
123 281
118 866
101 789
53 526
116 458
81 788
56 330
38 456
23 337
130 646
49 62
13 248
136 762
118 476
82 738
21 988
105 127
107 775
172 140
32 545
95 132
9 113
2 883
105 590
158 437
93 606
143 16
77 273
142 592
32 905
52 164
92 608
17 544
3 657
98 125
163 209
126 75
79 703
91 990
147 342
73 851
54 296
107 988
117 251
153 192
83 787
169 890
162 105
13 948
103 300
161 771
100 487
6 68
66 442
3 814
173 936
117 710
12 295
125 296
2 95
9 710
158 379
130 20
90 705
92 643
73 966
164 942
36 541
99 266
120 675
158 4
134 758
118 466
29 553
36 926
17 482
126 76
135 997
124 412
24 104
132 517
9 348
124 104
110 566
25 975
110 503
11 218
168 892
163 920
20 816
161 477
52 4
22 705
6 398
164 593
97 995
23 416
150 237
24 490
108 124
