300
6 367
7 177
12 993
29 788
67 700
53 818
69 819
50 260
48 472
73 667
55 419
63 264
8 461
61 838
12 275
71 224
12 878
15 176
12 625
71 805
68 154
19 83
62 547
54 577
60 551
59 925
47 555
60 154
19 831
62 229
26 738
6 610
37 416
61 840
45 997
56 8
56 471
15 501
54 167
63 569
48 414
14 983
55 934
40 620
57 147
39 307
37 465
75 891
5 883
70 768
58 729
32 287
24 204
75 880
42 979
74 117
59 813
13 537
34 624
1 247
34 147
33 442
15 916
31 350
34 462
31 318
1 770
37 421
10 97
39 802
63 658
65 563
16 221
67 694
48 554
50 81
63 430
44 657
51 988
54 496
62 70
26 773
49 66
46 641
9 36
4 466
12 184
62 321
28 250
15 763
61 616
28 175
4 765
40 595
27 643
8 578
20 809
54 253
14 385
64 697
61 522
58 803
22 646
29 659
40 455
22 66
61 86
16 864
12 568
61 602
12 719
63 775
20 168
27 114
40 207
29 128
22 827
24 259
65 708
20 379
60 570
73 875
35 788
54 876
50 263
4 336
66 931
21 541
32 882
9 152
42 212
31 953
60 387
18 579
21 132
20 19
60 287
31 191
17 975
16 175
58 68
8 789
25 595
9 647
1 197
2 748
36 274
19 568
67 374
4 634
21 511
37 466
27 113
34 398
57 154
12 1000
27 986
60 998
16 400
11 496
28 448
65 885
65 182
70 313
23 574
75 716
71 802
8 808
13 766
3 473
19 239
35 219
58 399
28 783
1 898
45 927
60 580
44 82
39 747
30 820
69 685
56 605
64 555
6 963
63 438
27 308
50 893
59 883
55 642
24 920
51 896
60 248
75 680
23 308
24 336
54 316
20 857
5 775
72 369
66 34
37 524
14 540
48 323
21 618
28 963
10 488
14 585
75 837
7 704
6 909
25 247
60 221
33 381
1 899
69 607
7 789
14 290
59 592
60 579
67 761
47 915
56 833
56 620
5 448
53 285
69 784
28 514
28 659
60 154
28 981
2 260
35 182
21 294
69 892
36 974
53 677
44 567
65 194
67 833
39 112
70 381
1 354
55 927
7 502
48 320
62 318
61 726
53 433
51 516
11 669
27 598
45 902
71 985
19 404
51 73
6 678
30 389
16 397
35 429
25 256
74 725
11 507
30 571
13 529
68 7
6 170
59 547
13 2
64 555
64 509
19 607
38 33
29 518
2 731
27 462
64 144
42 746
9 315
37 195
32 148
2 513
70 946
23 461
51 259
2 681
20 862
6 918
55 447
71 101
55 122
12 406
41 614
37 446
23 753
47 790
47 932
38 844
71 31
2 221
49 556
