200
10 645
9 812
1 854
45 657
41 210
26 757
29 207
44 40
1 7
16 960
41 979
28 228
27 805
5 405
14 525
43 619
4 601
22 672
26 408
13 741
35 639
45 601
29 43
43 981
38 768
4 815
15 591
27 159
28 190
13 410
7 381
3 355
27 933
13 976
37 46
17 489
42 465
32 629
15 534
1 674
32 882
22 732
25 895
18 472
12 156
30 897
14 919
40 6
2 233
43 591
14 31
47 244
47 344
39 998
47 714
47 6
39 545
23 264
1 848
23 712
47 866
11 788
8 431
39 255
23 977
21 643
34 888
16 451
6 197
38 571
47 607
40 801
19 27
2 469
50 190
41 460
4 737
38 436
8 208
32 167
35 421
44 952
18 389
7 386
36 482
20 292
12 804
1 367
44 113
19 311
13 676
48 100
9 282
37 661
45 756
22 336
22 816
39 686
50 924
47 694
32 743
24 297
48 772
10 977
50 736
8 78
32 732
33 245
29 876
25 422
10 463
18 259
42 41
9 245
11 897
8 488
32 121
45 441
49 806
7 39
11 177
36 703
41 13
45 125
37 460
23 56
40 158
38 343
48 482
10 620
7 726
40 347
43 479
48 162
50 293
31 373
15 310
43 642
45 879
26 296
6 775
47 52
32 686
6 633
3 949
24 807
19 569
24 515
45 821
35 990
41 14
2 183
8 815
30 44
2 379
22 165
2 216
2 602
13 311
24 694
36 353
47 233
11 97
26 862
21 196
41 186
30 437
13 563
6 766
23 522
34 805
44 665
4 840
26 920
12 204
31 666
6 577
6 989
34 314
38 366
19 540
28 311
45 325
38 138
36 595
15 461
47 816
36 54
42 561
35 500
44 383
29 782
21 900
9 43
3 666
6 991
37 675
21 600
4 101
13 616
