600
7 12
64 143
141 135
17 579
36 695
79 259
139 812
71 533
18 344
133 345
84 734
50 141
75 949
131 543
96 414
107 706
14 709
38 590
94 708
18 562
65 405
33 662
21 527
139 519
62 446
3 358
113 266
72 569
3 914
48 482
138 910
135 907
26 264
32 83
27 599
19 191
142 254
119 851
60 551
117 607
56 625
33 815
9 714
31 886
91 151
116 670
2 950
40 955
97 310
108 171
118 160
96 230
40 215
69 908
56 602
8 250
27 49
23 295
66 11
66 781
139 292
106 318
141 21
89 919
53 740
54 761
77 58
100 631
34 119
64 143
109 860
15 381
134 946
136 597
53 387
28 758
66 59
53 877
78 123
78 799
146 930
6 656
46 140
111 694
59 395
89 362
49 885
55 825
145 26
30 513
79 592
30 700
24 510
42 213
8 921
95 58
93 172
83 469
41 74
112 102
53 615
107 414
36 828
51 910
125 418
19 504
148 206
20 377
61 889
9 142
5 762
117 270
102 592
20 248
6 11
70 870
7 952
10 766
150 584
106 857
130 258
64 595
2 723
67 569
37 783
11 406
3 85
133 526
74 842
5 280
88 769
70 330
127 685
99 741
138 566
87 735
11 413
147 757
77 432
24 25
95 39
141 566
96 810
10 919
85 627
75 10
36 828
27 393
30 199
90 913
9 820
116 292
113 902
64 94
90 7
50 729
35 512
34 491
4 403
2 667
34 634
101 607
21 302
105 33
35 779
90 399
98 559
70 614
77 212
46 155
51 592
81 432
60 787
36 258
3 58
146 478
64 760
19 109
24 109
76 455
57 141
148 903
42 174
33 904
120 220
48 701
85 788
46 59
21 224
68 219
47 493
68 641
143 114
127 294
114 602
4 638
108 911
17 490
49 50
73 655
128 287
1 711
58 219
12 920
40 119
19 782
91 869
42 645
50 334
13 478
102 313
121 294
107 688
41 581
99 133
108 214
79 985
106 889
103 457
7 321
91 525
84 110
141 618
130 573
69 227
10 759
43 56
29 346
84 238
141 772
96 37
113 535
122 970
5 386
64 667
72 333
135 927
4 674
139 892
64 39
112 149
129 646
88 77
22 668
15 310
76 631
22 526
140 649
6 88
120 352
1 220
51 140
34 183
88 837
130 930
67 45
88 603
74 86
3 740
99 501
106 131
150 692
82 228
95 117
84 556
98 294
41 925
48 482
91 150
49 208
7 639
8 293
120 13
98 19
94 371
67 976
22 262
121 880
40 222
116 739
110 177
99 327
81 583
27 909
119 679
26 204
84 722
89 783
106 825
32 547
116 133
59 379
145 567
122 197
112 365
73 280
7 466
14 434
57 252
107 578
46 983
2 775
13 988
59 675
62 982
69 439
115 742
22 564
42 931
113 486
68 733
22 642
6 697
29 355
33 79
62 477
34 117
114 120
2 833
51 190
71 225
67 149
61 839
119 519
42 221
32 780
75 417
62 50
71 785
51 172
52 724
40 876
35 611
99 375
38 568
39 685
98 598
92 506
3 749
107 765
92 922
18 51
133 784
38 777
59 685
96 638
96 165
129 2
50 897
125 772
119 298
22 378
117 620
130 973
69 680
138 582
64 738
25 173
1 643
15 714
132 13
42 221
58 994
39 906
19 844
82 837
6 415
122 873
150 578
90 905
129 795
53 881
107 503
106 819
22 948
104 864
82 307
146 939
23 495
53 94
105 463
85 624
110 758
9 889
17 549
127 624
142 72
73 687
20 386
125 422
99 292
59 898
43 779
50 617
44 128
43 84
32 419
54 52
148 232
34 82
120 587
140 878
57 951
37 543
123 763
108 652
119 116
139 312
133 967
45 240
122 670
44 100
112 35
139 462
109 808
56 56
103 957
67 609
52 366
56 639
22 800
122 842
136 423
71 457
78 979
27 185
75 802
107 825
66 29
123 754
125 334
100 792
81 517
100 474
10 46
139 691
86 346
91 25
112 281
135 745
149 115
81 738
139 931
2 466
149 838
13 264
75 924
91 230
81 426
139 384
69 347
132 8
46 185
49 612
86 763
72 206
64 788
48 744
42 209
101 558
82 648
11 999
88 894
134 130
117 697
67 590
88 793
82 379
110 875
30 534
57 610
17 406
53 215
64 373
123 965
55 524
23 285
148 778
137 568
11 707
140 516
50 718
148 807
83 567
30 386
53 672
102 389
41 385
4 411
13 886
69 575
25 423
24 778
115 769
68 999
47 695
60 5
32 460
33 824
53 60
120 928
114 785
27 977
73 984
82 936
20 980
58 498
58 399
88 478
139 49
140 855
13 725
99 671
48 747
78 587
16 627
2 325
9 133
7 730
84 414
32 438
129 591
54 650
120 276
98 183
126 624
103 700
89 859
29 346
29 94
103 541
114 219
67 57
77 854
142 629
136 380
121 186
87 429
90 602
127 546
142 203
116 297
12 384
128 34
29 251
54 734
100 230
88 811
131 806
135 323
32 171
66 267
52 220
72 699
50 166
80 260
138 769
54 378
61 320
117 505
7 3
75 308
6 251
84 751
52 98
140 323
100 959
34 636
42 355
6 108
90 903
105 214
101 685
86 96
80 144
73 609
78 112
34 694
147 465
64 788
34 850
120 900
64 149
37 479
78 178
67 498
106 487
62 434
121 312
63 347
139 124
30 808
94 931
13 448
79 445
92 402
133 622
64 75
121 387
53 747
