700
58 928
75 136
122 958
54 631
134 233
66 757
117 286
81 357
11 343
68 582
134 78
51 765
84 656
127 354
86 539
160 862
14 764
63 892
136 430
126 652
5 49
39 698
118 498
43 357
164 36
116 112
53 456
84 489
60 445
121 796
115 773
80 241
74 503
12 412
1 228
39 519
104 421
82 27
12 658
38 536
169 886
6 756
148 246
154 205
33 875
144 130
101 779
169 525
123 180
125 874
115 733
31 727
86 505
52 194
18 296
87 589
143 19
121 497
40 396
25 707
19 342
148 620
74 387
175 610
11 188
81 340
54 912
77 980
4 501
18 275
38 443
115 294
88 350
48 219
112 968
106 463
103 926
123 320
99 574
130 736
46 530
34 434
117 491
40 354
104 612
32 164
127 997
93 283
169 138
74 276
164 203
159 19
60 296
70 542
58 572
134 311
121 733
66 370
130 300
127 324
36 835
136 300
154 464
111 67
38 457
86 310
87 474
3 523
91 457
121 553
9 271
133 106
173 958
128 755
130 166
36 415
80 968
5 220
18 548
87 745
11 656
65 267
38 303
68 680
171 108
65 686
135 454
92 511
84 616
37 150
152 205
30 23
32 538
131 511
34 705
163 864
110 63
40 862
39 518
133 527
13 494
74 433
94 361
113 145
66 458
106 546
55 64
24 82
120 907
166 177
137 415
5 957
30 337
119 547
140 595
99 508
89 360
73 731
102 240
128 150
153 396
91 39
77 244
151 719
129 168
144 589
1 172
131 441
6 434
90 871
130 770
98 244
69 635
146 490
157 953
2 481
124 701
7 731
117 614
66 190
79 652
162 432
73 390
134 35
149 935
86 559
95 85
139 355
76 858
56 391
5 761
165 229
72 574
132 946
47 894
73 258
16 31
140 345
2 5
163 375
59 815
150 902
117 81
153 22
126 15
154 423
135 834
95 52
53 373
130 527
130 265
137 927
33 546
170 195
40 394
11 996
111 689
75 159
106 696
74 414
151 510
39 812
144 305
69 7
170 639
10 658
98 273
72 91
71 461
94 148
11 28
150 949
38 489
126 923
81 205
60 500
96 150
167 845
99 589
62 551
25 475
133 141
80 133
127 313
120 760
55 356
46 929
62 968
88 664
166 340
51 428
83 733
46 471
137 345
6 412
108 12
91 17
50 661
45 443
20 231
35 966
22 448
79 464
40 54
138 631
50 291
81 341
61 74
40 83
116 205
74 193
78 999
49 696
71 912
114 975
88 259
87 407
78 180
110 658
135 579
64 148
164 436
40 731
60 732
155 984
101 590
3 344
88 287
113 484
119 346
74 207
48 725
149 50
170 12
126 365
154 635
140 565
29 562
54 6
90 739
117 242
88 776
119 560
103 234
95 725
36 63
121 660
99 344
167 426
101 277
55 40
138 846
35 98
58 401
91 647
59 756
22 187
59 526
168 407
90 483
142 90
56 461
55 59
138 472
32 997
73 448
50 331
23 853
97 376
26 827
1 382
90 631
42 950
153 35
56 744
70 177
44 678
1 511
64 591
110 162
95 933
109 600
71 122
74 248
15 39
81 583
104 14
44 974
101 508
133 599
98 373
122 336
96 319
39 216
22 942
84 910
52 907
90 511
153 753
49 756
85 697
159 827
78 698
113 95
21 109
8 155
52 630
1 685
121 849
71 685
157 722
82 147
29 485
90 676
97 516
80 935
53 796
101 470
112 522
61 331
80 768
36 478
15 744
147 291
150 491
21 304
172 693
123 284
122 380
37 875
68 332
92 240
132 844
37 571
56 546
91 304
95 589
169 660
81 813
54 760
64 912
23 934
24 663
155 597
44 79
73 437
105 294
2 954
83 737
173 795
56 737
99 385
67 867
175 929
1 736
33 1
84 520
146 22
159 329
22 222
2 719
45 604
106 306
97 712
88 706
55 27
58 156
60 960
148 853
139 273
111 149
86 987
31 205
79 117
168 40
68 196
53 367
128 280
7 895
170 740
134 89
30 485
14 849
143 536
116 522
92 427
61 77
60 621
13 221
1 826
94 751
16 431
161 841
82 434
97 722
104 144
163 585
139 69
160 712
167 601
82 840
8 784
122 285
43 834
103 590
53 823
111 626
67 808
39 470
74 333
154 667
26 648
79 377
173 593
39 732
7 832
48 839
98 964
166 789
32 610
116 675
99 440
86 858
96 564
147 632
110 907
59 987
161 266
14 166
167 110
45 227
44 648
151 905
37 272
153 615
103 121
147 546
133 222
59 700
106 816
146 848
55 712
104 138
104 998
135 54
5 200
107 741
76 265
170 688
117 72
99 381
22 559
71 13
144 377
23 296
54 722
82 290
151 848
28 287
85 119
41 377
55 698
23 971
96 983
144 421
125 854
20 636
19 15
150 798
101 209
146 436
108 884
127 145
45 571
172 708
130 586
168 300
168 958
27 451
5 73
85 203
53 13
50 45
164 671
171 818
112 531
43 107
142 101
158 917
1 802
80 512
108 764
18 327
174 202
127 1
72 959
112 90
69 703
149 615
99 302
41 633
104 775
10 723
133 120
118 443
2 187
15 849
95 108
145 95
16 22
3 259
39 187
114 972
53 849
69 138
161 776
37 509
131 917
2 247
81 588
123 712
126 4
101 801
17 703
116 277
51 691
167 816
145 132
107 658
23 7
3 336
119 618
42 621
151 5
129 315
13 816
128 28
155 314
48 507
93 109
21 78
79 933
94 746
93 710
80 281
171 810
153 438
163 964
48 877
100 760
164 951
51 297
112 484
45 430
140 216
41 882
63 917
74 837
43 938
122 255
18 501
28 25
57 882
147 15
15 304
5 840
119 31
128 740
149 818
45 426
95 236
66 426
76 25
22 895
48 802
41 908
32 258
174 281
149 89
82 930
151 821
62 996
39 24
83 105
22 558
23 799
69 96
82 866
48 576
84 573
55 742
150 7
101 630
72 263
117 689
34 245
100 232
97 814
102 757
155 747
115 186
78 566
82 873
124 212
51 627
116 536
19 139
142 25
155 89
166 342
20 213
72 189
119 717
174 275
73 331
117 541
126 917
2 141
54 631
62 603
90 646
78 979
113 921
132 59
91 583
75 703
171 98
102 811
93 120
150 773
36 850
89 446
41 242
31 835
8 399
30 207
5 892
13 580
130 267
36 693
