500
76 256
58 957
118 122
35 424
12 675
101 378
88 441
119 918
62 371
53 61
32 519
93 225
72 763
102 985
51 378
41 888
35 234
6 653
102 122
64 941
7 723
34 99
18 764
14 723
2 747
89 444
118 436
73 99
7 256
84 844
102 919
51 472
53 705
116 594
31 807
67 302
119 829
69 348
6 267
125 310
87 212
79 106
98 74
78 89
6 466
99 144
73 188
29 563
56 237
1 25
60 671
121 468
46 67
94 367
46 432
96 362
76 908
83 879
50 542
92 883
33 932
58 998
117 366
39 358
85 246
85 815
102 786
65 29
16 333
65 200
36 374
58 789
17 126
13 68
90 939
65 948
55 394
84 498
51 122
9 394
71 702
59 129
11 723
21 803
74 821
73 910
36 921
19 892
76 685
81 508
80 796
48 558
114 528
65 448
107 267
47 811
2 875
113 286
48 805
31 464
88 93
48 918
93 790
33 951
100 148
112 922
83 949
47 799
112 451
85 470
111 707
90 584
119 202
83 226
109 893
36 437
6 552
12 221
38 467
115 433
116 622
5 299
124 345
38 329
78 895
66 475
44 278
23 616
99 666
69 881
88 515
99 318
7 171
63 272
15 293
31 243
1 845
44 899
119 835
27 568
61 752
105 630
113 323
71 516
21 735
71 608
108 131
74 573
11 63
32 485
39 137
28 272
81 983
57 873
110 857
83 298
28 213
20 141
68 815
20 199
76 499
21 498
122 209
5 333
6 464
112 972
91 350
14 624
46 762
125 874
88 796
93 586
61 139
115 914
72 708
125 712
15 596
73 314
34 472
116 937
59 722
71 937
73 171
92 487
112 245
15 265
98 333
21 235
27 851
81 875
108 204
23 283
87 434
58 920
90 396
106 987
65 801
17 971
59 164
46 416
7 521
13 354
89 165
93 489
114 86
5 703
103 265
70 117
43 622
34 542
43 533
35 610
64 613
3 41
30 673
84 9
80 1
82 941
112 88
121 796
26 153
46 871
1 884
51 27
19 17
46 664
112 221
47 51
42 814
119 728
47 164
48 477
14 881
25 613
45 107
114 733
56 675
15 673
110 701
71 619
122 761
8 421
3 760
57 300
6 752
42 382
49 568
22 988
60 215
96 487
102 400
15 786
25 864
77 458
93 897
51 689
50 454
82 88
87 541
113 659
24 831
8 457
94 342
73 413
13 307
42 18
73 135
27 665
124 845
125 144
21 879
58 811
14 762
37 607
31 292
115 340
122 963
63 405
93 497
96 714
74 255
4 907
26 783
94 955
7 611
115 156
47 427
55 61
112 797
76 615
86 253
102 921
44 12
87 74
102 157
125 429
24 260
97 250
13 207
121 576
121 145
38 81
29 898
85 292
82 220
95 297
94 384
98 771
53 674
47 564
13 597
94 933
55 215
117 984
89 723
119 311
16 503
5 945
66 816
26 725
123 668
82 915
27 522
52 728
113 859
67 303
49 617
76 582
13 545
85 55
96 506
107 722
23 779
122 989
2 60
16 390
78 390
14 278
69 747
28 27
49 340
66 545
122 624
89 528
45 318
48 967
68 638
6 465
86 23
74 677
91 162
7 756
60 323
7 657
37 590
105 766
13 962
59 599
95 940
118 465
37 317
47 559
92 239
31 931
87 305
39 731
57 384
54 936
91 235
29 512
37 86
16 652
35 583
74 120
97 163
102 453
28 665
53 505
15 155
88 997
34 121
111 567
76 216
30 595
9 242
89 863
13 919
115 187
55 616
14 478
84 914
112 623
20 908
47 483
11 245
29 698
93 475
8 35
9 724
23 860
44 122
58 390
76 927
70 286
28 270
101 768
21 114
8 439
21 933
71 723
67 13
54 59
64 553
92 644
103 382
8 811
14 666
6 31
55 422
30 836
32 241
72 391
15 808
109 479
23 8
112 372
92 302
120 105
5 482
33 799
101 124
124 222
67 619
78 933
35 64
4 454
8 881
94 506
113 530
33 989
92 904
37 372
57 372
92 318
123 677
60 58
78 884
90 145
100 212
75 916
92 888
62 843
66 725
62 393
83 974
39 306
33 982
122 537
8 142
122 875
66 723
92 683
79 327
53 751
44 60
115 716
7 574
24 489
67 424
66 687
69 451
123 544
66 979
100 108
25 615
12 934
98 255
77 123
51 31
101 123
12 658
39 89
5 303
3 870
15 515
103 67
113 288
35 714
61 41
109 180
13 802
124 613
85 614
1 62
88 845
52 764
93 404
53 593
8 492
46 846
