300
45 889
26 477
8 541
27 342
20 535
12 827
41 144
56 818
51 129
48 296
44 969
2 581
36 311
4 562
34 162
27 279
74 728
16 267
74 997
8 688
12 760
7 730
39 197
44 347
24 614
56 728
10 604
72 915
59 724
61 364
58 660
49 368
60 196
30 142
36 901
59 121
1 600
37 851
30 399
66 294
62 281
15 492
31 928
48 655
49 742
31 477
24 205
42 262
45 943
62 949
29 901
30 399
31 492
58 115
62 774
56 537
53 485
48 235
20 834
10 771
3 829
10 383
68 543
25 135
33 289
59 627
35 932
17 746
1 452
29 958
14 45
31 858
12 769
41 61
49 961
30 60
59 290
56 352
67 351
35 145
23 217
65 169
1 675
18 338
45 354
31 895
53 463
39 396
66 666
66 54
54 228
12 888
28 383
35 72
28 843
21 471
50 149
2 225
17 145
20 633
3 135
71 215
53 427
2 933
20 515
43 698
13 740
26 314
38 473
45 702
37 221
30 222
5 197
29 498
55 475
65 729
63 336
28 899
22 90
66 919
28 44
48 42
5 95
26 39
71 428
62 911
40 537
11 703
70 126
35 439
72 185
60 583
10 492
19 848
71 798
58 602
59 938
14 809
68 450
34 108
65 454
50 680
18 739
30 823
59 341
34 487
52 724
56 843
40 761
5 781
65 443
71 597
19 342
1 504
5 992
63 801
11 288
73 103
55 44
32 794
74 869
71 348
38 81
70 312
11 294
37 570
45 235
5 777
1 628
11 870
68 764
70 410
25 151
15 795
39 559
38 476
27 681
70 603
65 429
71 232
62 735
38 110
3 586
50 290
63 467
28 160
40 79
1 743
35 576
40 540
10 765
70 335
8 925
52 756
43 787
26 514
51 555
42 484
8 646
6 760
5 609
29 602
51 544
48 817
8 624
73 27
70 100
20 776
15 176
40 929
33 836
38 667
2 608
35 829
7 702
5 11
74 865
40 511
23 537
15 465
15 882
7 649
21 384
17 390
60 27
22 907
41 539
4 334
8 256
19 617
71 811
66 707
63 826
1 462
64 195
20 977
39 121
3 30
13 759
31 585
38 388
54 819
57 305
21 718
39 770
8 169
30 893
75 540
49 120
28 971
66 470
12 216
46 261
72 382
41 343
1 706
62 463
43 879
72 547
46 31
14 421
34 285
4 429
55 178
55 458
71 341
44 632
58 832
33 660
71 415
27 831
32 989
21 597
6 851
9 409
48 159
68 685
49 520
54 786
8 537
74 312
22 457
58 135
40 389
2 128
66 416
56 930
32 416
37 449
38 254
26 289
22 24
53 973
31 822
56 883
69 92
17 881
66 824
15 870
17 558
