800
163 813
40 563
3 168
77 243
80 273
8 392
143 37
149 561
26 719
106 226
46 684
16 187
177 512
23 552
5 775
54 119
187 84
70 100
168 36
74 202
111 823
117 589
101 235
67 780
149 587
59 710
128 354
163 123
6 167
110 981
38 480
59 39
81 341
43 260
127 489
157 835
97 825
149 585
106 535
192 191
68 401
195 884
148 758
62 468
49 12
155 32
60 505
87 553
74 800
137 223
194 179
42 661
20 468
15 240
190 217
24 458
130 541
90 717
109 755
140 925
145 517
113 814
42 177
99 555
135 229
196 269
193 653
8 312
200 141
64 842
17 956
49 701
199 913
36 541
146 239
123 6
148 369
47 841
152 554
73 60
34 351
136 245
77 31
20 153
198 159
188 651
135 136
96 65
86 277
184 926
60 223
6 688
143 633
132 922
165 156
172 273
23 75
12 429
108 329
22 541
200 292
102 269
122 267
100 126
168 228
170 774
82 181
85 694
188 601
199 761
194 289
75 350
167 831
54 210
84 672
150 306
169 627
76 653
66 445
182 747
24 407
80 579
28 623
167 594
135 769
171 435
22 852
2 993
183 271
49 411
120 447
46 319
157 562
49 188
200 529
13 413
10 853
82 957
116 893
4 17
146 153
10 239
198 57
195 44
17 86
23 179
52 696
151 497
159 646
178 693
158 388
48 557
114 610
184 908
199 796
145 365
143 667
61 317
55 998
197 153
69 435
19 260
94 550
140 207
95 579
172 93
18 841
104 74
166 716
27 232
122 777
109 473
200 210
152 101
49 8
40 694
106 149
59 600
47 789
64 565
43 565
75 340
195 349
113 260
142 435
14 831
172 129
116 218
95 552
184 232
34 688
195 42
186 224
97 570
53 777
99 764
156 505
127 709
132 934
173 970
126 877
188 918
151 936
149 707
102 113
119 344
188 16
148 807
166 286
4 24
19 468
95 664
23 777
93 952
142 515
34 687
123 114
117 875
121 92
133 824
17 382
127 184
1 556
19 162
145 667
197 962
184 109
21 267
85 808
143 774
13 112
32 809
51 156
145 467
25 817
154 817
150 700
60 187
166 970
169 374
136 725
189 684
163 802
14 755
92 748
183 282
6 118
91 817
162 892
158 494
187 43
44 241
165 939
23 734
70 819
187 951
152 366
79 856
27 377
88 344
86 972
86 47
105 452
151 557
169 34
21 457
122 292
118 990
27 764
44 667
121 292
102 278
30 280
54 70
75 290
66 428
17 627
22 71
132 760
46 342
197 787
131 830
146 469
169 343
59 812
61 965
196 700
72 479
133 953
53 206
21 462
167 801
115 803
65 840
112 846
156 82
181 535
82 250
79 977
176 259
95 597
73 875
118 828
74 234
74 253
61 999
84 190
180 78
60 194
138 107
115 367
115 879
54 674
146 865
124 551
61 77
188 507
40 585
15 350
21 676
92 376
32 885
181 37
97 444
175 968
157 392
186 128
122 34
123 314
167 830
36 263
117 91
115 30
158 331
106 8
162 738
144 34
104 987
47 940
152 583
59 701
102 184
60 800
193 204
27 523
74 242
86 681
52 835
169 463
145 939
48 999
22 23
20 279
131 770
182 384
160 67
184 340
47 575
30 432
151 743
135 302
71 939
146 41
122 131
55 950
110 258
127 808
59 66
119 643
23 191
65 921
116 146
145 826
81 100
88 123
11 476
76 125
11 251
74 39
152 26
4 465
75 295
159 725
42 105
171 443
139 746
142 48
90 40
91 768
117 38
1 578
100 631
188 175
185 408
96 783
88 52
54 97
91 224
187 973
178 149
170 395
42 456
73 456
44 659
21 766
90 493
19 271
111 164
80 475
172 777
122 594
124 951
134 48
52 386
128 526
65 949
129 369
23 308
7 593
80 952
110 823
45 528
142 547
74 446
85 110
32 595
189 683
193 37
113 146
88 582
64 669
188 615
77 95
162 223
177 895
198 655
177 54
102 121
64 760
95 206
62 889
78 762
69 258
186 130
154 116
52 182
25 557
138 926
147 763
162 278
148 416
92 490
111 587
12 155
197 994
74 977
187 656
134 456
113 569
149 542
173 961
169 537
64 885
63 120
183 460
4 501
127 425
151 434
15 380
20 240
136 702
50 742
35 749
37 52
41 746
43 394
89 624
172 696
35 624
186 992
198 356
1 413
153 509
3 769
145 202
109 799
33 167
48 27
123 380
176 119
27 980
12 841
109 667
142 705
81 185
51 170
181 295
138 5
72 595
191 322
57 901
130 699
56 206
47 786
96 221
132 771
116 474
94 46
37 777
143 7
147 863
196 274
120 999
160 378
191 809
182 247
2 682
155 512
148 664
25 144
91 357
189 401
81 684
14 165
179 833
100 122
25 971
169 420
4 978
38 632
66 615
102 991
87 208
77 165
200 511
76 317
14 219
59 251
8 784
152 195
119 524
21 458
199 553
132 838
172 827
67 613
27 303
114 740
129 988
67 714
6 636
196 288
75 738
136 142
23 175
105 537
108 196
19 518
13 809
73 213
125 140
56 151
129 225
44 73
47 965
66 104
122 677
154 372
4 294
186 218
53 361
100 888
157 283
168 726
108 280
55 420
41 103
67 774
82 636
145 693
113 82
132 880
180 480
157 57
194 235
154 227
45 61
61 132
112 747
125 560
109 421
145 331
157 897
32 588
125 40
22 192
41 1
52 283
20 155
61 402
145 438
149 388
1 559
155 889
79 982
2 48
104 496
173 165
192 119
177 279
175 392
154 233
40 728
64 735
17 950
186 290
182 870
18 330
9 178
114 832
180 416
198 313
43 274
120 903
184 143
98 792
20 725
38 664
169 312
73 330
170 652
143 555
11 352
134 410
115 976
38 777
77 305
37 420
149 632
1 36
112 521
191 248
195 33
33 734
139 147
22 649
113 469
164 752
88 818
118 403
174 855
34 261
10 85
37 588
87 473
196 475
73 93
36 354
33 740
31 665
73 330
46 715
19 596
163 12
77 194
109 642
10 669
148 546
153 745
29 826
138 450
102 606
57 272
73 317
124 586
137 539
146 831
70 90
80 163
165 307
126 502
200 587
72 46
137 466
110 952
25 1
112 880
5 931
173 361
30 528
186 362
22 912
157 109
115 605
100 112
29 252
3 929
61 979
184 5
79 773
65 870
183 63
186 422
96 498
112 800
85 330
122 182
14 198
118 766
29 1
85 485
140 726
112 891
161 39
100 933
45 400
28 668
103 754
87 692
160 775
2 12
157 638
2 129
33 361
9 530
28 768
137 381
34 585
129 440
123 61
98 181
127 627
13 759
68 552
145 582
15 543
56 154
112 272
110 222
6 518
194 693
152 268
35 733
97 167
135 292
26 537
117 923
171 895
39 908
6 440
50 581
146 683
135 28
140 655
147 506
115 515
52 984
36 309
184 150
154 970
164 402
188 161
129 50
73 916
25 35
113 980
148 52
60 128
28 9
73 437
52 359
185 733
102 686
23 455
200 474
1 924
175 100
180 723
195 312
91 430
78 212
10 325
87 664
44 867
179 418
79 363
58 256
105 565
173 731
44 476
11 15
58 691
106 451
20 165
49 214
181 598
45 860
161 174
194 561
65 299
