100
1 107
21 835
14 237
21 543
18 318
8 703
5 219
8 793
19 200
22 923
5 911
15 756
22 660
23 874
3 354
13 396
3 758
2 671
11 161
19 635
9 613
4 732
18 547
6 309
13 105
17 49
8 750
7 973
10 17
25 380
13 700
21 155
5 981
17 25
5 932
14 371
25 534
1 551
8 591
3 44
24 230
8 665
2 889
20 377
18 172
21 980
21 427
4 410
24 371
2 762
22 353
15 780
11 504
6 958
23 429
17 381
17 430
10 148
14 620
19 134
18 187
6 870
13 709
21 858
2 369
5 882
13 304
19 333
8 737
18 217
15 865
14 468
11 907
16 25
6 713
4 805
24 465
25 97
19 227
18 440
20 303
9 761
7 81
10 14
17 28
21 89
9 6
13 403
11 191
21 991
13 557
25 351
1 844
19 50
11 917
2 604
21 601
12 224
16 977
15 386
