900
106 104
108 580
163 290
63 71
35 767
34 911
97 252
204 64
58 597
168 252
40 938
58 694
174 731
209 393
158 916
95 331
155 398
211 846
113 997
26 419
7 52
191 272
136 251
93 697
114 321
200 900
46 445
176 70
179 825
24 966
154 451
206 627
213 833
10 174
205 978
62 138
93 155
79 251
43 261
37 776
126 555
26 725
53 659
17 88
197 357
215 302
129 139
157 947
213 99
181 24
107 970
44 715
94 277
209 329
215 586
66 769
147 553
146 487
71 136
140 146
96 286
85 345
81 33
225 619
97 352
101 37
90 994
216 38
113 423
64 30
115 950
90 710
47 320
10 277
15 779
4 36
121 699
166 513
105 901
126 36
164 610
150 939
43 187
190 755
122 907
155 266
50 11
27 535
152 296
113 352
141 988
111 768
185 179
9 289
184 36
71 470
87 908
18 541
100 562
195 930
100 561
67 22
19 575
90 463
91 982
150 897
56 634
80 859
205 192
208 361
57 404
142 948
24 837
120 666
148 421
19 221
7 500
123 655
112 503
95 72
160 161
69 914
152 642
41 628
66 871
164 938
207 808
141 83
157 219
5 772
180 802
84 954
190 333
165 69
2 822
95 916
21 666
58 753
132 657
86 221
29 260
123 338
174 529
121 1000
22 197
66 381
18 369
181 485
130 393
49 292
28 405
1 81
194 203
42 470
137 764
146 796
72 683
33 393
186 634
116 806
171 563
200 535
72 821
216 475
85 208
188 128
211 41
4 891
172 966
217 644
76 349
215 1000
99 993
42 736
185 869
46 826
133 572
108 95
223 778
98 587
146 543
196 133
17 282
183 548
115 53
120 847
54 589
144 428
222 88
192 300
54 156
51 778
65 336
150 189
137 471
195 611
177 718
215 475
157 328
90 815
49 914
158 207
72 316
134 910
116 834
58 978
224 309
34 698
117 519
224 640
21 688
21 681
193 909
146 929
128 288
105 923
112 584
45 123
154 587
129 508
125 573
138 803
197 755
32 537
158 580
89 735
87 639
7 562
143 29
1 891
60 900
78 324
48 467
159 52
114 755
146 435
123 463
63 350
36 765
123 417
140 764
77 844
193 853
20 723
19 257
127 850
87 44
73 59
44 943
154 556
83 858
115 376
101 526
183 538
146 991
60 502
4 871
210 487
33 380
135 313
20 298
81 610
17 154
206 199
116 848
14 103
30 864
209 365
220 125
178 777
52 298
106 401
63 684
17 87
31 889
85 356
91 158
191 674
188 98
135 357
71 966
202 985
168 32
95 982
167 417
119 704
88 713
45 365
157 886
74 639
29 990
40 100
118 325
16 764
37 968
69 390
148 672
80 312
121 216
36 93
63 524
62 630
60 854
71 532
178 602
57 40
100 664
131 669
31 991
178 976
106 67
82 886
187 10
159 958
106 842
123 359
202 687
26 630
198 569
95 815
16 434
90 35
142 322
59 427
92 44
217 355
70 907
138 791
62 952
225 620
81 703
198 963
103 518
220 380
11 450
56 162
23 53
177 39
124 968
44 486
133 883
161 723
52 3
11 979
3 957
188 988
63 551
182 994
55 971
202 964
48 821
89 541
154 215
175 379
102 246
23 57
210 590
221 276
82 440
43 528
100 275
12 717
96 747
42 313
57 796
46 661
193 988
207 317
92 551
145 66
194 615
122 741
225 813
29 545
125 777
193 760
169 981
101 590
103 75
90 823
122 212
39 908
122 98
92 171
156 574
185 938
29 11
3 691
31 659
113 308
101 287
55 180
17 593
143 713
204 148
115 676
78 189
11 341
166 543
70 716
84 60
46 992
144 259
198 194
120 43
91 467
124 31
69 767
158 876
114 916
30 699
34 641
53 221
214 195
185 672
97 157
47 658
70 290
1 535
27 97
16 900
119 662
94 390
36 631
201 668
96 431
95 804
18 787
107 742
23 798
64 193
130 330
18 920
23 176
92 700
158 132
143 865
118 221
108 840
203 205
155 973
120 326
222 646
195 406
100 418
148 560
43 17
12 332
45 439
10 284
215 723
124 755
115 808
9 489
208 798
87 693
23 11
51 857
69 460
62 108
92 2
62 928
19 204
118 629
133 498
163 396
62 158
190 603
69 942
100 301
165 511
25 748
153 427
145 720
16 220
132 337
37 594
76 106
131 741
85 151
21 129
144 835
83 102
208 831
160 845
108 987
7 63
28 892
91 111
123 507
103 357
113 910
51 261
213 958
46 950
82 17
156 959
43 915
22 223
42 444
113 443
180 363
19 513
52 227
197 653
1 31
19 881
213 731
78 751
84 417
87 872
132 225
219 792
220 448
160 791
7 314
177 928
76 273
141 161
69 951
128 597
119 404
70 422
218 678
199 470
19 290
99 449
20 558
71 305
52 381
156 997
225 373
22 57
200 498
146 408
41 964
175 614
98 589
25 113
127 841
123 526
69 606
117 912
52 427
77 640
86 269
30 172
104 266
201 966
161 441
97 857
75 649
96 370
214 833
80 90
191 683
168 859
11 254
120 370
139 878
175 320
78 359
48 312
40 357
13 109
7 801
178 501
32 34
110 317
170 518
69 831
71 607
177 120
34 165
59 99
22 260
59 467
172 346
73 761
9 700
10 47
30 557
161 257
52 164
140 966
150 967
40 958
105 405
107 902
109 21
69 439
130 785
96 758
121 745
43 437
190 143
92 298
80 279
107 63
184 494
109 38
72 808
129 941
59 436
133 63
156 728
168 449
162 572
143 476
7 503
116 197
222 600
147 777
140 804
61 304
21 339
158 656
29 856
149 24
166 364
213 645
178 3
154 542
38 764
37 955
4 472
122 27
172 708
202 339
34 570
138 945
180 573
142 764
199 489
173 306
100 144
146 813
217 939
111 605
26 926
209 751
34 364
121 676
174 778
77 553
155 671
8 839
30 214
25 471
161 633
107 860
196 981
103 633
116 940
197 184
140 303
182 477
220 573
14 750
189 177
214 183
37 698
188 888
225 248
99 486
55 127
38 459
207 839
25 686
93 298
215 892
156 485
186 724
136 80
217 589
210 151
24 727
121 362
135 99
104 724
22 638
97 870
159 339
99 596
189 145
127 361
197 367
11 749
55 849
145 126
6 985
154 636
79 943
63 364
192 793
146 243
35 262
224 368
78 248
203 778
161 910
175 506
82 165
26 389
171 90
196 979
224 739
156 147
20 679
211 659
196 885
193 820
204 214
71 73
156 964
216 706
219 580
103 194
33 1000
170 664
209 803
34 756
62 88
13 141
136 855
126 966
135 555
182 860
29 655
89 867
124 758
169 52
193 718
54 352
54 830
139 425
5 69
8 415
144 395
71 177
195 657
93 525
49 728
141 407
179 756
60 408
217 667
191 15
225 939
168 466
9 632
78 464
60 94
200 736
135 774
60 807
168 921
100 92
188 349
103 386
223 448
201 540
34 302
218 390
176 483
24 744
156 268
108 111
127 729
186 488
143 683
43 265
172 478
60 637
39 212
129 294
155 823
96 977
164 982
46 296
130 116
187 637
168 910
30 830
152 412
15 525
95 4
27 901
64 218
126 904
184 660
123 103
118 246
131 384
152 602
21 417
168 157
62 869
102 123
175 282
193 987
115 151
103 794
52 809
217 869
199 935
147 490
191 916
222 275
191 950
195 232
114 436
21 434
11 305
81 435
205 869
129 888
107 655
45 3
140 932
39 585
209 876
174 807
16 297
96 546
29 474
54 672
131 652
182 926
60 20
99 521
64 456
9 408
27 105
117 47
143 31
107 650
127 808
189 20
47 273
59 905
92 521
221 144
76 925
212 901
151 209
157 151
74 423
169 189
213 433
61 146
149 348
35 529
16 518
113 637
99 393
64 213
131 951
83 631
152 529
79 884
158 326
3 516
60 36
146 712
9 127
47 145
122 382
3 497
196 47
27 932
57 539
181 358
215 772
8 380
94 415
22 649
131 273
195 424
55 920
176 692
85 948
67 132
43 936
120 694
29 179
116 191
79 561
12 858
12 157
36 80
122 730
183 43
112 60
65 963
135 972
146 888
13 888
179 974
30 814
