300
69 745
49 494
67 944
22 884
60 404
15 925
17 887
47 873
17 781
66 72
43 1000
39 613
58 626
61 765
65 756
41 616
2 692
46 810
28 879
42 271
74 568
10 204
4 144
66 424
14 164
46 734
70 916
29 831
17 251
11 961
56 293
3 212
65 632
59 592
66 978
55 734
23 39
42 125
50 440
71 673
61 712
36 41
62 30
74 992
6 101
68 522
12 636
60 337
27 545
60 668
54 515
62 610
74 688
12 88
35 306
3 17
47 720
1 869
1 487
59 424
58 41
58 920
61 693
8 347
70 75
63 918
9 663
49 283
40 597
70 53
8 64
34 109
42 946
30 936
56 464
73 252
35 752
6 44
25 467
73 630
16 894
39 158
22 339
21 116
36 882
19 883
47 18
10 313
74 373
13 466
19 577
63 677
4 626
27 178
10 572
46 459
30 922
5 130
16 83
70 397
17 446
32 454
63 451
65 452
15 131
29 411
70 897
37 524
47 781
62 419
24 582
30 966
38 852
71 582
2 746
42 267
15 234
75 135
43 497
61 106
1 206
57 959
57 304
19 271
65 965
53 145
23 285
56 33
75 509
40 113
34 271
41 3
60 935
13 984
11 992
27 413
57 276
15 368
61 451
3 751
56 415
27 214
38 982
3 11
28 822
61 520
67 466
72 717
65 739
70 251
32 563
39 623
60 572
55 897
66 784
27 65
65 926
31 214
25 368
30 866
43 215
44 316
41 208
7 777
13 742
34 929
73 930
73 914
9 445
22 207
2 224
17 97
49 930
70 832
15 319
71 797
20 847
69 947
25 144
57 530
6 484
2 206
4 695
51 85
26 84
17 12
38 181
67 613
5 88
55 507
20 377
67 136
47 150
4 152
68 389
74 416
3 670
45 730
47 726
40 562
68 54
61 926
7 409
14 357
47 272
31 200
53 187
1 862
63 755
58 238
6 620
19 692
6 819
72 439
44 15
71 927
8 220
75 609
34 382
30 882
40 868
18 984
71 442
39 910
2 697
25 334
29 641
26 420
42 305
10 427
68 586
64 773
4 551
67 107
20 805
46 323
57 216
28 322
45 763
21 292
45 158
35 156
41 25
11 314
60 925
45 137
48 791
39 630
7 926
58 451
26 671
59 360
26 253
53 41
55 725
28 39
75 744
64 605
44 803
4 953
12 492
2 852
63 896
25 321
1 809
65 56
36 274
16 50
23 99
57 135
56 706
1 80
4 333
64 694
75 692
66 7
43 553
65 833
27 170
44 270
33 864
28 749
61 181
30 76
68 603
69 858
41 543
9 865
8 695
30 519
35 869
7 423
44 226
24 102
52 616
8 367
42 361
13 251
66 117
16 602
