900
168 743
158 16
130 864
49 358
130 887
162 483
20 48
67 635
111 703
130 735
31 572
49 712
155 871
72 883
140 858
89 238
96 856
24 882
74 972
154 218
78 951
176 796
104 620
111 857
171 20
52 565
191 475
126 169
31 353
222 54
192 910
54 268
30 555
118 586
172 986
56 402
218 867
142 199
105 29
8 394
210 703
161 373
91 460
175 889
225 113
175 40
224 249
137 992
198 438
91 478
131 873
84 762
12 905
180 624
224 450
164 438
151 231
54 112
40 253
112 772
72 429
153 546
93 894
9 19
194 126
4 941
123 894
80 246
125 449
121 813
90 104
210 90
152 685
42 827
204 674
65 336
15 849
192 175
57 386
164 273
203 214
107 859
60 154
61 574
51 180
213 298
198 194
79 885
115 558
144 362
218 767
194 757
111 344
158 190
190 154
108 890
92 638
49 95
177 148
12 273
176 123
215 253
107 774
84 337
3 58
126 762
158 417
2 20
8 401
120 937
177 656
134 528
75 794
56 251
213 213
42 29
107 253
170 996
166 885
12 775
132 107
108 471
94 487
171 66
84 56
32 923
27 226
203 383
68 343
118 100
78 419
181 912
112 971
113 160
198 272
200 866
171 955
187 822
208 895
136 199
189 204
189 502
52 298
115 214
140 906
204 971
140 343
129 174
68 669
64 36
222 825
42 202
203 981
164 269
137 466
61 3
42 487
13 563
108 211
177 849
8 746
154 255
140 243
187 595
156 574
13 88
182 276
71 582
23 210
145 2
177 812
96 330
122 3
117 21
85 893
211 311
173 730
142 128
15 677
2 758
39 706
20 836
214 169
72 806
109 412
154 55
12 275
42 325
138 82
141 338
98 737
85 660
96 687
216 566
151 141
72 292
166 662
206 107
143 910
193 665
211 107
99 18
165 723
161 936
59 982
54 946
121 200
68 153
196 548
216 897
87 232
192 84
224 64
17 426
87 298
9 580
224 662
55 187
173 314
130 633
81 42
21 133
91 319
135 233
91 842
132 513
90 82
13 550
130 772
182 259
140 867
83 526
205 263
141 42
38 356
68 902
155 586
181 64
140 592
123 381
98 791
146 509
18 438
90 847
171 815
208 838
174 331
139 831
65 241
16 909
119 43
66 479
100 180
16 939
85 422
159 400
83 777
48 971
196 974
163 178
119 182
60 432
56 966
69 709
83 785
46 117
130 965
55 2
96 619
160 223
37 274
162 866
136 985
184 415
40 634
26 257
70 270
166 57
4 340
38 305
184 889
98 523
63 137
157 398
192 143
112 398
7 71
143 650
19 735
132 222
39 396
163 88
100 589
148 13
17 749
77 909
205 703
157 728
106 654
183 882
208 451
118 422
213 995
145 481
17 404
106 712
159 974
165 59
197 404
12 596
72 153
163 572
46 82
139 556
36 827
93 473
118 111
145 777
131 408
189 360
211 441
183 389
157 154
123 504
157 766
217 648
101 564
122 24
157 637
118 768
211 190
29 24
114 857
159 407
195 473
164 491
6 181
76 444
41 777
134 224
84 318
41 261
87 464
157 33
37 715
220 419
44 812
206 226
181 533
88 986
138 120
190 397
162 864
24 331
91 260
85 130
186 408
31 873
73 601
220 154
81 40
74 388
169 981
213 917
193 580
56 204
132 415
6 299
121 106
152 359
159 433
213 137
24 433
141 927
102 70
61 493
21 106
61 695
139 349
35 59
167 140
14 764
123 90
37 425
140 620
85 719
123 645
208 935
130 796
82 609
199 706
206 211
3 586
116 754
217 250
50 806
199 349
7 131
7 434
20 410
126 646
53 155
197 379
132 456
86 460
42 243
222 54
182 194
64 324
79 955
45 730
224 284
15 402
46 746
179 886
18 519
113 913
78 875
141 805
56 477
73 132
95 902
86 92
40 23
33 92
118 107
189 832
92 24
203 189
53 90
186 382
83 226
61 728
81 800
163 822
48 273
141 619
48 985
7 995
121 746
187 106
23 330
48 833
74 60
180 991
150 679
201 724
127 803
7 218
211 410
148 352
76 265
165 854
11 104
62 989
219 546
67 953
87 31
225 186
83 692
62 330
179 422
171 206
171 97
20 337
67 382
13 792
196 692
214 982
21 456
214 328
80 335
58 660
15 207
57 107
201 552
36 345
218 561
188 576
28 12
74 148
192 453
210 484
201 587
186 96
85 848
204 304
163 956
200 305
119 65
82 37
121 284
110 780
144 688
189 899
70 660
38 870
72 199
125 906
49 372
53 943
145 288
95 774
98 702
32 131
55 122
154 786
195 914
90 562
188 674
195 36
47 481
205 876
141 810
132 167
125 923
2 864
82 754
202 131
82 743
23 45
179 561
50 463
175 371
131 383
37 289
213 556
224 659
195 409
205 355
121 349
147 78
136 601
19 882
114 538
203 938
170 972
153 996
7 496
91 490
38 536
143 238
202 230
197 153
57 929
219 931
29 380
124 713
27 391
97 446
8 4
159 333
146 880
71 83
90 560
36 636
34 792
44 770
14 348
189 314
184 356
96 388
140 638
47 677
201 108
204 746
18 626
147 322
138 608
128 628
187 519
140 88
56 938
170 491
157 600
117 402
58 159
135 339
196 461
185 536
137 566
96 964
212 295
182 764
215 955
132 947
101 518
152 168
162 116
149 442
22 264
85 658
156 875
81 731
106 388
90 782
121 126
112 692
89 827
96 50
120 430
121 42
170 741
97 197
87 761
172 66
211 560
218 200
219 36
42 13
206 708
57 185
25 683
119 923
31 990
13 247
71 846
213 210
204 183
173 433
214 590
31 745
161 530
143 453
204 448
33 3
28 758
192 365
4 959
179 795
167 98
154 22
141 422
182 306
115 602
127 658
104 434
142 507
42 991
142 806
122 772
15 705
145 645
117 176
4 181
216 129
63 794
155 878
19 622
210 827
129 603
8 393
172 223
38 488
57 500
188 717
136 452
140 9
67 129
221 154
194 672
59 330
172 789
55 298
131 567
173 862
92 484
114 40
76 883
27 101
188 602
136 604
36 258
175 373
131 758
63 1
17 575
133 633
172 167
102 257
206 372
99 913
64 223
168 157
133 615
131 560
10 873
168 883
91 950
32 132
128 312
132 677
56 161
67 261
12 203
62 892
18 251
128 466
126 144
36 993
81 953
174 602
45 473
69 37
61 291
54 157
100 546
32 854
188 758
35 553
77 510
210 637
36 665
118 141
89 912
194 386
202 764
98 950
52 835
142 677
136 618
24 826
52 465
134 363
5 190
150 358
218 994
9 743
151 637
191 417
9 194
88 481
62 308
210 183
209 320
210 644
11 196
220 203
36 838
61 74
46 445
155 470
26 741
157 68
124 961
115 968
72 767
14 547
163 245
149 914
145 251
39 361
144 467
41 650
53 147
191 676
91 986
61 27
138 452
220 419
132 562
4 42
10 913
185 685
29 812
5 657
188 625
4 857
66 238
19 401
5 20
14 236
82 579
36 196
58 582
79 749
7 305
214 732
43 893
106 946
172 951
63 268
142 370
96 564
89 611
103 463
173 234
206 631
103 392
112 251
48 936
166 269
24 677
26 553
208 459
23 324
217 903
118 93
159 52
195 330
213 588
14 988
176 328
136 902
91 341
1 286
93 367
205 335
95 146
109 897
219 969
189 139
138 838
155 311
163 45
49 568
164 528
187 686
6 586
188 544
67 265
32 942
220 393
92 828
40 425
190 804
99 692
178 344
147 130
182 757
64 166
202 675
35 690
139 389
34 766
159 973
12 298
165 141
180 645
171 467
19 847
36 986
168 67
95 745
149 205
25 982
43 852
171 262
69 709
29 885
40 176
35 52
66 179
29 630
4 223
195 267
16 358
188 6
98 87
117 968
1 1
117 668
158 377
194 628
48 932
219 628
102 543
135 703
132 737
181 34
136 225
111 923
21 842
97 457
66 335
75 236
92 204
189 801
182 570
207 143
134 522
71 795
17 358
76 694
222 205
159 728
130 308
143 671
171 599
65 80
64 373
26 526
67 861
42 501
10 292
104 364
176 751
188 369
111 246
175 634
