400
10 440
77 345
46 852
49 585
7 647
17 955
23 402
17 557
16 316
6 36
75 43
9 5
63 157
22 559
24 288
70 62
85 386
59 255
73 948
80 415
93 154
25 377
35 878
54 157
98 447
42 930
6 969
20 543
59 304
46 384
70 306
91 402
40 117
62 167
2 797
54 556
38 741
89 763
91 701
51 56
41 424
19 731
75 454
86 176
41 599
6 442
33 101
12 736
23 227
89 749
36 765
96 194
7 562
70 557
55 952
19 412
32 685
9 360
61 132
98 258
5 409
76 205
74 577
28 160
12 273
59 991
45 268
35 587
64 156
99 96
41 425
16 652
10 767
42 511
88 383
96 441
94 286
45 144
93 768
20 880
83 6
89 940
13 393
21 236
27 481
40 544
94 58
15 121
2 96
5 696
55 760
85 221
99 362
80 165
62 347
54 557
7 830
36 483
13 923
54 514
66 15
14 122
77 662
16 624
47 799
62 68
88 249
69 957
90 162
90 851
76 957
9 410
42 284
52 785
70 757
90 500
50 128
59 950
91 8
9 755
59 136
18 719
4 895
70 522
66 833
80 710
93 79
93 647
85 740
6 419
26 370
81 440
79 962
8 225
29 425
90 61
38 630
38 63
54 776
88 326
29 666
9 220
78 903
63 110
27 721
48 224
4 100
98 724
89 495
99 882
69 993
33 51
86 835
77 875
96 618
16 636
83 17
50 515
93 260
88 628
5 882
60 516
76 762
89 21
15 667
36 542
76 552
17 366
40 467
72 942
40 583
25 585
75 32
70 592
87 796
88 597
51 669
42 295
33 768
90 629
2 539
52 227
81 716
98 498
96 282
88 641
57 26
65 169
97 296
35 854
35 467
80 296
91 525
13 85
6 548
77 29
12 123
15 569
68 5
46 499
90 266
89 359
42 958
96 977
10 145
71 362
74 894
59 535
96 125
76 685
84 721
79 554
95 995
11 270
63 778
77 4
89 835
1 202
43 724
57 926
3 497
84 893
8 8
55 370
68 617
65 392
79 275
96 278
67 139
26 714
13 883
12 706
13 645
62 485
29 830
5 110
83 396
53 154
41 997
25 992
35 535
61 563
19 767
67 964
85 290
55 353
100 93
95 278
24 716
68 628
11 675
61 572
87 775
84 289
100 1000
97 748
45 305
82 224
52 904
57 923
20 529
12 470
90 585
21 824
29 800
43 732
54 920
81 354
67 985
54 636
14 216
34 183
16 410
64 52
54 397
48 959
89 602
97 265
23 225
23 919
50 397
61 380
22 611
33 892
87 686
60 53
41 567
80 572
11 48
80 242
86 363
28 20
79 932
77 191
51 164
84 947
26 560
76 357
50 697
25 759
35 861
43 988
59 377
62 808
11 390
40 628
52 213
98 622
47 741
13 731
28 194
87 804
37 743
34 498
10 810
42 974
18 96
47 770
51 614
2 412
69 76
13 381
11 40
33 316
74 575
69 720
73 16
30 371
77 49
53 981
11 428
84 32
99 402
62 170
41 780
52 466
55 957
6 841
38 171
49 706
88 152
52 105
46 409
2 593
49 557
75 450
78 269
16 516
100 325
53 217
37 147
70 924
93 305
70 181
72 471
59 192
62 201
82 409
94 604
35 280
37 647
3 178
54 70
21 765
26 692
19 781
68 492
85 169
1 24
5 132
8 952
19 266
83 287
38 59
33 792
68 475
77 19
33 987
35 638
96 841
9 811
55 11
5 33
23 32
97 101
93 543
77 81
72 509
20 931
4 705
60 802
19 355
58 725
61 465
67 631
9 328
23 20
5 425
28 987
69 373
