100
23 941
14 110
3 238
24 12
11 900
14 863
12 962
3 107
8 745
14 829
16 260
12 666
13 683
22 215
22 320
5 960
16 590
6 499
23 882
18 75
4 319
22 674
22 377
11 923
21 72
1 934
10 684
14 413
22 110
22 410
18 86
21 230
20 298
16 49
9 138
1 414
1 504
5 83
13 817
19 516
24 142
1 50
10 232
12 273
6 580
12 898
21 153
22 199
24 206
23 456
23 249
15 672
1 597
5 971
6 483
17 493
4 197
8 499
8 693
22 575
21 878
1 348
4 798
3 142
22 236
23 71
19 153
6 960
20 81
25 142
19 206
3 741
8 638
7 665
1 537
9 275
10 353
22 170
3 126
24 866
16 470
7 382
24 111
7 545
1 645
3 965
6 540
18 898
4 673
5 858
24 477
10 614
23 328
8 65
10 846
24 30
6 746
24 781
3 122
15 100
