900
148 493
74 706
163 848
189 543
203 418
164 749
75 586
56 848
4 872
54 375
69 232
29 344
203 623
196 640
211 492
207 908
49 17
177 488
60 315
151 169
16 609
24 707
70 638
157 272
146 726
1 207
132 156
215 35
224 592
74 522
118 91
98 953
206 343
21 664
111 832
5 679
97 434
72 169
113 721
168 267
210 700
103 146
97 116
17 617
110 126
62 793
47 601
46 293
170 907
20 624
34 987
164 221
190 873
19 902
6 286
212 305
117 134
163 350
43 871
14 707
135 612
135 142
178 500
150 270
212 691
179 369
224 708
47 611
94 470
214 252
210 496
41 945
1 152
210 326
188 330
89 748
109 479
12 773
10 47
22 430
108 471
74 204
91 660
1 452
213 268
29 377
77 252
84 587
192 912
63 236
91 367
192 855
115 761
164 148
12 893
46 839
25 320
202 869
182 428
38 332
144 371
131 234
4 685
20 920
53 867
142 91
108 6
148 347
183 353
184 621
178 7
88 650
174 485
48 182
224 562
135 538
162 585
33 815
165 196
55 838
129 253
204 442
98 759
195 566
80 979
214 830
87 247
140 739
83 181
144 505
130 777
179 656
76 936
54 262
29 874
79 636
154 418
197 442
7 644
137 206
148 432
123 963
49 654
69 241
81 643
119 182
162 28
220 987
4 420
67 402
89 337
96 770
175 372
223 713
67 414
221 860
101 746
190 252
99 994
48 50
141 991
115 885
73 683
55 935
187 319
132 288
182 982
194 569
19 171
77 874
87 745
210 774
195 55
169 236
220 151
163 17
25 375
181 434
4 851
131 606
109 406
133 340
16 664
73 441
202 697
114 481
122 684
148 901
50 496
43 579
122 220
86 160
20 37
16 515
121 299
25 192
89 813
74 993
167 691
105 372
91 816
141 276
109 444
121 372
145 778
208 171
168 123
24 777
56 430
7 280
196 798
72 475
92 603
57 224
103 965
214 252
101 842
30 101
192 722
121 384
85 755
70 306
46 772
111 379
204 13
136 765
184 795
120 331
225 746
220 942
195 385
150 191
135 312
115 641
192 425
108 499
100 450
181 464
154 245
163 564
200 659
8 999
76 828
65 992
134 710
34 183
103 919
122 664
107 118
73 231
121 10
187 444
27 292
100 978
185 729
13 861
60 578
153 354
5 698
155 266
172 492
96 45
124 920
58 570
20 720
135 703
109 949
217 859
32 74
203 654
80 499
194 846
7 714
154 295
131 151
61 351
194 210
188 640
62 194
73 13
73 898
99 606
145 776
85 907
71 416
116 440
158 54
221 410
160 521
219 231
138 46
187 706
23 929
54 448
16 253
154 371
92 944
91 141
216 553
151 66
67 369
175 544
23 237
68 99
189 530
184 394
37 902
222 409
29 885
122 449
154 999
221 112
165 749
120 399
64 777
11 407
206 796
176 348
134 279
120 157
171 624
62 670
93 712
20 951
46 120
99 522
156 686
72 642
42 566
56 194
141 363
87 488
120 281
6 411
127 766
57 36
144 171
166 655
219 698
39 272
90 350
31 435
64 896
30 456
120 915
166 758
179 663
1 167
201 328
54 6
106 319
22 417
40 529
189 843
136 331
138 750
74 894
120 338
136 901
79 10
45 769
47 408
42 735
133 56
150 697
125 937
168 134
29 829
187 406
133 511
16 863
79 102
151 6
200 283
126 893
127 156
17 467
131 799
130 637
199 872
99 288
148 40
69 438
101 172
26 673
8 507
164 883
200 230
26 13
106 690
192 992
198 569
29 677
50 930
179 709
84 786
33 868
57 284
159 924
68 240
221 460
43 65
212 885
164 199
30 240
1 988
84 547
190 890
132 838
93 487
3 654
39 574
125 953
76 173
70 696
224 471
55 211
210 603
142 178
174 470
53 124
132 431
177 600
90 260
75 904
222 35
33 463
181 176
7 396
24 597
137 959
223 590
203 845
36 708
37 365
45 348
197 661
164 450
6 510
173 77
161 616
60 200
53 657
3 282
111 142
177 334
3 173
167 220
66 384
213 608
69 86
41 242
37 970
103 653
68 608
28 647
97 743
112 890
139 301
146 934
100 521
6 848
159 396
63 568
138 159
58 576
103 162
37 451
23 385
96 518
80 24
225 347
166 427
181 899
219 137
109 882
109 551
208 421
183 204
134 107
90 588
149 719
62 961
37 512
167 303
67 363
221 947
85 814
140 36
134 203
41 343
26 363
73 492
174 42
150 353
195 926
181 928
66 9
198 425
195 394
63 371
217 321
157 386
174 471
122 583
224 894
48 200
187 718
178 444
1 147
110 524
33 717
172 765
179 623
100 483
168 720
46 57
180 465
31 891
52 976
204 506
207 97
215 38
180 367
93 933
119 642
222 657
154 685
7 887
143 928
73 324
207 447
60 706
222 524
211 682
105 790
180 502
13 544
157 773
187 696
161 679
195 914
23 960
152 571
60 354
57 638
42 844
175 568
151 319
156 697
71 845
76 135
112 190
68 274
86 536
222 667
60 320
35 940
123 756
112 902
182 667
193 271
54 256
64 957
23 791
3 445
181 648
209 552
99 815
212 470
206 555
199 282
90 665
50 476
63 861
206 401
103 691
198 760
123 822
20 357
105 775
141 944
113 926
84 900
143 699
50 129
173 178
92 917
211 980
36 977
93 205
26 850
9 195
157 593
142 252
224 716
217 755
32 592
66 263
106 791
8 360
190 823
198 240
42 294
214 898
124 382
183 394
131 184
193 646
73 761
63 511
61 70
184 452
6 180
197 119
190 593
160 975
145 693
18 553
85 779
54 771
185 985
156 713
131 164
104 4
175 269
1 593
178 385
154 517
97 160
162 467
143 48
140 500
90 589
37 984
112 206
186 354
2 94
21 735
85 876
185 20
224 954
35 381
144 306
54 263
34 559
30 20
115 768
45 755
211 245
115 164
191 266
113 622
4 330
121 575
73 639
144 558
142 16
116 476
178 209
123 821
158 286
91 392
175 217
27 424
216 127
175 630
92 374
79 303
64 320
4 701
4 960
178 620
153 341
20 897
68 444
33 393
211 816
193 474
113 303
61 539
187 839
12 433
15 569
173 237
167 525
41 262
165 985
132 307
37 608
138 641
57 474
77 355
95 917
19 269
99 691
84 312
142 795
176 474
156 972
6 648
79 941
95 621
106 372
196 282
81 615
222 101
208 222
127 19
177 978
80 103
46 687
63 633
163 62
100 559
16 752
7 436
225 563
143 33
165 398
125 737
21 937
215 967
85 106
212 680
210 730
103 640
197 457
194 643
160 642
71 54
96 929
208 586
113 132
7 114
56 789
33 77
140 306
180 801
215 3
94 795
34 304
211 136
51 233
105 443
184 585
196 457
145 277
120 643
217 93
214 136
173 756
147 59
36 562
165 71
152 218
73 797
217 881
68 298
175 592
105 196
175 594
88 956
93 896
48 247
8 693
34 550
18 252
100 46
134 511
12 844
75 161
157 870
157 970
12 220
7 879
21 957
5 561
32 437
96 82
50 315
208 211
53 646
123 74
77 903
65 662
11 321
198 439
98 184
150 865
167 339
32 262
67 174
211 120
172 233
88 341
212 434
104 493
59 56
212 66
79 525
87 532
206 452
109 170
74 267
18 872
32 903
92 51
99 724
111 747
38 823
223 100
42 698
117 253
186 750
183 43
57 669
99 945
156 614
12 485
34 90
224 918
115 158
174 866
47 637
7 188
180 818
65 466
112 105
78 946
54 530
176 535
63 134
172 737
29 133
121 714
189 922
148 48
34 759
34 203
146 815
127 634
9 521
182 422
50 91
209 501
159 395
168 40
102 344
77 32
153 867
173 412
38 390
217 96
198 806
152 86
183 628
22 484
37 68
73 80
52 931
161 248
53 906
141 662
121 383
75 69
20 668
36 9
43 862
60 401
173 387
23 643
63 902
189 988
20 505
10 206
121 512
147 636
192 214
122 608
104 18
117 718
79 707
62 285
172 757
31 914
200 621
217 193
138 497
20 356
5 233
156 392
128 140
56 694
76 373
3 460
112 642
185 788
92 96
134 162
