400
16 727
71 77
18 368
18 175
72 430
61 214
51 89
50 835
76 179
39 902
94 742
24 127
86 61
52 509
12 321
50 530
29 971
57 866
64 423
98 186
60 570
26 114
56 787
96 952
22 372
2 306
17 665
65 858
86 710
95 136
64 486
24 487
47 746
87 676
2 24
59 357
50 738
47 536
28 527
58 459
98 302
41 908
60 93
44 35
94 183
29 476
75 879
18 699
60 243
54 229
56 577
40 604
1 106
3 174
61 72
72 164
99 128
64 301
32 998
61 611
1 666
3 22
1 635
73 844
80 642
90 8
70 77
33 76
59 137
45 882
57 481
67 709
81 368
4 703
24 441
34 844
35 257
72 421
30 972
29 162
28 798
75 350
7 877
43 929
10 102
12 633
43 75
62 677
10 121
14 909
46 202
21 372
37 82
66 464
4 155
65 362
42 603
13 127
94 216
69 656
47 146
15 460
31 597
32 44
36 824
86 177
98 486
95 785
63 200
87 676
68 979
94 217
59 377
80 45
97 47
79 71
17 382
13 794
77 754
3 261
11 112
99 964
80 833
18 811
78 262
14 992
91 939
17 840
85 490
41 656
63 114
10 892
42 395
60 282
47 317
38 604
25 841
68 520
49 377
29 426
68 975
82 790
79 499
98 286
48 555
45 674
48 675
2 717
76 803
71 724
95 1000
14 381
44 958
47 491
88 7
38 838
16 204
8 510
69 979
8 897
23 520
68 748
48 745
37 642
56 716
41 762
99 898
89 435
32 899
100 904
98 544
40 804
35 636
51 295
12 278
19 930
83 43
98 916
12 291
30 737
41 737
10 824
16 672
52 695
17 706
31 534
16 62
10 647
85 892
86 698
97 240
34 442
8 315
67 173
91 209
60 115
82 833
11 952
89 343
52 169
75 333
29 409
69 907
84 440
35 702
36 135
100 556
75 801
61 284
73 424
100 365
37 272
60 566
36 190
29 884
19 883
75 220
79 201
11 991
32 444
79 299
58 873
25 679
78 453
9 352
12 908
50 741
82 341
13 270
19 247
11 687
100 639
45 423
29 286
53 673
36 15
45 666
88 150
91 750
53 479
93 276
87 186
33 269
87 364
2 100
76 531
38 142
40 331
57 402
25 300
46 930
49 67
26 218
18 97
35 810
53 770
89 322
81 991
59 137
94 631
40 161
71 531
34 905
51 611
14 487
38 409
21 925
20 602
79 811
92 418
53 57
61 318
97 762
62 357
92 791
93 284
71 581
83 953
91 246
84 659
18 409
60 849
23 393
12 834
74 198
72 106
80 875
42 511
56 190
57 151
87 357
32 57
92 188
4 157
32 357
68 225
37 57
54 127
92 2
19 304
41 524
77 912
76 997
43 59
73 806
28 360
53 642
15 772
66 779
41 828
91 405
92 531
7 287
6 293
77 826
79 515
55 44
66 332
70 755
20 246
74 370
79 520
19 359
93 708
40 895
76 325
28 921
88 1
18 479
27 153
9 638
79 87
35 194
80 56
71 550
23 87
76 179
77 562
53 439
70 828
94 597
4 65
8 149
76 850
57 470
88 519
94 443
1 646
25 192
38 714
51 260
67 437
79 763
40 821
29 766
16 964
96 96
43 16
50 677
100 782
100 196
29 547
98 978
46 149
22 492
77 638
57 377
55 55
78 461
21 274
16 668
20 322
54 382
90 252
94 213
60 361
11 558
61 588
16 733
21 376
47 279
45 864
74 756
36 585
37 812
44 942
77 226
94 105
87 45
29 544
48 945
84 487
92 901
7 679
36 880
75 591
68 337
11 865
67 627
87 406
