800
18 535
185 594
38 33
139 760
29 104
128 674
164 107
152 740
101 778
68 783
186 169
59 799
42 903
30 52
74 593
57 457
70 125
182 790
164 984
26 742
97 647
200 727
3 595
121 893
97 195
77 844
8 238
69 360
175 560
49 773
97 429
104 812
99 734
132 666
65 804
156 611
79 982
199 98
183 550
147 455
124 976
55 936
120 460
64 670
132 987
72 100
158 716
192 228
172 690
128 346
65 141
77 592
142 672
62 42
7 55
77 648
29 860
22 695
48 648
141 637
95 632
195 937
129 642
12 870
163 741
51 969
62 718
10 570
38 350
2 563
61 840
116 39
177 171
136 467
124 259
148 746
40 349
181 982
143 418
4 106
126 456
98 135
72 941
123 37
52 569
41 909
147 23
95 826
45 235
30 120
92 774
163 942
64 787
111 799
161 763
22 812
60 220
146 164
69 328
41 797
136 399
155 645
199 757
133 484
28 802
13 740
138 937
2 462
30 895
26 979
194 349
41 258
14 860
178 706
92 865
153 380
90 871
116 935
55 556
172 165
23 829
66 771
183 640
71 871
174 580
38 781
162 225
166 688
136 228
188 625
109 465
91 610
104 666
40 419
156 443
197 504
158 681
20 665
136 361
58 465
164 661
104 437
114 501
180 942
38 898
26 335
22 678
19 664
71 804
96 628
24 529
32 142
12 588
150 224
119 798
113 672
110 562
46 860
158 973
94 731
197 742
46 215
3 576
94 547
164 443
39 796
147 305
66 308
142 501
70 268
97 692
78 269
41 995
168 578
187 488
129 110
141 747
155 622
141 843
126 464
113 330
143 477
88 97
112 38
67 947
26 68
123 416
49 571
191 168
28 398
176 328
46 851
124 518
118 698
115 388
69 569
114 600
114 423
174 340
169 689
101 906
183 154
50 239
7 301
133 766
77 848
152 287
149 240
129 396
170 817
3 412
189 977
33 962
179 814
123 94
200 671
64 181
99 288
198 839
198 91
8 254
107 965
50 420
148 372
96 463
63 667
118 705
162 279
60 277
27 637
157 391
14 50
70 445
44 53
73 17
32 984
187 635
158 914
120 349
163 395
77 813
2 535
126 91
1 732
110 2
64 120
41 163
57 634
176 373
154 781
134 64
43 30
87 504
198 686
67 388
57 74
22 827
134 23
27 331
137 606
175 992
184 434
52 302
22 639
35 412
77 112
147 857
199 427
177 186
196 857
86 416
75 357
50 541
198 186
131 160
57 191
64 925
200 242
60 484
188 797
145 437
132 412
144 723
176 305
95 54
173 670
166 541
33 180
186 910
136 287
176 210
81 136
118 831
199 980
11 342
64 384
168 955
168 599
61 526
197 288
143 734
163 994
90 357
41 616
153 7
8 591
119 169
38 589
112 779
8 557
104 692
139 744
55 354
145 904
36 800
58 967
192 387
183 651
184 334
136 601
70 288
130 617
143 76
110 805
3 570
43 539
195 717
87 279
171 333
135 485
158 795
116 911
21 63
52 197
74 154
48 648
60 886
73 248
31 841
51 411
128 398
72 953
43 857
35 207
200 753
3 944
13 882
157 199
21 833
94 606
31 303
76 437
6 165
64 107
144 218
129 156
55 367
121 416
133 399
179 637
162 678
54 799
200 83
83 937
98 621
141 263
114 166
8 316
161 89
37 817
160 953
119 834
85 385
189 89
107 453
62 182
162 683
81 862
49 492
37 149
6 739
186 422
154 661
111 757
146 245
195 198
199 882
35 297
11 964
117 38
158 529
149 627
22 485
18 935
173 685
187 44
158 883
160 245
28 633
158 674
40 936
88 845
16 471
47 326
42 233
140 270
51 873
5 291
137 499
181 328
111 136
179 175
145 55
119 274
58 315
96 808
152 31
69 786
139 272
13 722
28 160
106 247
188 132
19 332
37 782
60 956
38 971
123 489
118 174
52 571
173 881
116 560
200 917
101 201
126 651
177 543
188 927
165 941
63 110
102 57
26 607
199 626
94 154
183 192
61 520
9 266
160 785
63 470
30 64
148 899
46 745
65 706
149 660
165 171
92 590
72 15
130 629
6 721
111 437
148 356
179 898
180 162
125 6
110 677
80 217
116 590
77 810
149 570
71 222
134 968
12 324
113 117
154 771
57 29
9 867
95 578
119 695
34 278
172 134
159 316
106 9
54 120
71 222
114 740
96 625
12 230
58 759
83 560
175 907
167 879
92 960
151 395
127 413
104 717
146 215
73 890
102 771
29 469
109 243
175 281
144 917
134 980
165 639
45 413
96 192
13 343
173 409
191 822
88 727
1 831
99 696
120 321
153 964
147 593
116 945
46 767
173 897
111 691
152 533
34 648
113 924
83 499
101 114
32 317
58 937
134 279
77 110
2 519
95 81
162 501
200 845
155 660
6 513
133 579
26 156
193 300
5 532
57 1000
23 854
82 312
24 662
44 817
75 751
91 516
73 398
66 940
6 481
200 670
121 294
3 780
18 281
135 732
173 949
16 658
189 72
76 926
6 567
93 989
139 64
74 145
57 183
81 10
26 921
17 165
78 223
90 97
159 603
28 394
104 684
58 702
61 483
148 505
162 414
134 908
31 942
15 532
142 32
199 740
51 970
70 265
111 845
95 994
174 694
5 671
24 472
50 812
129 686
9 972
37 367
84 176
124 881
75 773
135 275
80 866
46 623
105 554
148 169
119 658
181 729
175 217
148 413
78 643
77 56
43 669
57 117
33 577
124 143
43 999
179 395
174 785
171 835
169 254
198 333
60 434
159 949
137 323
195 225
91 23
40 314
166 678
15 294
9 672
26 787
15 762
154 569
152 815
76 256
138 786
198 103
25 830
188 999
153 500
65 398
50 848
39 422
6 255
117 702
172 764
123 758
200 811
48 485
52 248
135 345
59 159
42 889
76 633
142 573
177 970
171 229
164 332
146 640
2 616
172 141
93 107
12 965
65 327
162 344
130 273
76 49
106 457
157 146
110 280
184 918
24 634
193 841
73 508
13 986
124 917
38 103
176 149
127 250
160 888
3 639
11 137
198 597
100 110
144 568
102 512
166 177
131 347
15 899
120 462
57 692
23 842
179 298
82 120
85 584
128 387
133 622
145 729
134 788
116 32
196 72
132 715
11 423
48 661
140 387
1 299
97 581
45 727
169 470
47 374
98 117
105 877
58 776
51 665
107 292
187 703
17 565
106 216
88 624
104 241
63 746
58 924
9 972
37 733
160 439
62 475
61 463
141 17
136 172
97 149
193 406
148 509
64 356
18 682
190 26
20 260
40 129
21 136
182 174
30 325
28 142
186 860
122 140
107 485
37 314
190 419
11 875
108 531
98 848
192 483
14 40
41 878
70 651
131 900
161 918
37 30
120 266
120 173
113 72
31 792
7 680
130 80
57 684
12 624
32 804
74 864
33 802
11 173
26 975
190 36
91 329
108 617
96 902
56 568
127 251
43 129
59 299
179 322
90 847
72 891
68 294
175 8
69 165
123 652
172 907
31 333
163 843
56 766
176 118
64 504
127 634
103 457
171 492
140 540
91 858
74 189
176 469
82 533
181 494
38 292
132 744
85 184
187 689
77 378
22 741
166 271
76 903
33 542
