300
75 138
11 16
70 137
72 563
4 653
26 546
7 153
16 995
28 667
63 475
15 151
15 199
45 837
6 477
41 240
42 598
42 286
6 138
5 106
20 636
58 912
64 134
58 645
21 73
5 191
6 372
39 56
72 201
8 843
27 554
62 529
65 20
54 213
53 661
34 916
37 18
5 381
7 534
58 120
16 872
27 919
62 466
12 685
17 269
44 544
71 400
74 427
3 323
27 721
9 535
34 837
38 441
57 943
68 489
39 542
7 649
26 321
51 139
16 435
65 586
39 352
29 246
54 407
59 189
6 938
45 894
69 702
57 902
5 406
62 954
9 864
25 446
63 406
73 800
29 208
65 898
9 70
19 772
40 543
33 837
69 860
7 284
19 990
34 116
64 418
60 963
56 56
63 753
43 292
26 525
42 219
72 654
74 826
48 472
70 986
2 150
37 653
29 714
6 309
56 241
28 965
3 933
57 158
17 443
7 523
18 469
45 848
16 744
26 278
55 221
37 909
38 380
62 49
14 647
68 404
38 855
72 841
22 237
15 245
34 60
14 987
62 425
48 691
38 677
75 174
69 632
3 607
5 317
66 732
61 670
25 299
55 3
50 281
16 174
5 506
32 170
42 589
5 343
54 883
42 870
52 796
47 938
21 167
11 437
26 247
27 915
69 878
57 68
27 797
17 187
63 105
43 703
69 348
42 290
67 385
45 937
23 132
53 529
16 467
63 514
63 613
23 262
44 520
41 86
33 266
33 784
54 919
73 110
59 493
7 257
37 777
20 512
3 975
28 449
36 418
59 540
44 694
64 653
14 818
60 178
8 605
14 984
12 799
5 318
72 188
2 324
27 123
64 64
7 945
60 922
21 184
51 866
46 603
57 300
28 208
72 58
39 265
73 428
37 66
65 114
67 692
13 691
51 924
28 372
48 180
39 359
62 281
42 466
49 197
46 335
22 147
55 428
13 752
75 111
22 103
58 689
8 679
11 283
47 814
25 839
17 682
23 210
37 994
29 898
1 656
15 961
64 387
68 55
5 997
6 360
55 797
1 601
57 261
29 978
55 321
58 80
57 25
5 775
50 570
3 792
57 656
75 929
3 555
19 403
54 446
45 762
33 922
26 768
52 192
51 471
16 401
27 639
13 418
36 725
36 340
75 511
19 525
28 206
75 256
48 800
56 500
18 512
44 203
25 363
40 553
67 220
70 925
40 843
72 426
75 376
22 542
6 909
72 333
33 156
38 503
2 15
67 675
52 220
16 643
71 390
9 921
5 212
51 685
63 413
54 822
36 818
21 821
12 264
48 31
9 109
25 333
34 549
32 168
21 786
65 422
37 846
32 251
55 962
51 822
51 48
