600
78 878
116 649
12 33
142 547
32 904
141 78
98 716
12 866
13 468
147 336
64 375
19 699
69 193
104 890
15 454
102 312
15 317
97 902
69 168
53 559
78 192
31 313
30 471
130 216
4 481
34 332
15 872
19 515
140 528
10 554
20 525
39 542
89 25
12 370
98 299
33 827
13 696
138 203
10 165
62 906
118 44
5 470
103 153
148 37
143 893
25 195
43 468
145 288
3 429
32 740
79 745
3 134
64 135
132 520
148 176
10 351
18 271
10 804
71 24
96 603
115 927
16 184
45 146
118 674
38 295
25 320
104 521
94 831
43 74
110 735
43 82
139 911
123 842
42 871
139 559
115 379
82 359
30 390
24 971
30 647
129 424
80 788
7 150
10 216
144 625
10 29
148 296
76 899
141 542
99 746
122 598
124 156
20 24
51 849
10 6
48 453
84 509
97 842
97 590
35 861
17 785
138 68
26 27
124 618
133 227
146 674
97 915
136 383
130 675
33 808
83 263
63 55
135 173
7 721
27 940
136 290
41 604
118 697
26 305
97 219
61 501
117 663
125 172
10 979
33 382
90 60
61 911
43 406
21 630
85 555
61 652
73 672
24 73
122 832
11 333
37 489
124 217
148 616
71 458
88 902
145 580
86 956
97 282
105 499
63 728
37 809
118 734
147 177
122 229
95 11
63 269
96 926
109 557
65 923
25 242
122 692
66 741
118 842
125 401
111 800
86 600
110 24
30 286
99 452
1 360
97 73
130 319
120 277
16 53
37 379
138 523
41 382
101 968
16 153
48 656
122 303
91 287
60 756
134 872
106 572
145 940
80 500
13 609
72 422
48 216
42 317
85 992
74 570
60 733
53 115
120 516
13 17
121 547
30 780
93 831
51 373
5 344
75 593
111 449
51 137
47 458
22 385
147 929
21 535
20 71
43 17
82 3
143 676
42 143
11 797
74 58
135 571
114 19
136 947
117 973
64 786
33 605
18 575
123 634
134 570
88 331
42 197
76 644
28 544
9 929
96 1
115 239
122 11
27 47
52 800
69 895
26 139
99 837
137 24
81 371
41 480
96 857
98 529
98 992
14 32
45 438
46 445
80 504
149 701
15 315
44 768
129 778
49 542
15 417
136 604
150 120
29 981
48 44
72 742
118 819
30 482
149 817
96 234
100 318
48 638
23 835
132 843
91 968
60 34
106 503
111 322
135 717
41 143
91 127
135 967
4 728
122 354
14 192
8 412
107 743
85 503
4 534
16 707
150 477
135 325
82 582
92 730
126 703
31 288
36 664
92 376
61 719
141 931
23 359
51 672
23 634
21 150
40 55
102 156
28 670
109 998
65 570
120 616
17 272
48 43
40 120
128 194
92 319
122 223
3 303
42 70
89 265
78 449
98 867
4 816
57 435
119 691
123 253
115 304
67 362
98 567
142 611
84 352
43 247
99 66
14 312
39 876
61 102
67 130
12 945
61 354
149 243
135 241
121 304
144 880
56 329
39 351
126 995
116 166
133 669
17 486
12 633
45 718
138 258
24 206
100 515
131 818
42 676
31 233
130 840
117 404
70 287
150 722
13 850
72 650
54 381
75 407
30 516
117 508
67 751
59 13
64 770
126 492
46 659
28 5
20 455
37 935
110 538
45 487
44 134
23 297
132 127
140 112
97 880
143 295
17 104
58 538
111 1
96 125
4 193
30 739
123 775
67 337
143 406
135 262
76 73
11 177
60 638
7 442
93 904
145 856
140 551
19 57
86 119
20 720
14 932
40 801
27 613
144 107
77 825
20 412
111 384
7 53
110 792
91 781
37 424
52 327
76 20
12 462
67 765
25 936
107 338
51 591
37 72
150 874
55 776
137 521
59 414
120 38
18 397
147 225
27 792
83 905
22 354
12 596
95 992
112 3
40 190
132 235
129 217
60 300
82 973
23 377
31 350
46 5
11 752
110 810
18 531
66 831
134 769
139 282
123 484
19 173
99 14
14 140
124 448
34 101
119 126
46 190
89 90
99 215
7 631
93 992
117 194
33 469
107 147
49 193
11 553
32 317
139 688
144 65
146 920
32 527
28 989
15 478
59 433
61 570
56 330
9 785
138 975
41 921
77 438
53 787
53 26
118 626
60 497
44 323
58 926
104 659
70 94
96 193
110 320
59 457
144 17
146 489
59 192
25 877
29 423
109 17
76 138
109 374
4 747
99 97
52 28
107 254
82 514
83 772
3 225
26 999
145 117
102 773
62 424
120 240
100 844
16 323
27 553
29 442
101 537
98 481
128 602
51 848
49 966
53 983
116 985
50 563
53 216
73 868
128 403
71 833
38 412
48 353
84 489
1 375
140 245
77 923
17 360
107 61
79 806
130 827
132 299
62 653
105 976
107 304
15 221
34 67
84 339
25 987
103 59
138 947
68 546
77 320
63 520
35 91
78 10
38 430
13 372
129 499
128 490
86 980
35 501
37 695
95 437
88 949
127 208
141 232
82 267
54 403
104 710
116 683
105 934
99 608
20 290
33 829
40 567
80 616
38 363
70 643
131 560
121 499
11 264
37 41
98 814
142 664
91 794
146 953
34 199
63 840
59 380
122 947
89 205
29 905
43 138
105 897
18 655
134 636
23 4
23 356
83 95
127 907
95 780
146 630
128 945
19 756
54 707
60 632
12 703
81 806
134 331
102 838
108 373
24 490
96 258
46 891
72 428
133 257
