900
134 687
142 928
48 12
27 733
36 570
2 431
130 294
83 866
212 832
43 453
79 940
127 501
135 891
79 908
118 189
73 141
173 231
170 790
114 296
5 969
133 223
89 65
111 595
79 708
217 103
81 800
28 874
4 604
10 122
135 965
145 173
114 363
215 753
218 979
152 496
221 70
51 249
166 779
60 779
61 783
141 139
36 96
88 395
179 833
130 576
82 173
138 512
196 773
180 995
96 184
132 773
103 492
199 93
93 472
204 995
192 932
113 328
3 735
117 70
63 430
78 191
74 551
106 52
139 558
32 618
107 581
58 809
194 223
180 122
98 79
205 981
218 386
181 184
103 514
104 761
187 456
71 439
210 321
27 536
219 228
64 699
130 761
76 799
86 906
53 778
30 970
127 607
146 384
212 536
42 530
207 665
88 657
188 961
104 614
57 560
26 770
99 225
166 584
175 813
68 713
186 665
37 69
9 840
146 678
199 400
204 113
209 291
139 382
70 257
77 278
206 503
172 545
37 113
26 494
100 863
194 517
222 259
129 870
187 212
62 667
122 992
163 225
215 287
52 209
49 768
125 659
86 494
161 237
152 898
36 480
145 929
134 208
160 858
162 272
142 59
39 571
30 16
184 495
193 469
117 981
166 411
94 28
61 686
101 439
158 33
87 369
75 114
219 798
122 724
100 1000
119 545
138 562
51 366
87 505
186 376
106 138
43 362
29 932
4 329
124 910
17 419
20 379
152 698
156 182
30 739
154 365
129 783
222 85
202 75
219 405
45 947
29 281
63 108
158 470
43 973
152 616
10 343
126 628
28 323
170 454
33 273
205 644
177 441
117 807
113 134
170 700
168 510
142 150
174 862
138 128
78 759
212 958
172 462
167 915
53 945
21 157
152 167
4 758
63 569
129 193
24 804
124 469
163 954
170 716
160 345
174 227
185 67
7 216
204 112
220 356
122 303
139 815
71 460
179 366
200 956
84 286
13 767
165 559
157 906
54 65
131 623
64 406
57 314
47 125
74 120
90 540
149 839
126 746
74 26
11 895
178 909
69 62
215 290
32 751
224 735
2 699
193 979
11 982
18 453
78 550
162 937
206 986
7 673
25 160
27 314
176 121
208 128
225 190
33 190
225 887
112 118
9 226
56 857
67 422
115 117
38 273
176 679
9 505
106 433
83 299
39 415
178 149
151 290
211 75
191 355
25 944
141 134
71 191
60 909
110 715
204 218
126 924
108 41
99 153
215 540
194 660
11 371
169 267
225 985
34 950
182 216
13 244
42 62
202 712
84 754
15 860
12 694
10 803
202 50
88 450
81 461
205 161
47 768
14 273
191 600
99 933
113 130
92 995
20 339
46 98
224 718
119 572
202 403
142 239
76 80
205 128
186 127
62 528
123 31
8 930
58 837
138 572
123 555
161 174
172 126
131 887
149 520
85 179
183 202
54 166
119 472
50 493
224 647
83 177
126 29
204 604
57 760
105 996
97 19
57 542
196 94
136 29
189 917
2 751
1 510
32 225
181 153
224 402
161 545
146 845
3 388
63 45
39 815
224 676
174 315
58 39
43 300
41 371
79 41
133 134
43 246
152 281
136 198
51 494
63 965
159 486
154 801
130 424
134 899
94 191
218 646
110 654
98 560
219 229
179 301
20 976
55 553
179 976
163 1
210 349
40 226
23 768
204 863
32 480
35 361
70 717
152 46
111 729
38 915
222 929
26 661
180 866
16 839
216 788
9 88
15 722
17 155
155 225
77 983
64 70
114 360
41 994
131 204
10 963
56 300
130 439
164 469
130 729
123 979
85 391
8 184
128 938
37 668
202 452
207 183
1 119
212 761
181 607
166 32
94 927
12 814
88 870
187 275
14 754
124 536
25 539
218 181
80 632
195 249
21 374
49 862
75 738
15 249
24 491
168 194
166 691
55 739
209 654
109 436
136 175
170 164
79 659
142 890
104 454
2 247
199 459
160 503
171 484
106 108
110 932
135 921
6 415
200 225
225 704
119 768
224 971
218 130
50 369
127 343
51 260
166 202
200 646
172 948
48 361
141 481
143 910
20 56
46 658
90 243
37 480
125 841
198 707
171 52
61 357
139 206
129 56
24 1000
48 317
35 209
132 690
178 348
28 197
70 174
150 358
8 945
123 917
133 49
220 250
44 841
104 479
61 753
220 19
125 181
145 287
75 503
51 574
125 215
35 170
20 585
86 611
72 141
165 791
207 711
95 356
5 834
136 294
211 849
199 688
101 580
87 867
33 879
139 326
84 960
136 33
168 518
47 419
76 104
29 196
129 998
47 349
61 983
192 297
214 72
184 844
198 713
58 755
125 379
183 950
98 952
181 694
201 456
92 580
145 928
146 698
99 91
128 822
51 150
58 78
186 205
88 479
166 799
42 837
110 429
52 554
185 300
30 742
41 118
27 154
5 701
134 175
223 914
164 272
148 846
42 789
159 375
133 494
132 680
9 652
155 671
155 857
62 968
204 840
93 468
82 663
2 36
212 921
26 734
23 504
133 741
103 333
152 832
18 110
192 750
204 891
203 655
20 415
1 741
90 656
79 912
27 75
35 94
99 455
77 144
94 240
209 104
178 149
117 72
182 603
173 199
163 43
107 15
145 162
204 210
33 238
59 430
144 16
195 600
220 148
40 78
177 172
224 11
122 242
216 971
25 436
151 293
184 358
143 101
98 507
42 611
189 300
2 771
202 644
221 297
139 878
182 4
206 531
138 673
143 541
89 198
121 1
79 37
150 384
34 469
94 527
86 157
186 807
145 405
108 636
56 48
155 930
213 471
22 134
152 219
85 432
122 397
61 341
209 762
31 214
58 616
130 970
18 696
35 36
38 907
92 588
220 476
17 664
167 188
159 576
173 387
80 191
19 251
147 199
13 390
36 833
186 874
140 367
151 625
2 134
16 808
144 454
204 699
81 797
74 924
109 885
218 531
154 241
54 608
169 154
99 596
53 382
206 395
164 949
157 519
96 273
33 285
122 381
153 996
98 901
45 636
93 913
37 75
175 465
49 245
200 258
92 655
134 743
52 442
151 889
63 550
106 207
158 504
67 983
183 481
114 488
59 506
57 166
36 209
37 946
141 494
224 209
42 945
61 675
136 892
190 749
97 17
138 497
140 54
144 111
126 206
153 145
181 853
199 544
156 570
134 999
139 532
134 375
146 850
136 980
137 207
81 7
109 530
188 852
150 371
138 740
170 94
98 898
41 602
97 649
91 229
114 137
180 419
34 767
160 198
53 172
67 929
222 168
100 29
87 591
41 98
23 750
190 953
25 215
68 565
181 604
102 233
138 139
150 553
153 502
93 234
49 826
1 14
16 6
96 979
57 1000
63 155
225 828
91 908
164 568
213 459
213 262
197 480
96 797
178 446
1 211
168 342
96 564
9 621
106 996
218 828
53 451
12 307
152 933
29 285
142 911
71 29
43 521
16 770
134 608
56 566
95 199
222 709
204 320
23 630
138 9
181 779
17 859
157 395
19 726
192 815
62 2
221 376
33 507
59 472
126 618
21 276
153 960
218 703
74 276
127 250
145 920
124 782
109 489
35 396
172 405
35 400
178 821
50 44
149 719
125 900
15 285
222 75
15 68
116 496
2 211
52 120
79 479
92 767
81 906
66 793
28 880
64 654
151 689
224 164
100 321
19 224
141 363
155 310
22 251
9 406
11 181
200 12
42 823
177 912
75 541
99 735
33 918
161 416
59 10
150 945
17 277
173 38
165 525
109 756
57 430
32 239
223 444
148 330
93 176
25 82
190 249
141 787
140 237
217 600
8 84
41 147
100 747
189 205
214 542
66 108
34 723
85 389
109 556
65 816
211 131
186 152
65 339
110 771
205 651
161 827
143 253
219 760
225 516
108 181
186 22
140 272
167 99
12 45
153 211
189 197
36 861
180 493
3 252
135 972
214 5
125 607
112 256
220 453
178 986
180 804
1 475
155 886
153 884
69 526
98 81
139 645
173 340
150 848
186 52
137 960
191 433
120 112
120 413
17 665
206 530
113 408
171 886
59 997
179 156
150 600
117 710
