900
60 467
154 417
170 101
172 541
225 751
2 897
90 723
224 408
149 142
220 482
157 289
51 304
185 370
221 634
78 222
163 658
92 908
203 34
225 496
112 853
18 361
49 598
103 596
26 768
155 77
196 17
30 1000
94 750
147 426
45 863
78 321
3 950
14 13
90 105
70 150
104 332
53 76
224 49
220 489
195 75
134 161
47 217
179 597
133 767
145 373
150 105
103 984
99 535
16 620
171 385
100 776
154 671
144 359
39 450
18 264
214 120
72 45
16 224
184 862
153 763
139 462
66 539
106 667
136 284
222 791
153 889
145 872
157 646
181 230
178 644
142 692
92 479
138 438
72 579
212 506
158 660
180 629
127 392
131 145
136 531
124 419
153 449
190 103
116 267
15 438
89 342
141 641
15 163
102 574
223 120
68 78
17 952
161 800
59 376
90 374
198 158
24 742
7 93
23 647
70 490
149 793
171 3
185 846
11 469
98 610
37 38
177 383
39 136
155 285
44 121
135 801
127 989
5 495
29 802
154 542
94 313
45 13
154 351
1 321
89 566
204 974
109 807
140 991
145 349
78 233
91 969
30 498
8 671
166 581
25 362
26 390
80 826
198 735
66 617
93 540
111 414
104 851
89 645
57 240
58 338
186 874
73 899
189 422
199 430
215 753
177 210
221 269
63 423
100 497
213 33
203 592
215 489
183 712
186 15
23 493
85 86
178 854
97 241
213 355
5 573
4 831
50 552
142 430
116 293
162 440
166 995
75 784
182 666
140 944
205 873
90 878
13 910
101 923
38 980
50 308
217 810
85 937
220 464
127 716
181 810
85 519
122 904
179 781
200 623
139 437
11 347
9 805
123 523
27 962
54 819
183 47
147 306
173 351
88 249
46 295
188 677
221 250
195 962
94 780
8 107
3 879
146 962
212 493
50 201
149 603
212 984
15 96
198 483
170 151
203 822
196 939
216 997
131 560
84 320
31 180
157 266
69 397
78 778
80 659
20 199
67 769
45 449
126 788
40 229
162 508
205 258
220 473
21 336
37 971
61 733
128 554
197 805
193 317
57 310
21 369
167 425
95 593
127 473
195 364
3 482
142 787
11 739
116 616
52 420
143 795
210 590
26 814
78 560
25 553
45 478
152 123
126 857
135 968
151 655
160 826
179 622
44 311
26 838
216 763
214 560
32 420
191 453
62 601
85 809
152 93
109 49
119 694
170 8
64 441
47 448
81 578
181 410
11 36
177 369
191 178
134 957
151 481
145 489
139 907
74 845
102 790
62 203
180 641
219 609
125 711
106 276
154 113
198 177
188 489
89 829
58 594
8 251
100 414
61 577
172 652
218 594
136 185
108 199
99 796
46 526
164 6
112 502
139 683
111 25
155 74
74 788
223 994
185 338
163 669
214 567
156 856
6 106
175 454
180 606
215 989
78 205
152 276
180 60
149 164
76 653
161 911
73 249
213 47
21 728
182 212
43 501
41 992
83 769
12 377
102 572
142 322
196 363
85 715
36 171
183 937
115 130
181 924
40 757
224 870
132 488
9 218
207 820
203 507
153 356
61 624
91 322
217 773
174 495
173 166
106 942
114 133
50 611
151 678
31 453
222 573
108 43
26 833
96 729
215 519
189 582
20 853
97 584
215 987
29 253
189 895
78 636
182 483
169 289
154 922
224 527
156 633
78 615
111 337
4 423
50 765
75 748
167 335
116 554
101 930
92 157
8 208
58 144
169 855
204 550
37 801
123 103
49 299
128 944
19 765
184 963
202 728
166 791
141 979
180 928
110 738
22 729
36 706
22 578
68 513
107 448
53 65
139 897
195 448
30 800
222 915
194 686
215 161
47 28
77 155
32 481
174 877
67 405
115 367
83 741
93 891
54 884
103 266
183 961
113 614
64 412
117 926
123 704
187 562
72 198
119 570
164 395
220 83
126 925
77 603
12 93
18 893
52 478
210 750
78 561
158 524
191 9
188 752
85 823
104 46
75 190
191 130
36 63
70 691
64 395
94 735
32 287
25 873
113 94
95 922
115 946
47 29
74 370
148 199
71 357
56 477
183 127
115 36
107 161
151 342
148 823
46 760
66 339
25 861
121 158
101 191
22 796
192 788
88 736
92 593
5 886
190 651
129 746
196 221
118 196
70 479
210 156
119 662
161 155
76 879
165 298
149 409
101 651
202 827
61 193
134 605
102 443
45 575
17 292
84 665
127 823
191 78
217 807
158 978
25 22
5 700
98 397
27 917
139 405
150 391
41 472
167 412
5 95
155 857
192 575
47 104
120 158
4 655
48 799
42 41
204 522
42 560
118 190
119 660
208 319
64 684
150 150
145 663
90 414
73 757
177 708
173 584
13 674
188 97
151 780
95 983
80 612
160 623
141 698
193 678
220 959
57 405
213 363
136 495
114 826
129 737
115 777
43 762
86 188
111 83
58 231
159 49
165 576
76 896
103 701
12 482
10 737
77 266
36 912
76 919
60 497
181 428
27 752
221 827
8 738
120 744
159 532
77 601
59 739
1 208
192 563
93 386
106 367
65 910
201 882
115 46
19 458
219 608
89 814
52 663
109 548
134 372
90 438
41 691
25 183
35 934
156 109
191 390
165 734
98 392
205 681
51 4
190 766
175 237
146 245
97 755
128 330
144 567
158 317
163 899
225 777
193 830
66 682
118 831
196 137
77 833
181 553
187 504
3 795
219 724
211 884
22 236
62 648
75 209
46 945
194 943
152 449
65 228
183 961
7 824
184 417
150 86
224 611
101 555
40 121
189 78
60 638
15 724
79 961
167 518
136 988
82 571
73 161
115 282
88 582
103 116
208 768
97 210
19 608
197 718
13 315
58 586
130 249
108 256
211 946
200 659
125 472
186 29
201 956
205 601
197 964
168 530
130 302
208 243
49 336
91 870
6 118
109 8
17 588
148 874
41 230
205 464
130 291
80 61
6 32
16 416
102 477
215 545
224 225
187 825
26 836
92 482
149 413
141 484
41 344
107 572
147 306
211 820
76 935
19 16
171 347
11 312
11 44
94 938
41 613
147 44
102 749
82 30
160 340
91 154
133 125
199 193
88 547
177 548
87 293
158 190
102 644
150 252
81 498
90 121
23 645
148 665
213 978
138 815
122 239
111 896
61 725
86 806
79 547
124 231
105 448
28 172
32 495
11 906
79 30
134 324
38 492
114 712
81 584
128 336
143 613
85 716
153 881
38 808
172 571
86 459
217 363
188 344
212 57
121 363
162 548
92 887
51 123
143 862
143 763
19 731
126 914
59 242
183 747
150 423
207 962
13 412
193 604
12 216
71 235
68 521
103 665
112 446
215 97
30 549
180 309
176 901
98 55
70 374
73 248
220 942
101 304
213 807
174 441
118 984
139 277
113 380
24 390
175 668
22 192
224 589
46 208
167 90
214 509
85 21
117 635
25 367
144 347
107 487
148 501
145 51
91 509
2 20
10 479
172 726
21 349
44 450
186 874
170 95
43 919
80 280
19 581
129 148
47 572
83 890
35 515
160 119
43 419
61 85
154 499
23 282
167 720
145 113
117 306
199 561
171 496
225 599
58 709
187 64
44 177
212 816
113 41
188 401
144 786
203 361
8 150
95 540
6 655
7 628
120 58
213 492
202 378
158 803
140 229
211 449
95 407
65 190
136 490
122 682
55 943
62 831
189 290
160 315
136 704
83 213
189 1
71 673
105 269
33 58
152 124
134 274
81 732
57 571
142 811
103 163
46 768
172 185
213 843
175 134
73 491
105 368
134 756
178 742
212 581
129 8
102 269
212 906
98 950
74 525
138 248
2 905
86 738
125 589
183 457
224 759
167 492
86 313
90 427
160 411
157 508
161 8
38 397
189 699
40 184
157 370
32 422
174 371
58 550
152 742
220 102
53 738
97 233
204 403
81 882
160 77
113 512
116 51
156 508
172 958
80 972
79 233
43 541
120 615
12 874
38 897
99 77
140 54
187 999
110 39
215 286
210 346
3 258
164 980
204 677
206 416
192 12
162 180
78 956
137 61
132 429
223 778
60 838
213 553
76 459
106 877
14 794
