600
31 226
23 636
125 11
147 509
131 827
125 586
48 191
73 564
142 675
105 420
118 676
129 337
87 805
149 892
115 523
65 59
83 358
131 788
135 966
96 834
109 36
144 463
30 918
69 802
61 806
138 707
15 545
43 184
8 484
59 710
96 514
124 562
144 696
20 330
133 108
92 528
46 552
88 9
95 893
63 488
150 509
50 242
100 485
96 150
9 639
72 684
42 952
80 900
40 546
111 695
87 61
30 126
57 889
76 127
68 68
97 971
14 52
105 842
93 789
98 771
20 264
93 900
98 728
142 435
99 686
145 557
77 266
10 57
26 534
7 115
150 56
7 545
146 969
73 147
100 301
123 478
16 835
55 332
134 736
15 578
15 910
67 992
6 599
126 57
84 2
96 919
137 185
54 555
35 412
82 23
147 863
90 159
20 326
86 399
74 269
53 844
95 971
68 739
108 52
54 121
55 190
42 637
75 865
104 214
100 887
144 450
148 480
51 657
14 571
45 636
44 440
125 854
9 706
44 116
118 797
15 819
108 586
71 4
28 704
25 47
28 550
95 944
129 870
36 742
67 218
18 901
72 245
61 330
81 315
140 589
38 637
22 114
124 331
7 522
69 494
144 996
70 784
74 717
28 521
106 977
85 5
124 202
145 116
50 98
25 213
99 396
63 795
30 37
7 580
65 434
98 566
102 687
75 649
148 341
126 237
81 787
129 298
29 23
56 586
54 123
24 363
24 323
119 533
16 832
4 233
98 640
99 310
149 488
39 66
128 966
64 111
90 93
26 314
89 65
143 799
41 80
139 545
35 658
124 686
32 603
38 217
140 126
96 946
86 748
81 900
26 133
29 471
3 305
123 561
88 197
95 75
132 591
21 596
139 310
100 286
73 149
23 699
88 395
2 170
97 237
92 433
74 953
142 166
53 522
57 81
11 313
67 20
85 481
111 906
148 873
104 746
44 245
44 46
60 750
148 230
137 745
29 991
118 948
83 99
69 297
98 676
142 795
15 615
51 408
130 671
57 954
61 877
100 643
90 240
26 967
134 837
115 918
120 426
94 646
111 403
82 456
132 441
144 126
108 218
38 593
22 970
59 650
149 869
76 2
38 558
110 559
128 988
93 494
136 768
99 407
50 61
48 962
84 926
56 60
110 836
87 501
57 928
82 481
59 851
42 525
121 101
10 175
35 503
97 395
7 326
1 167
3 551
66 104
64 333
56 546
112 983
128 396
115 982
16 705
117 91
115 139
45 720
94 757
150 901
19 930
8 724
147 513
68 296
5 472
141 588
4 988
68 317
6 55
48 918
9 595
85 39
58 75
31 318
82 247
142 899
9 897
104 77
33 915
108 779
86 288
20 650
127 389
107 171
129 26
72 526
83 523
71 812
135 895
15 287
34 764
54 468
76 581
44 684
39 219
60 765
89 699
126 962
37 335
24 625
98 391
59 485
24 958
54 291
99 478
115 524
32 87
81 108
132 799
14 216
41 278
93 197
76 590
21 406
41 564
99 708
33 725
137 825
21 268
13 213
50 790
88 767
140 727
16 788
134 899
32 894
149 567
134 41
30 531
98 25
11 649
137 360
19 976
47 749
105 342
36 914
29 216
131 165
48 898
51 81
2 197
46 604
8 447
110 236
147 645
95 264
75 85
18 436
93 309
36 569
77 786
40 433
54 157
50 758
142 9
67 289
71 11
6 430
16 594
43 94
10 957
129 391
45 888
29 916
82 980
28 971
6 191
74 363
14 580
87 162
26 207
74 267
23 698
58 510
121 240
122 257
52 27
73 263
42 968
74 837
50 543
26 800
50 773
134 25
3 754
19 93
61 732
100 229
129 167
27 225
112 323
71 453
68 547
108 530
144 232
147 476
16 493
49 382
21 188
3 499
48 912
135 355
129 665
109 784
69 678
24 480
48 89
96 67
63 632
76 205
83 588
14 356
16 916
33 773
86 421
106 725
17 596
126 160
144 726
130 753
44 582
46 91
58 879
29 446
12 728
78 966
100 582
87 456
115 565
60 896
91 10
29 362
147 908
27 543
119 33
48 329
47 289
134 224
123 274
62 573
46 506
134 21
100 364
56 164
48 445
3 23
88 802
63 742
25 328
139 276
36 196
116 551
106 118
93 45
145 208
124 764
54 730
137 632
3 667
109 479
94 253
57 604
139 995
41 421
82 113
109 349
105 650
125 190
110 690
104 510
19 886
6 904
74 443
98 326
121 330
63 707
99 705
107 81
94 242
71 168
2 994
64 122
116 908
25 636
70 89
148 213
146 718
80 266
147 534
134 714
73 499
133 625
1 543
120 928
67 794
31 95
82 938
22 772
136 608
122 665
88 146
17 835
43 47
109 634
101 428
71 392
136 307
131 980
54 321
72 327
58 465
145 387
8 406
72 311
120 926
43 414
148 421
150 908
134 642
139 299
150 740
149 507
27 304
84 438
133 27
127 635
145 252
121 631
69 391
41 860
60 536
35 15
111 634
79 903
21 933
95 408
89 382
125 279
53 212
105 607
112 956
19 295
110 274
88 537
118 371
79 480
8 752
105 128
62 300
20 280
23 485
129 52
6 361
19 910
65 174
114 646
72 873
26 926
76 488
64 97
96 244
16 84
130 17
114 558
2 84
121 501
21 625
95 821
101 182
56 700
43 397
85 141
25 456
7 141
8 172
113 890
105 660
15 603
8 481
4 136
124 600
