100
22 488
23 55
10 177
4 527
18 537
2 113
13 961
11 313
2 489
8 886
8 927
24 114
25 894
22 358
16 965
13 820
13 546
7 473
20 899
10 178
13 531
1 592
10 953
6 122
3 48
19 422
18 163
6 65
21 793
2 738
7 11
15 470
5 936
10 792
20 501
4 917
1 125
16 196
2 82
3 551
18 25
1 930
24 429
6 514
23 291
15 255
10 136
17 634
10 678
20 717
1 999
7 917
20 505
9 121
23 436
1 208
24 63
4 835
2 307
7 62
11 732
21 246
17 755
19 855
25 944
2 210
6 131
22 599
14 67
12 880
1 82
19 776
25 400
15 4
1 718
17 483
19 98
17 281
15 395
14 643
10 902
4 423
10 726
18 345
13 395
8 775
18 932
4 895
1 425
14 310
5 76
20 518
18 682
12 438
3 985
10 531
21 738
2 970
1 695
18 608
