100
2 904
14 681
6 690
19 899
4 687
21 186
11 444
6 42
6 80
7 844
19 342
12 99
23 29
1 433
21 794
17 116
10 645
23 35
13 939
15 371
22 270
7 223
1 88
20 136
16 393
10 320
14 344
21 643
13 442
9 36
2 641
4 835
1 826
5 325
11 220
15 290
8 363
5 884
20 97
2 541
7 933
24 234
12 953
11 706
19 824
19 388
8 546
14 87
11 822
15 348
25 168
2 856
3 484
18 565
2 916
2 555
20 820
3 582
7 215
10 186
19 7
1 11
8 254
14 896
22 582
5 398
10 483
25 363
7 408
19 450
21 436
6 930
8 299
3 622
1 170
4 751
21 160
16 683
23 798
2 282
5 369
19 941
11 191
21 759
19 739
17 830
4 841
18 607
5 607
3 303
13 378
14 205
6 407
10 581
19 591
6 487
21 976
5 720
11 261
19 816
