100
21 175
23 653
25 714
3 982
6 887
6 524
9 978
11 835
19 100
13 229
7 160
12 866
8 928
5 135
25 181
11 155
13 208
14 368
19 704
13 739
21 899
5 139
6 219
13 988
1 94
4 184
5 814
11 432
18 899
10 227
15 170
21 286
25 601
21 813
17 594
7 217
21 223
15 228
24 217
6 696
3 883
15 695
21 874
4 515
3 94
11 665
22 512
2 202
1 961
9 790
2 321
8 580
16 368
6 103
5 643
19 856
22 470
10 476
18 982
10 433
19 389
17 314
5 6
1 330
15 134
21 518
23 327
2 928
10 510
12 488
14 384
16 645
23 681
13 315
9 368
15 577
9 835
3 138
1 231
22 400
14 679
8 681
11 548
7 619
14 659
13 148
24 501
19 158
1 5
22 250
2 185
18 416
21 750
11 764
1 486
8 535
23 225
21 205
20 322
8 256
