100
9 253
21 238
24 556
13 523
9 153
22 600
4 220
17 810
5 64
7 17
12 519
1 354
9 953
5 48
6 180
1 770
7 378
4 874
23 1
8 527
18 613
18 454
8 442
8 954
6 918
12 887
14 256
15 359
12 713
1 975
25 733
8 755
15 985
25 990
3 620
22 494
15 946
22 660
12 983
10 16
10 886
23 437
16 502
8 43
2 192
2 491
8 394
8 206
16 237
1 307
10 533
20 446
9 847
24 394
15 270
5 723
24 790
22 713
2 651
14 380
17 363
6 198
9 69
12 970
11 17
12 126
10 745
25 990
10 367
4 758
3 675
16 895
6 908
4 519
20 581
14 736
20 950
25 308
13 159
23 506
8 4
13 703
22 834
22 758
2 911
12 368
23 349
5 507
5 458
12 962
12 117
8 503
18 162
10 234
4 922
3 864
7 873
7 872
4 461
13 639
