100
24 677
19 947
25 901
24 735
1 332
7 173
14 41
3 34
19 573
23 970
13 213
15 805
20 774
1 218
2 504
16 874
1 325
9 143
16 656
10 900
14 522
22 134
4 757
9 187
7 473
21 567
14 601
15 136
5 511
5 733
14 365
3 172
25 493
5 952
8 53
7 5
9 603
5 185
14 362
8 694
20 612
9 840
2 174
25 632
20 786
22 692
10 243
2 910
20 28
4 298
17 435
13 946
4 938
24 467
14 99
3 342
5 863
19 303
1 840
17 707
22 610
9 569
16 395
15 330
21 833
10 95
21 573
23 249
25 751
11 738
2 671
2 35
3 707
21 626
12 276
14 953
18 367
9 550
21 885
17 468
3 96
12 336
1 872
3 923
22 804
15 916
14 697
19 449
12 502
8 184
13 181
20 694
13 379
20 329
25 281
23 402
23 537
24 255
10 23
19 885
