100
20 493
15 396
13 37
24 171
5 542
23 469
6 197
10 762
12 924
6 317
1 633
18 190
14 589
7 573
21 878
24 643
3 959
15 7
3 74
11 240
13 785
25 679
5 165
16 425
8 156
14 819
16 70
20 925
5 13
12 146
8 376
6 598
9 920
12 156
15 996
19 153
20 615
7 941
15 247
2 643
1 400
3 85
6 463
3 441
14 984
24 391
2 167
24 136
4 740
24 486
19 236
15 185
10 6
8 300
22 41
11 931
10 87
5 451
18 982
11 385
3 708
12 274
13 736
22 225
10 487
24 101
1 640
1 320
17 312
3 557
15 968
8 230
10 934
23 128
5 514
18 737
17 870
12 28
10 855
21 992
9 53
15 618
8 979
3 119
5 370
2 372
4 832
16 159
9 938
10 3
13 467
8 155
21 407
19 482
5 992
6 810
12 400
14 481
24 995
9 982
