100
24 867
17 805
12 373
14 439
10 537
23 990
14 35
16 228
5 539
18 929
16 501
8 929
15 860
21 588
15 246
14 26
1 813
14 123
20 879
11 194
11 378
22 12
20 734
11 821
14 219
13 393
7 5
7 992
25 893
25 141
21 112
22 562
12 899
17 24
24 226
6 74
5 694
18 661
13 33
14 229
21 999
22 546
2 986
16 727
17 930
24 816
9 811
19 191
7 956
23 846
1 399
20 130
12 404
15 171
22 120
2 394
11 605
9 610
21 643
5 727
13 334
12 522
14 247
10 245
7 729
6 890
13 124
4 782
14 31
7 837
3 188
9 275
12 540
24 225
1 918
17 570
3 737
6 806
14 45
15 283
15 151
17 725
5 787
14 55
8 411
6 882
10 466
17 993
6 1000
9 214
9 888
4 772
24 449
1 820
5 165
12 125
5 566
10 445
1 280
5 939
