100
21 430
16 986
15 430
12 397
3 657
11 218
20 374
23 771
22 290
20 293
6 146
15 819
22 63
21 547
14 12
5 524
6 958
22 292
13 173
16 870
9 787
11 295
2 531
21 687
25 999
24 221
10 559
6 727
10 601
19 819
22 801
14 847
19 855
11 755
22 947
8 304
10 617
5 646
15 607
3 771
23 227
2 59
7 344
24 850
25 239
21 989
5 306
7 202
15 446
5 931
20 552
18 310
2 165
4 499
10 920
1 8
10 928
14 831
16 636
24 78
17 254
2 661
21 825
19 952
20 681
23 313
19 453
6 392
10 569
11 974
9 274
21 986
5 93
9 265
16 101
10 592
17 8
25 552
9 891
23 869
14 582
23 751
16 202
20 488
1 993
8 527
25 224
12 248
19 441
3 354
22 603
16 411
3 295
8 435
12 423
4 110
9 915
7 280
10 382
22 621
