100
14 896
4 342
12 299
9 777
4 112
3 802
23 487
4 716
13 313
7 39
15 114
20 130
23 608
8 289
17 598
11 287
20 737
21 279
19 80
5 363
6 789
3 798
18 637
24 418
13 12
6 159
4 281
10 298
4 341
5 213
7 890
13 602
11 502
12 368
9 142
6 835
6 61
12 532
18 143
24 200
6 130
24 32
7 490
2 875
5 613
21 550
9 972
13 696
24 722
16 98
21 22
20 15
10 744
15 576
12 397
7 772
12 702
3 259
22 163
10 834
21 971
15 59
1 840
5 491
23 212
14 152
24 949
6 477
7 584
7 309
6 890
10 250
16 78
13 373
4 475
19 605
14 920
24 433
18 676
1 753
19 105
7 307
24 706
20 106
3 741
11 910
10 733
1 923
11 852
10 76
6 184
10 590
6 84
11 411
23 559
12 932
14 15
3 757
19 209
25 594
