100
9 215
19 325
15 604
19 983
3 988
25 394
11 910
1 681
18 791
14 946
19 86
5 678
8 249
13 524
5 702
10 124
5 552
16 604
8 413
12 977
17 643
12 152
25 98
17 699
9 169
6 232
11 730
21 370
22 730
7 975
10 237
6 535
17 516
20 9
17 45
23 663
3 401
20 202
13 874
2 677
11 931
13 425
9 54
20 939
19 921
6 168
2 868
22 23
9 879
11 570
17 651
11 86
22 931
1 995
24 433
16 899
3 594
22 243
7 805
19 465
1 849
15 544
3 706
8 771
13 647
11 249
13 603
10 988
18 775
6 369
25 784
17 583
22 927
10 276
11 691
15 535
8 200
11 902
15 203
20 822
23 934
20 473
1 527
12 409
3 109
15 627
7 269
14 296
20 224
21 264
18 649
20 392
20 586
4 495
4 955
17 107
2 651
24 545
21 531
8 598
