100
9 55
12 931
3 907
7 22
2 230
21 958
9 582
22 919
7 730
21 293
16 133
12 762
20 970
6 770
2 268
13 69
9 559
24 93
22 936
14 851
21 12
9 315
22 652
21 467
6 468
7 173
1 592
16 933
22 112
15 217
10 591
4 559
4 157
1 632
3 991
25 943
2 103
13 533
7 358
16 908
17 933
11 948
24 884
3 567
16 520
7 106
10 263
25 973
1 148
13 156
24 427
13 479
5 559
4 312
23 497
14 23
12 422
7 544
3 525
6 479
16 800
4 141
6 84
1 5
2 814
11 721
8 795
14 740
1 811
25 740
21 438
10 167
24 122
9 640
23 758
5 358
17 197
23 895
13 751
24 377
18 368
22 78
13 753
10 618
6 392
15 836
3 784
9 183
25 192
4 52
24 699
6 193
16 478
17 15
13 387
7 388
4 273
7 52
5 73
9 791
