200
10 967
45 429
13 180
17 12
13 530
15 131
6 587
42 540
39 672
18 666
50 978
21 191
20 836
34 858
41 68
2 451
36 943
1 289
23 855
49 745
45 996
9 649
45 256
21 611
26 387
37 191
27 469
23 779
10 87
22 799
6 888
26 718
9 864
49 258
19 287
2 863
34 31
32 601
48 319
35 973
3 897
18 113
13 274
24 263
7 525
26 260
2 820
11 196
8 852
47 32
50 445
48 490
13 737
42 230
50 494
5 558
30 607
29 525
48 263
26 186
9 665
21 374
19 139
14 148
50 362
50 902
14 363
31 986
37 95
33 103
26 97
28 339
19 288
29 684
26 921
33 345
32 309
45 701
33 554
27 899
9 409
33 57
4 335
21 243
33 273
7 382
42 214
46 249
3 48
48 186
7 159
24 505
42 994
46 355
15 215
6 421
41 60
27 878
33 497
14 394
9 207
28 779
16 421
7 378
1 378
50 921
48 612
14 989
17 861
6 448
40 986
16 435
49 236
14 949
23 170
13 901
7 229
45 668
38 817
23 504
20 6
1 506
40 523
34 590
22 331
18 182
48 757
22 492
41 604
6 916
11 730
40 14
39 854
48 11
32 764
44 500
43 866
49 987
28 535
1 378
18 994
9 992
13 858
8 846
10 925
25 505
43 736
17 779
45 283
30 175
1 729
7 88
12 864
14 352
25 842
6 64
48 607
49 525
1 932
36 720
11 113
35 105
22 399
19 608
13 86
19 42
4 946
26 448
31 441
38 147
12 169
25 748
29 358
44 933
48 143
38 303
34 389
29 981
4 273
3 7
44 769
10 510
22 345
38 749
9 567
15 569
28 759
28 846
9 421
41 454
9 237
23 356
30 435
26 81
37 469
32 180
49 524
5 446
36 940
50 204
