200
23 164
6 335
28 646
21 809
5 550
6 354
27 760
39 421
12 418
40 989
30 631
45 29
43 420
33 567
33 975
12 587
36 715
28 978
35 152
30 798
33 560
31 10
21 641
7 153
13 255
21 812
15 7
19 612
3 442
27 211
1 382
17 95
20 114
13 206
36 146
19 274
39 276
31 22
21 447
17 748
7 322
40 59
23 278
34 317
47 380
7 975
39 593
38 796
32 507
28 736
28 610
39 967
41 561
7 861
14 183
50 371
24 907
37 788
21 54
38 554
6 351
20 699
29 26
3 152
25 805
26 793
42 632
49 77
6 772
19 728
32 613
46 498
31 781
17 8
50 16
44 58
34 112
3 504
49 743
48 126
8 359
35 583
42 450
36 647
23 744
40 480
12 397
9 44
33 909
43 114
34 253
18 708
32 182
4 686
6 276
22 984
23 46
42 258
9 541
24 141
13 442
28 205
18 347
9 634
6 810
28 496
47 501
25 546
19 823
14 778
34 611
31 955
2 170
35 239
4 402
48 978
39 968
37 514
27 239
23 709
4 214
36 955
24 669
24 528
12 514
26 280
50 628
49 432
10 20
9 832
33 104
8 593
29 179
2 836
15 295
39 986
2 314
36 116
34 664
2 375
40 468
7 154
38 62
19 267
37 815
17 790
9 279
39 868
23 90
36 379
34 762
34 942
40 125
23 885
49 655
20 74
10 481
38 199
12 223
33 513
31 669
33 962
36 344
32 463
11 302
43 826
15 455
1 103
44 953
5 561
37 9
40 381
22 316
8 274
47 341
2 584
8 473
38 578
49 333
34 941
41 615
19 735
31 905
24 494
9 382
41 853
14 657
50 134
18 629
46 77
21 635
27 221
23 985
1 972
35 814
24 564
8 603
36 194
30 425
17 915
