200
18 134
16 507
22 712
15 323
23 611
6 988
1 671
47 567
31 257
13 153
40 27
42 969
15 169
36 916
22 109
23 631
26 938
21 320
25 224
21 296
17 976
15 242
38 507
44 667
9 908
26 136
10 613
24 564
5 981
18 127
35 247
4 517
28 386
2 971
32 350
44 985
22 964
46 463
43 133
9 494
1 252
16 842
46 376
27 416
27 303
21 66
26 372
25 129
2 816
48 852
19 373
21 124
30 993
37 572
22 236
21 898
16 410
21 523
22 372
12 81
45 723
6 6
7 19
12 462
10 199
19 479
41 710
44 944
1 623
33 323
41 501
5 486
43 279
23 587
1 779
25 50
47 488
34 116
14 420
39 155
18 276
40 334
5 141
12 735
17 870
5 186
11 505
26 887
44 110
11 222
39 750
32 779
13 935
9 338
2 865
40 409
5 674
15 190
11 920
10 541
1 442
7 119
38 413
14 899
44 161
31 182
35 913
1 605
8 134
32 258
12 240
25 328
46 282
7 461
14 199
2 783
4 126
33 534
25 605
30 23
9 820
43 473
20 649
12 62
1 375
4 529
10 279
30 465
50 779
38 691
38 534
16 917
46 221
24 984
50 546
9 57
31 970
3 470
38 90
41 256
40 377
49 254
40 194
44 713
18 181
13 20
2 40
25 18
25 244
35 889
49 806
26 41
18 903
45 898
10 204
28 306
36 986
24 657
21 207
10 167
7 412
28 160
37 38
32 643
24 312
43 934
8 817
36 681
20 665
36 627
16 881
48 120
11 605
35 371
38 392
31 226
34 687
17 661
19 931
32 964
37 534
46 540
3 138
3 484
18 971
43 277
41 912
32 973
29 874
20 340
41 816
25 313
15 601
37 997
30 376
40 352
30 206
26 561
13 302
40 934
