200
13 305
37 535
18 847
48 68
31 805
18 746
19 392
5 956
14 93
26 122
34 965
33 799
45 556
5 811
32 15
27 277
9 463
8 167
33 467
34 872
14 195
4 564
37 889
4 724
27 270
13 509
11 325
50 296
42 949
17 622
8 312
4 871
19 552
19 545
30 242
36 237
19 705
14 269
46 144
10 315
37 625
27 928
31 27
19 753
13 443
31 316
10 61
14 69
11 408
22 825
28 297
31 917
21 186
32 730
47 13
22 708
48 902
46 966
8 14
17 510
29 777
2 505
49 820
21 142
20 624
44 716
17 971
3 467
17 474
4 84
4 706
22 972
14 534
29 203
45 614
42 993
31 684
2 142
25 101
25 209
19 329
14 213
1 861
3 204
1 419
37 85
46 67
37 216
23 167
21 8
22 77
26 932
31 665
46 592
36 99
7 444
2 571
22 62
12 230
21 863
44 494
10 718
33 551
15 681
37 824
45 355
27 210
36 458
2 514
9 549
46 473
37 60
32 19
26 362
35 625
17 305
6 528
17 199
10 91
43 205
38 788
41 201
20 489
48 844
27 534
30 68
30 582
33 591
7 459
45 670
13 541
31 600
2 101
15 466
36 339
27 798
22 713
31 473
30 969
19 411
34 871
43 535
17 659
22 542
21 223
15 103
47 5
14 200
35 39
3 944
32 396
2 760
12 518
4 904
47 492
27 320
46 723
15 79
3 560
16 18
6 271
49 634
27 321
30 369
29 909
15 28
47 944
2 509
16 787
24 516
23 758
20 736
22 90
36 199
40 228
5 524
4 849
13 270
15 469
32 467
40 712
34 819
15 522
8 643
8 536
7 992
30 661
36 590
30 314
7 641
21 636
14 636
12 839
3 879
36 326
26 751
36 82
3 711
46 910
39 76
