200
44 571
41 614
19 47
14 102
5 910
46 228
44 891
26 462
36 820
5 391
20 501
10 994
17 977
37 166
48 96
49 740
48 229
33 961
4 973
42 585
48 311
40 571
17 555
17 400
26 710
8 332
13 326
36 167
50 143
45 940
15 366
48 902
47 525
5 35
39 475
12 168
25 373
41 468
38 931
9 621
2 833
40 588
23 80
6 37
39 44
5 921
23 404
16 846
45 281
16 191
26 630
4 693
27 296
21 716
31 823
21 348
12 212
21 222
32 388
45 90
24 320
11 1
43 263
44 508
1 812
22 791
33 250
50 214
23 567
20 257
25 605
29 862
40 388
9 408
29 465
9 89
2 415
33 296
24 201
15 821
27 832
31 463
6 713
36 506
44 271
27 908
48 31
20 204
3 455
7 194
2 151
45 437
19 212
14 323
49 887
37 303
5 566
46 911
46 112
50 49
5 999
35 268
50 552
44 221
3 403
33 927
33 128
9 955
50 43
23 782
48 756
49 609
41 164
19 923
20 585
34 807
30 573
27 986
29 906
36 65
43 326
12 655
22 345
35 718
27 909
36 846
33 258
20 50
50 857
17 732
34 811
16 66
11 78
6 813
41 758
48 666
29 617
41 686
10 660
5 688
25 263
33 861
15 251
40 415
37 63
23 813
3 305
9 819
43 35
36 484
12 591
34 414
33 961
29 682
49 938
32 658
15 725
33 767
14 559
36 634
17 342
5 120
8 410
5 228
20 176
46 40
22 235
28 984
7 814
43 277
33 870
17 545
14 713
33 491
23 802
14 873
19 694
6 964
45 28
3 480
9 548
46 22
6 192
17 20
43 192
3 933
16 15
49 522
25 700
33 211
36 412
13 959
1 371
18 200
20 7
36 567
29 255
2 719
24 301
49 660
