200
28 627
30 553
33 955
44 653
34 97
26 104
38 97
5 125
6 394
19 925
13 955
13 84
39 97
7 422
1 983
29 304
14 671
9 960
18 870
8 639
49 345
29 966
21 717
25 57
24 223
29 253
9 309
21 907
29 821
30 428
12 994
34 365
2 912
24 364
25 828
32 816
5 816
40 297
25 650
7 837
48 978
35 241
19 543
47 814
3 644
6 143
43 766
2 762
46 89
7 987
41 726
8 873
2 485
50 847
20 187
46 270
28 414
26 483
31 244
5 863
22 654
44 107
6 891
31 888
8 689
26 187
24 162
19 546
13 889
44 713
46 690
20 883
5 836
5 217
20 589
45 305
20 491
37 789
7 358
24 352
31 907
3 928
10 79
19 77
15 42
37 81
14 587
18 320
34 492
15 879
16 803
42 565
38 81
27 27
46 76
42 170
48 710
30 676
48 253
5 256
29 409
45 426
26 667
6 663
33 133
26 143
46 645
37 213
44 473
7 622
42 58
25 670
33 593
48 164
7 878
4 163
25 827
6 859
9 403
28 25
45 957
15 454
30 225
14 405
39 252
27 755
3 889
38 608
17 771
30 284
2 403
46 666
18 653
33 845
49 911
20 439
19 590
23 289
35 810
4 625
36 942
34 698
44 887
42 324
29 849
49 439
4 183
10 416
3 763
27 353
19 462
19 839
31 175
23 417
44 840
49 954
49 475
31 487
17 777
2 340
45 321
1 500
26 996
44 822
33 685
30 731
45 656
14 938
35 226
48 789
30 833
8 210
29 843
33 517
10 318
38 475
40 643
37 980
5 8
32 272
17 546
44 848
42 681
46 401
33 1
49 259
25 186
2 543
44 782
36 326
3 222
27 339
5 74
23 173
2 335
1 879
20 927
39 618
40 781
8 339
