200
3 653
39 874
2 750
49 171
35 912
43 624
33 835
47 267
4 195
22 232
10 379
8 290
24 160
9 251
44 918
43 814
7 455
16 358
22 371
18 313
37 202
32 186
48 764
42 269
32 322
10 676
27 286
12 770
43 74
26 174
45 499
7 790
18 569
44 96
45 908
40 322
31 528
30 20
35 789
28 944
3 728
15 41
44 789
29 773
2 739
45 212
42 371
36 749
11 521
15 832
37 886
13 171
36 431
2 346
50 687
22 306
18 260
18 146
49 794
41 397
23 93
46 658
5 538
35 513
10 825
43 627
13 199
40 291
29 803
25 842
19 182
42 200
43 653
43 793
37 44
23 981
3 454
24 263
14 60
19 609
13 36
39 100
8 976
3 649
17 611
12 943
29 700
1 970
36 772
31 441
37 196
44 185
12 124
42 649
35 292
14 819
41 531
36 102
43 485
6 507
9 906
12 841
39 883
25 524
28 378
18 900
15 571
15 957
9 935
14 447
23 617
20 91
3 26
30 362
41 979
10 431
46 6
34 821
37 837
9 668
17 184
37 319
19 302
3 550
33 194
30 79
48 209
24 990
45 386
15 364
13 659
46 96
36 630
28 896
42 999
20 257
11 186
19 862
3 441
47 77
43 78
10 216
32 323
5 642
41 381
18 880
14 346
49 638
29 763
36 122
10 670
1 251
14 415
34 361
36 439
1 527
22 973
19 916
16 673
30 361
39 35
6 859
25 62
30 910
40 796
43 564
44 534
11 687
22 660
6 520
10 682
14 668
47 216
26 667
7 791
29 913
12 875
19 610
17 572
34 689
49 298
15 81
50 710
17 788
25 409
1 749
24 758
20 583
9 181
2 739
9 40
31 628
42 388
50 482
21 296
21 222
24 192
19 270
16 330
32 904
