200
16 668
39 295
31 527
15 258
11 700
15 124
25 267
29 450
38 279
11 348
25 188
50 469
45 682
8 401
24 455
41 633
12 229
35 416
42 625
41 22
37 670
11 53
34 330
20 694
7 120
2 962
36 715
20 209
45 276
25 40
28 457
37 880
6 411
47 839
46 825
8 580
19 978
8 526
5 306
2 223
39 32
47 96
17 995
49 625
36 119
22 960
33 103
6 43
37 805
32 381
5 144
39 662
49 279
17 888
36 966
46 957
2 89
31 477
46 745
50 422
21 750
47 138
43 383
37 138
36 861
48 909
11 618
2 829
27 306
47 94
28 200
1 796
21 260
2 613
6 578
15 479
6 664
38 810
34 297
48 944
17 865
39 250
34 389
1 354
31 752
13 899
40 701
9 394
20 652
47 868
9 600
33 32
23 33
24 203
31 610
29 524
6 343
11 119
6 566
32 153
43 872
14 468
17 527
28 19
17 740
47 62
13 597
25 609
37 168
6 222
16 483
43 871
3 592
33 293
13 188
50 217
27 194
3 686
20 263
29 340
6 426
21 565
20 779
21 915
43 355
2 317
15 446
28 208
26 142
43 166
8 129
5 757
10 739
14 329
12 493
6 608
8 122
11 136
24 325
5 627
1 697
18 778
9 283
15 654
26 988
26 815
32 192
12 202
4 781
33 249
28 413
48 469
50 822
15 640
13 357
19 92
46 375
49 952
20 32
15 737
36 325
17 157
35 816
7 96
33 798
46 541
38 200
39 464
48 263
10 508
41 508
37 509
9 794
43 529
8 97
28 852
19 881
30 931
20 771
40 494
49 466
38 638
42 112
19 362
15 884
16 739
19 178
2 308
28 902
39 976
22 620
26 859
3 929
26 280
40 956
37 215
50 813
37 14
6 994
41 965
