200
22 839
34 90
13 176
26 270
31 141
28 990
35 281
43 481
13 74
30 191
11 588
17 838
39 671
14 423
4 1
10 939
21 567
15 66
20 727
25 8
34 729
36 300
6 249
33 809
46 357
37 770
24 689
40 207
28 825
16 861
29 133
48 585
5 57
30 45
38 153
46 343
5 589
26 323
25 528
43 984
14 741
49 813
39 547
3 135
19 993
39 191
48 281
10 628
22 158
40 457
19 630
26 75
1 508
32 863
36 455
12 906
11 895
2 37
26 58
38 519
16 238
19 96
4 658
18 724
11 731
29 639
18 434
38 178
14 343
7 138
17 865
6 683
47 323
27 740
32 139
50 481
5 433
19 809
6 245
4 188
25 633
14 788
36 532
44 491
19 736
14 627
11 70
35 717
50 596
2 252
3 118
48 359
15 201
5 91
14 827
23 95
39 956
40 661
25 757
36 742
11 398
42 383
21 838
17 839
39 80
43 531
17 238
43 567
38 841
31 237
17 548
49 249
3 595
29 58
4 858
28 469
42 751
48 698
7 980
23 450
19 666
16 584
5 122
22 317
31 529
30 432
45 553
37 306
38 590
4 738
42 699
44 838
3 910
48 923
20 138
10 626
8 266
43 393
35 751
6 621
5 832
30 529
15 960
39 623
43 323
3 786
23 163
21 881
1 731
4 336
22 54
32 627
35 974
18 845
18 362
46 548
20 132
6 48
20 230
17 747
15 135
47 84
7 869
6 830
20 822
37 998
37 553
3 98
14 774
9 814
5 905
38 273
50 82
8 156
17 920
16 136
25 578
43 454
38 108
29 355
39 400
41 28
36 876
44 502
10 667
46 406
11 603
26 380
11 190
21 495
30 747
30 42
41 464
47 574
28 652
23 945
50 144
25 65
29 774
41 516
