200
1 445
17 845
15 355
45 165
10 869
48 908
35 361
27 101
33 236
47 52
19 166
16 112
10 268
24 448
8 315
26 525
5 282
16 721
26 388
6 200
27 272
48 945
35 52
17 410
26 518
28 610
24 554
37 647
14 737
32 994
42 273
48 288
45 598
4 691
39 531
44 261
14 341
1 134
34 492
6 149
12 442
28 308
5 528
30 895
28 746
19 379
37 696
49 330
36 185
22 471
29 878
28 496
41 396
33 129
2 933
37 632
6 640
36 537
37 969
39 903
50 644
31 307
44 47
18 441
15 687
23 996
30 140
4 664
26 64
23 101
29 868
9 225
48 602
11 413
17 134
23 1000
32 497
18 93
17 275
42 737
8 808
14 576
7 985
36 459
43 188
14 598
45 707
39 746
14 301
37 191
35 250
17 57
43 900
4 773
26 163
33 741
36 599
3 929
39 926
23 371
8 264
13 651
36 288
49 306
13 453
5 425
26 60
36 316
29 234
7 266
11 837
31 978
21 8
47 284
46 303
12 210
27 977
28 917
28 95
43 848
36 900
5 224
4 452
43 525
24 618
50 164
18 956
9 70
28 481
35 751
50 346
30 848
11 486
10 251
5 459
47 139
14 482
43 358
13 690
4 545
17 604
15 718
8 474
27 495
32 904
4 517
17 641
5 622
2 919
25 800
20 690
27 316
10 113
28 475
3 305
1 566
16 631
29 881
4 676
2 526
47 850
20 785
5 344
37 828
47 576
30 781
44 495
24 751
10 915
37 137
40 398
21 819
35 428
30 174
24 385
26 220
41 481
46 206
49 11
39 20
36 972
7 709
16 956
5 410
23 768
50 450
35 880
47 107
31 657
41 608
2 944
36 982
30 105
49 761
26 320
18 453
5 467
40 955
49 41
29 961
