300
38 547
45 739
67 474
30 630
72 608
50 176
51 419
23 930
1 975
67 708
20 4
40 919
4 67
43 627
11 259
63 782
45 337
72 346
18 798
66 456
1 560
1 980
9 320
14 617
33 21
70 617
57 904
70 733
5 231
42 402
34 117
70 83
36 605
58 17
2 392
26 720
23 315
15 385
65 606
19 741
63 711
1 59
30 511
56 723
29 576
61 663
50 809
10 556
26 617
39 5
57 450
11 231
46 31
3 973
42 341
34 162
74 297
13 723
73 792
47 191
34 188
68 676
4 950
50 736
62 680
46 120
28 738
17 616
40 49
14 546
56 84
37 595
23 843
72 701
43 222
53 994
71 870
4 132
48 315
52 634
49 64
65 29
50 181
42 666
44 416
9 813
18 694
24 93
53 19
37 377
68 149
50 370
9 961
41 797
42 719
44 775
69 376
16 981
64 837
26 927
18 486
17 840
45 641
73 272
29 255
7 817
41 440
5 898
2 251
56 635
73 790
34 123
72 256
17 626
9 554
66 241
6 102
9 588
14 965
20 276
67 341
62 875
63 80
62 265
33 42
1 315
28 376
8 192
58 935
20 717
8 360
56 994
18 234
42 248
43 374
41 148
38 935
7 966
4 567
10 10
63 544
56 342
8 980
45 434
59 417
41 299
49 412
5 905
75 732
74 426
48 291
41 112
71 452
45 452
53 219
49 355
43 134
40 731
39 968
51 93
59 399
53 952
71 1
36 265
65 341
4 625
20 97
12 379
39 972
6 686
37 872
37 502
66 408
28 852
38 631
7 53
49 783
60 280
20 451
19 802
68 801
62 111
61 899
45 722
37 943
38 297
63 471
12 682
64 75
43 303
16 515
45 188
40 515
43 901
1 743
16 169
10 330
25 887
73 951
46 716
2 928
25 977
72 183
10 785
24 885
6 672
15 91
64 151
57 262
61 737
63 906
7 387
47 764
55 150
73 734
35 33
22 488
19 655
6 278
65 645
73 231
3 453
50 712
75 846
16 310
69 413
45 141
31 773
37 500
29 8
11 460
35 633
46 893
66 975
54 620
53 596
71 517
58 973
11 348
2 621
57 122
25 350
49 520
53 977
8 162
71 899
65 929
1 384
75 172
34 307
6 260
55 723
36 342
28 912
59 520
19 455
28 297
7 628
14 287
66 477
49 342
61 539
71 20
62 728
62 702
10 102
17 317
58 181
13 284
17 287
41 544
15 133
55 384
10 154
73 542
48 112
2 664
43 807
18 320
24 709
18 766
27 995
41 905
51 346
19 529
68 244
28 44
70 425
27 362
73 45
65 233
16 515
40 802
33 729
64 569
3 653
32 464
6 802
13 711
65 596
