300
41 975
53 306
17 790
66 519
75 804
42 53
60 104
3 954
28 464
60 272
1 228
67 193
23 327
5 23
56 325
37 532
65 108
12 473
58 896
18 258
17 348
20 264
14 731
74 125
15 689
5 36
6 19
29 355
67 828
73 753
59 759
8 902
7 840
34 662
13 105
45 778
1 459
37 705
51 281
42 411
44 360
32 282
55 293
7 661
38 180
12 514
58 373
40 404
17 785
35 688
48 19
61 725
18 455
10 425
6 590
33 389
8 111
51 517
33 444
57 15
65 702
32 419
35 586
58 777
23 670
68 441
29 979
44 963
3 802
32 413
28 188
8 295
1 362
43 854
70 250
45 361
2 328
25 709
3 745
35 863
14 826
21 691
67 2
53 885
33 669
67 763
47 891
71 734
37 683
47 280
37 872
37 234
59 259
40 216
1 506
45 474
58 600
74 697
53 848
49 243
28 730
6 578
18 981
8 660
55 861
57 916
56 298
53 791
55 712
43 551
65 347
67 34
55 798
29 68
59 836
57 756
2 409
2 934
51 203
36 715
62 627
32 799
27 547
32 362
29 382
66 251
36 470
59 385
35 709
14 273
71 831
66 261
32 669
73 165
72 683
38 51
73 565
45 699
28 853
63 68
21 16
4 127
14 362
15 644
51 145
20 394
29 426
23 950
5 422
75 971
4 249
61 102
32 692
63 558
60 970
68 321
4 982
31 29
36 508
29 696
30 780
65 864
21 903
17 830
46 804
36 140
8 867
13 72
49 933
52 614
57 232
2 801
53 179
15 722
24 438
60 432
40 470
63 759
14 846
42 807
69 744
42 470
4 378
24 82
1 255
30 703
54 655
32 759
43 626
5 612
19 578
42 795
17 455
34 661
65 220
20 645
36 2
22 282
59 68
25 235
72 388
69 250
51 524
35 236
62 953
74 19
5 32
51 748
4 259
53 496
49 872
40 236
17 864
15 240
37 731
12 947
45 879
28 704
68 598
4 271
30 507
51 355
70 299
34 698
64 442
21 643
52 78
70 264
64 733
65 566
56 839
50 774
34 939
5 318
48 30
33 73
48 450
63 785
16 56
12 709
66 384
28 737
26 516
39 602
75 31
26 656
54 145
21 881
44 876
40 888
27 287
71 37
16 479
30 673
16 650
27 666
10 105
39 245
9 817
58 596
61 186
8 804
41 868
8 643
35 2
60 815
22 865
72 61
70 493
73 231
51 287
15 278
19 858
53 644
65 998
28 84
60 968
69 172
12 487
75 338
49 694
44 257
38 869
25 554
6 513
63 439
30 914
13 482
28 808
2 740
49 791
29 726
42 216
34 187
24 930
63 336
5 500
26 53
29 473
69 362
