300
17 697
63 234
47 103
67 524
56 918
13 401
27 384
71 922
15 456
1 975
48 125
29 602
2 385
24 929
60 383
34 10
10 631
62 222
26 915
73 732
60 516
39 864
49 433
3 891
69 302
14 333
36 246
71 311
45 48
7 439
33 936
58 218
37 440
69 847
34 284
28 743
46 95
33 137
1 366
7 479
53 174
73 383
4 923
16 199
60 802
69 356
74 753
72 61
57 962
30 360
13 554
4 491
22 888
44 2
67 780
68 905
45 906
57 117
19 363
5 362
22 886
14 431
61 447
74 189
22 718
37 176
45 16
26 481
71 934
36 575
74 657
63 863
31 555
39 980
26 924
50 260
49 261
28 551
18 575
15 411
15 727
35 218
21 756
67 985
26 233
73 443
51 866
30 851
66 709
31 29
68 764
35 730
69 98
73 862
30 257
37 256
17 369
53 629
53 808
62 739
21 416
68 554
21 296
56 993
19 679
21 34
75 723
33 171
47 344
2 94
55 17
75 24
51 273
44 720
52 712
21 58
44 914
18 635
46 661
20 234
6 9
71 143
7 648
49 978
28 788
52 199
74 948
44 774
63 742
14 556
1 225
46 408
53 501
55 732
7 180
15 701
60 210
57 497
10 550
73 122
66 277
50 496
27 150
71 901
6 447
49 201
8 107
14 78
56 480
48 147
75 31
25 212
28 563
39 546
32 586
69 703
51 785
33 314
11 734
18 265
62 98
68 126
73 137
63 333
52 551
26 159
74 109
53 985
33 845
75 718
8 649
13 463
36 751
49 301
36 584
42 552
39 262
61 767
12 715
60 145
29 433
71 557
6 412
58 614
49 815
54 953
41 20
45 322
34 913
73 51
20 246
19 847
22 157
64 17
46 489
16 241
20 692
2 160
26 747
10 198
49 399
49 935
63 781
33 381
31 312
4 675
33 355
17 275
26 126
66 212
37 284
2 727
9 642
65 560
20 704
6 260
58 705
64 109
36 390
30 938
57 371
36 891
49 575
36 57
23 556
66 400
13 882
75 897
18 870
34 253
27 68
30 990
5 135
64 585
24 443
50 187
44 794
68 250
21 553
2 552
10 166
20 544
44 694
63 810
2 97
56 884
35 982
48 100
17 878
57 671
24 33
4 427
15 774
59 558
64 314
10 175
15 701
54 458
27 305
18 706
19 916
41 157
19 188
46 93
65 276
30 672
54 959
64 992
15 894
70 182
73 920
2 113
22 950
38 172
47 98
16 220
46 976
31 337
59 353
13 35
59 626
19 854
1 751
24 602
33 51
40 759
14 67
45 159
63 852
35 848
16 273
39 714
23 120
49 844
33 132
59 630
31 434
64 308
57 783
30 63
