300
70 461
30 497
32 430
38 329
5 927
49 570
61 907
7 995
20 980
49 105
55 997
51 908
60 942
21 690
23 761
47 990
63 263
17 143
52 919
74 967
5 199
56 412
37 558
10 300
2 461
67 16
24 330
16 208
22 725
1 204
45 729
60 705
26 905
49 135
40 509
33 435
43 17
47 403
37 503
12 962
35 979
3 134
68 434
56 958
13 56
8 431
53 150
2 474
46 748
69 789
4 280
33 196
58 436
27 597
63 339
35 425
18 630
1 287
41 990
26 112
16 496
71 186
26 267
2 406
23 87
70 965
74 613
40 846
29 641
19 339
5 192
25 636
45 19
63 273
4 239
37 61
25 329
33 45
63 363
66 614
3 974
10 176
49 111
28 377
75 273
55 537
21 840
44 850
34 88
64 456
9 725
36 198
41 709
32 436
25 614
14 557
45 737
25 186
15 856
35 65
36 133
67 185
39 882
25 95
13 854
7 553
41 926
27 784
11 903
55 519
59 160
38 686
70 313
72 994
31 148
69 974
50 454
50 96
27 610
63 954
75 853
54 295
45 277
51 508
61 1
5 166
42 115
28 440
39 376
65 98
55 754
21 625
16 137
66 285
7 966
11 181
17 558
15 292
30 698
56 281
41 939
21 563
61 717
14 105
64 922
1 845
14 266
49 25
11 219
18 487
59 209
31 986
18 839
41 821
3 456
66 433
66 864
50 117
38 562
53 600
73 992
36 612
72 15
9 946
10 257
70 966
47 674
14 610
41 41
46 265
56 626
9 112
42 222
20 240
57 604
57 967
27 252
58 422
13 957
42 47
18 711
70 98
36 696
25 870
28 424
68 457
63 193
15 975
47 186
46 117
56 339
38 669
38 880
17 386
55 467
43 223
24 402
30 134
65 16
9 743
70 641
32 718
35 433
68 156
51 867
42 5
11 769
27 651
62 843
26 729
64 485
42 179
45 716
23 678
12 114
42 507
18 441
53 821
17 498
9 478
11 330
22 210
56 390
7 803
37 87
59 637
38 629
40 83
48 896
15 221
29 318
52 427
70 529
9 830
33 91
68 656
34 518
68 412
49 845
46 370
57 541
64 583
72 752
5 417
54 252
59 57
29 102
54 504
44 10
73 329
48 51
49 410
13 335
68 502
32 242
61 502
30 36
29 431
48 14
32 245
69 397
68 149
10 767
17 344
43 578
19 316
52 97
53 755
12 411
5 200
32 101
56 92
63 798
71 384
26 685
46 856
8 161
6 569
41 336
33 7
39 827
59 217
73 966
10 768
9 563
29 179
53 466
24 536
10 509
57 192
73 19
54 572
42 19
67 401
32 468
20 469
75 983
75 838
60 337
47 901
