300
10 895
37 389
66 915
68 69
63 740
34 958
18 963
35 392
66 314
15 586
7 666
30 507
50 655
23 745
52 247
37 155
33 20
32 580
61 583
12 309
19 525
63 974
57 445
5 238
58 151
38 458
48 882
7 689
68 592
20 665
56 316
39 504
32 50
5 997
65 733
33 133
34 862
72 496
26 809
2 366
28 491
3 791
38 854
74 939
44 321
46 549
46 455
44 218
32 218
73 664
27 431
31 243
49 879
73 608
75 620
34 746
23 495
73 104
74 159
32 564
38 744
62 84
9 522
66 251
68 83
11 851
25 402
60 94
2 57
63 441
43 261
9 153
16 854
38 929
65 411
38 17
18 435
21 27
6 487
18 368
1 981
11 629
12 81
48 527
20 244
59 265
32 182
13 421
38 659
65 483
59 878
69 672
32 389
14 156
44 949
43 166
59 153
11 928
73 354
19 119
62 646
58 580
54 333
16 257
1 646
37 678
36 460
67 62
35 774
72 989
69 737
5 483
42 746
9 746
25 520
8 22
66 697
9 209
27 907
75 514
45 366
46 922
25 587
25 524
68 587
70 143
19 244
15 518
2 28
53 844
63 843
23 253
67 25
34 413
59 919
60 978
59 974
2 639
11 753
54 522
49 798
45 643
33 788
54 620
59 857
34 59
40 650
55 464
63 995
68 381
11 67
37 527
33 449
11 200
7 780
53 613
13 430
31 205
66 577
70 988
30 358
23 676
6 786
6 25
52 76
62 88
8 133
56 673
70 732
35 835
59 262
32 466
23 917
54 401
44 404
31 435
18 619
66 632
16 761
48 421
56 278
70 976
70 103
38 960
4 446
5 275
59 550
15 125
42 794
65 853
67 188
32 56
69 880
41 882
62 359
10 440
21 858
6 293
52 838
51 193
24 766
36 14
44 439
62 507
29 553
22 827
67 978
7 134
59 174
22 79
11 799
3 243
37 752
12 434
61 182
16 150
41 162
58 316
28 991
66 472
9 728
26 698
45 539
61 906
51 862
71 731
27 391
66 991
61 204
16 695
45 328
61 114
65 62
3 801
69 268
39 706
38 702
50 275
34 432
65 613
52 146
16 802
22 551
20 875
28 145
11 296
20 445
58 87
34 866
3 324
15 580
20 91
27 831
27 329
24 945
5 50
46 483
29 681
30 98
30 877
60 370
19 707
36 172
61 89
71 87
17 133
21 884
21 419
65 2
3 425
66 553
16 848
62 53
29 253
5 519
66 925
75 249
73 541
66 796
13 270
65 188
70 50
3 797
13 476
34 255
74 532
11 631
26 244
57 4
21 378
14 557
46 494
5 117
60 856
58 508
52 169
15 738
62 391
9 555
75 230
