300
4 784
41 549
74 927
46 736
14 1
63 485
6 490
47 178
74 867
70 274
58 65
52 716
73 627
27 129
29 593
63 999
1 885
68 147
58 592
71 328
34 191
11 152
1 688
25 74
27 855
55 960
55 613
30 94
18 186
43 49
8 368
69 786
25 667
70 52
23 46
74 705
33 946
10 504
43 967
51 317
50 118
31 799
66 651
67 731
31 98
31 713
26 395
48 1000
20 675
75 856
58 205
71 87
12 820
35 741
33 315
59 145
47 707
46 296
9 257
17 668
62 884
26 659
72 938
73 976
3 440
9 404
34 956
33 164
75 50
8 256
20 323
75 366
42 703
55 876
22 493
17 481
67 264
70 787
67 79
31 80
11 1000
37 856
69 241
36 945
59 87
47 479
55 582
2 589
12 169
75 400
32 110
35 800
30 793
33 291
1 195
42 38
15 184
64 995
6 803
34 925
58 999
63 28
7 242
61 789
42 402
44 208
8 358
17 88
19 64
11 819
29 476
60 148
48 881
7 836
72 939
45 632
43 287
16 217
36 630
68 727
45 49
22 306
67 415
44 456
18 840
2 8
50 709
59 10
42 450
1 781
59 499
57 144
30 490
54 652
21 861
20 555
48 314
31 71
43 870
48 926
44 514
62 979
29 65
67 112
52 850
2 908
68 691
25 406
63 44
72 855
52 632
4 530
69 427
24 72
26 550
40 342
35 398
37 635
20 765
75 628
19 503
54 754
13 288
9 975
38 813
74 692
37 457
8 877
37 51
49 846
14 914
28 131
31 87
72 996
1 527
38 670
36 244
9 690
20 523
70 876
59 383
50 935
52 277
51 747
10 630
45 929
61 258
10 718
10 775
34 718
3 328
55 486
28 747
37 808
34 809
31 406
38 159
67 656
1 358
40 284
71 922
37 639
65 652
42 407
63 680
51 733
46 725
34 412
74 203
11 561
58 776
23 451
60 621
71 63
17 656
49 579
6 799
5 180
17 439
59 943
48 858
29 826
53 993
30 121
73 298
16 298
48 592
60 243
36 140
34 152
26 448
74 989
75 447
14 205
35 49
54 586
60 375
16 984
5 736
59 733
23 779
60 631
58 638
37 555
35 670
59 845
51 783
30 463
48 647
21 590
61 36
75 866
31 724
33 115
36 637
41 970
52 502
74 294
8 963
33 926
15 418
61 206
18 659
2 19
64 483
18 353
61 804
66 202
30 896
31 3
45 573
64 704
63 827
40 440
49 563
31 394
31 517
45 430
22 524
41 750
50 585
56 324
30 327
63 588
68 375
12 239
52 535
44 465
68 135
1 349
35 723
23 194
20 216
22 672
42 778
33 345
17 117
47 372
6 299
22 959
