300
36 640
42 561
40 370
22 637
61 387
57 823
6 960
2 746
15 421
12 138
6 92
66 551
66 930
1 363
22 81
12 12
37 643
39 683
21 81
72 995
56 453
18 605
35 579
71 66
46 630
63 207
63 77
73 411
11 494
9 890
1 958
40 755
39 295
26 703
54 564
12 460
43 778
7 694
44 584
48 765
21 722
46 529
4 626
10 734
34 173
48 336
42 205
6 842
31 951
59 382
33 772
72 164
50 361
47 69
24 64
75 365
12 178
73 658
6 264
3 705
21 58
58 407
13 985
54 302
1 803
3 2
42 320
40 774
21 138
56 697
62 374
19 967
18 431
54 15
53 281
27 747
16 564
69 675
67 66
20 4
28 249
32 671
8 900
10 136
12 718
27 605
15 170
29 952
49 120
37 238
70 515
44 428
57 633
38 544
62 175
34 34
23 916
24 766
23 349
30 689
10 483
65 1
27 523
42 916
25 683
33 547
31 827
4 514
55 964
7 904
36 591
50 496
6 543
39 195
47 53
47 889
8 994
23 861
23 725
57 406
52 350
41 811
27 164
59 447
63 886
25 520
49 567
44 432
47 8
71 870
34 516
25 195
27 532
6 51
43 933
60 234
5 983
68 370
27 439
67 194
33 970
48 665
5 867
38 583
24 412
10 964
49 935
37 573
30 563
15 823
43 492
75 50
2 182
40 712
63 808
48 672
2 730
51 2
18 405
26 130
61 904
12 397
62 349
18 151
29 538
41 131
20 852
22 554
54 178
12 969
55 851
1 568
59 755
14 12
2 192
30 286
1 480
11 599
32 356
26 918
39 670
55 900
73 979
19 482
51 466
21 972
36 346
33 562
68 706
35 388
64 699
11 511
21 978
38 849
7 991
34 214
71 683
25 839
49 388
36 518
71 462
55 716
8 450
50 372
54 776
33 452
25 737
52 312
47 491
31 960
54 502
28 178
5 799
58 347
75 578
51 235
27 711
11 567
11 800
36 380
54 45
32 509
53 721
63 692
20 527
53 282
16 852
53 266
22 672
6 278
1 984
60 709
14 25
58 818
47 183
68 216
9 288
16 681
34 89
51 808
15 401
40 178
75 80
71 711
30 969
62 720
6 817
44 390
5 611
74 409
68 395
20 421
4 982
63 99
22 608
21 360
5 300
62 863
48 863
36 144
8 266
55 748
69 225
63 438
22 518
41 924
20 227
61 934
40 694
71 795
8 634
29 20
33 120
71 68
36 302
52 538
72 816
52 9
17 825
18 858
27 975
11 912
62 977
25 230
62 130
47 605
47 198
67 327
17 454
42 74
41 444
40 927
64 166
5 758
71 834
9 781
28 223
67 565
18 538
10 748
