300
62 639
60 210
20 345
9 440
20 143
39 472
5 398
61 577
43 996
44 66
34 996
67 241
29 306
66 259
13 476
58 659
19 136
40 882
32 731
35 985
46 562
36 667
53 903
34 770
29 884
52 541
70 836
8 799
52 536
64 587
5 469
28 790
70 168
50 799
5 326
72 742
53 478
48 704
16 122
57 845
49 148
30 518
13 381
75 673
74 956
61 497
63 131
45 491
65 533
6 935
61 439
41 735
67 585
54 635
16 677
71 305
47 505
5 162
9 743
45 966
35 130
26 405
38 361
63 460
66 707
18 894
29 993
30 596
19 740
61 958
54 186
66 782
48 67
53 754
62 848
60 619
21 290
68 466
56 198
3 63
23 585
20 289
39 227
48 929
8 146
42 977
57 973
29 665
44 231
51 104
19 320
40 404
27 439
45 58
14 633
3 766
47 984
71 125
32 825
61 447
63 702
1 224
12 826
4 21
1 968
8 210
68 453
11 581
8 222
46 998
65 774
2 744
47 464
73 215
64 236
14 160
15 627
41 399
50 305
5 43
39 885
23 43
15 886
73 982
32 93
51 178
40 58
10 627
39 639
3 796
13 739
56 597
65 252
13 108
20 349
66 323
39 158
50 580
43 600
27 20
8 426
57 866
52 328
59 849
42 478
9 772
68 675
43 622
20 939
48 944
21 480
11 465
47 48
34 608
58 877
60 280
58 682
65 997
2 731
22 221
44 275
50 861
30 91
25 289
41 507
22 232
71 556
73 972
59 968
46 82
49 50
42 275
18 54
73 491
59 645
72 551
49 442
29 139
23 389
66 574
63 239
10 36
19 281
55 766
12 333
62 292
9 383
71 348
53 850
60 908
61 953
39 81
3 281
29 92
38 564
20 218
73 562
64 225
55 973
57 768
42 81
50 587
24 301
61 170
59 78
23 748
45 706
5 541
18 52
72 853
61 536
65 254
58 413
72 321
43 162
6 560
47 39
25 311
15 786
68 739
22 177
35 467
72 943
7 969
28 342
44 464
19 773
36 943
26 245
69 93
30 948
49 112
72 267
3 904
43 556
39 516
30 388
59 247
60 222
47 45
39 995
43 959
26 188
1 192
42 639
39 442
19 563
27 224
48 116
32 839
25 406
23 884
41 563
35 198
72 817
72 385
29 775
2 319
55 231
59 534
4 136
28 105
15 661
55 261
53 916
52 124
17 299
38 700
43 588
41 605
8 221
28 640
44 216
15 804
53 409
57 602
37 33
23 264
63 223
10 64
51 791
66 128
67 345
63 307
71 941
63 696
28 471
58 99
25 530
55 749
64 706
58 398
36 854
34 426
42 27
54 795
38 613
58 616
67 711
23 929
