300
71 850
5 382
56 69
68 70
38 810
68 985
38 326
47 803
31 791
71 283
15 804
71 39
75 152
24 456
72 923
28 866
46 248
47 869
66 588
4 456
73 772
41 748
40 860
43 960
18 950
59 48
57 814
47 647
41 57
29 749
12 324
38 405
29 649
66 561
31 351
60 280
67 154
17 497
49 970
8 473
23 677
49 942
69 599
21 413
59 318
58 581
18 348
4 246
61 517
45 674
71 12
3 648
26 682
30 762
48 682
73 873
60 838
51 252
23 825
10 750
72 96
8 288
73 632
37 752
55 322
33 914
51 233
33 994
72 887
56 110
53 509
21 943
38 871
56 712
2 130
31 601
1 687
46 224
44 13
45 424
45 302
32 128
15 71
5 929
47 442
59 9
15 246
75 823
59 284
30 843
4 605
56 61
49 658
47 886
9 922
10 178
51 697
18 230
40 653
60 981
61 878
47 540
5 966
43 73
9 396
26 393
61 22
3 880
29 391
53 716
57 481
65 577
67 526
11 713
22 640
69 900
22 268
35 636
56 77
68 934
65 97
72 737
7 251
30 755
38 628
6 261
52 370
57 323
51 211
62 113
68 621
46 670
15 709
63 480
50 272
59 711
1 703
5 634
32 536
48 769
43 492
38 752
8 539
13 73
53 308
11 601
30 897
11 362
74 927
21 137
52 188
21 45
32 240
22 240
53 46
12 301
55 192
27 868
70 643
71 58
58 52
66 991
70 441
67 525
4 644
24 486
25 33
5 463
61 352
7 819
24 478
66 352
61 586
49 559
73 839
60 92
27 173
38 319
31 542
51 1
14 168
30 703
5 147
69 677
11 557
73 29
18 822
21 477
65 675
48 742
17 906
6 163
25 385
68 21
16 878
42 3
48 928
50 421
38 553
44 392
54 42
72 963
74 321
25 800
44 731
34 369
30 160
71 986
60 560
14 43
21 19
7 38
36 305
28 613
26 258
75 821
22 224
67 457
48 640
39 746
2 728
21 678
7 470
50 187
29 698
46 417
8 554
56 152
31 586
19 309
51 231
37 750
42 726
29 832
53 358
74 631
31 659
50 423
24 501
11 483
53 521
13 354
23 939
42 456
5 255
29 954
47 109
63 142
22 894
54 398
23 100
69 166
14 386
57 332
48 458
55 791
31 347
35 149
33 84
68 45
19 182
63 820
39 863
19 902
38 239
20 833
26 25
52 248
46 164
3 102
17 184
52 55
23 602
30 106
62 212
52 443
40 564
44 544
29 313
3 342
23 868
56 162
57 743
35 709
38 555
57 958
26 144
27 195
47 955
64 304
64 224
21 610
69 477
45 904
50 26
73 121
31 822
30 290
2 602
36 866
