300
12 713
22 54
50 782
30 389
9 299
19 621
15 538
18 663
53 982
40 820
33 314
17 371
57 750
37 926
4 30
47 858
8 510
40 497
1 357
24 552
38 783
44 147
67 137
34 80
37 653
25 152
37 232
53 426
38 794
44 848
67 102
9 285
73 463
31 332
57 958
15 846
14 926
66 389
63 109
28 825
58 896
17 550
31 636
64 950
15 278
68 396
30 575
30 894
20 647
36 936
29 630
6 158
21 942
9 66
66 834
46 954
5 51
67 18
60 736
55 686
42 282
39 530
29 609
17 105
44 162
74 218
65 478
69 370
12 421
33 649
9 961
9 388
62 962
9 670
52 466
72 631
28 573
41 517
19 859
47 401
68 841
17 210
25 481
69 900
59 200
21 366
70 734
65 684
43 95
18 593
57 55
38 405
22 269
34 914
63 189
65 383
11 337
58 582
30 995
68 932
5 217
34 939
40 361
9 515
23 852
66 259
58 504
54 843
23 544
45 656
59 821
61 853
10 812
70 854
12 91
63 487
39 932
43 609
44 981
15 868
15 822
30 813
31 602
2 854
32 43
43 103
24 234
27 762
41 838
66 435
66 594
34 566
71 611
46 653
40 788
10 539
45 807
54 384
20 188
12 211
40 745
35 990
73 192
48 194
9 325
12 813
5 619
15 533
63 403
52 308
19 9
5 785
50 587
35 224
32 41
44 393
52 488
60 669
36 874
19 822
64 866
55 971
61 156
36 87
37 156
1 971
44 938
74 1000
20 178
13 726
36 138
57 443
37 244
57 252
23 368
58 568
46 780
42 75
69 461
39 919
4 555
30 103
25 167
31 130
49 293
8 460
18 591
50 206
69 640
45 895
22 526
29 395
23 273
65 760
63 152
53 604
16 904
18 46
59 736
24 333
58 632
19 442
66 330
38 210
23 179
7 75
14 898
19 195
30 555
50 869
40 799
4 198
52 740
60 209
15 660
19 3
34 557
46 981
1 712
62 915
15 372
54 53
17 677
54 807
65 794
2 992
12 298
50 651
68 432
24 889
42 757
73 27
36 136
27 522
67 912
25 322
34 519
1 684
27 175
18 491
71 636
34 377
15 230
36 713
27 959
59 456
40 818
20 372
26 305
10 20
73 20
26 551
40 916
23 492
15 532
74 370
14 406
30 205
24 191
58 578
49 894
71 752
1 290
42 790
12 530
42 905
37 564
42 89
27 678
70 476
64 380
12 785
37 236
21 370
47 45
47 990
12 555
69 88
68 548
75 468
45 889
19 233
36 754
20 294
61 291
59 789
24 710
33 861
21 7
1 262
41 223
58 92
62 362
37 520
16 639
58 439
61 51
46 29
27 110
22 833
