400
3 340
41 747
81 234
11 388
32 295
28 606
19 903
43 792
84 738
88 936
40 37
64 818
73 826
69 340
15 449
56 504
17 660
78 693
93 825
8 805
41 217
38 900
45 751
94 650
10 195
18 453
17 680
56 964
39 744
4 987
71 497
47 871
3 397
65 460
74 78
77 571
32 987
64 533
73 568
81 932
27 794
98 269
61 487
44 967
91 702
26 354
47 339
33 288
77 875
83 407
33 405
42 697
40 581
100 81
48 990
99 281
2 582
9 797
87 344
67 676
29 629
69 179
20 529
66 73
68 282
30 563
15 888
52 800
16 967
14 766
54 11
31 401
34 84
56 526
99 847
61 108
73 911
94 42
17 870
78 181
52 773
61 666
92 789
8 828
7 859
82 954
99 958
24 340
37 345
67 5
6 157
88 917
35 733
88 212
25 403
94 509
81 298
63 296
7 447
97 697
30 981
80 525
29 486
27 793
92 360
44 554
98 748
10 955
60 955
15 890
96 387
70 479
54 768
16 413
56 874
28 990
70 128
94 613
81 99
98 117
66 223
60 610
78 271
57 40
92 784
19 454
91 774
82 860
76 107
18 112
26 454
21 799
35 245
52 586
59 881
51 510
97 418
57 268
37 775
10 28
8 896
94 700
25 459
65 392
19 46
47 722
35 810
11 271
46 707
57 27
7 935
50 450
49 680
44 242
70 439
61 308
92 315
88 2
36 621
88 969
16 704
58 999
88 412
66 820
69 54
99 859
47 906
38 519
98 274
30 364
47 699
88 243
99 804
6 399
43 495
49 454
25 722
88 471
72 36
72 392
1 206
95 417
70 315
79 38
89 56
55 601
54 780
64 996
96 410
49 601
56 48
43 879
65 379
77 648
61 155
79 24
25 453
44 291
61 878
12 960
50 751
42 724
20 638
71 408
53 902
43 907
38 695
67 542
16 181
97 32
30 554
37 478
15 267
83 793
62 937
91 507
59 136
73 974
100 246
78 94
48 858
8 156
87 480
42 779
39 208
79 905
65 461
29 194
77 533
41 960
9 884
86 508
97 174
46 863
94 618
10 364
21 796
9 70
18 646
1 896
41 350
42 548
27 374
93 700
14 545
51 77
55 796
58 81
77 731
40 573
45 226
78 397
76 709
46 479
83 639
60 798
15 491
40 772
12 258
26 801
30 47
57 929
9 785
68 798
40 447
56 599
53 840
95 733
68 287
100 677
24 402
98 588
1 128
51 725
94 500
21 834
12 695
1 226
19 800
80 771
88 17
12 761
59 330
26 786
28 598
30 536
22 682
50 480
7 387
75 354
76 385
27 848
96 184
49 826
43 740
87 494
39 327
63 775
46 440
14 433
1 407
88 269
34 97
45 113
19 627
12 868
13 287
47 427
1 446
27 773
56 744
1 116
31 388
70 244
78 379
90 559
41 951
56 128
8 982
11 53
56 851
22 712
97 804
47 439
45 3
29 625
5 339
87 961
5 710
19 977
41 336
30 549
31 232
87 396
59 220
10 957
53 868
14 641
92 118
28 312
18 487
70 107
29 748
53 300
44 554
7 692
18 729
51 414
87 456
85 84
15 136
16 691
81 993
81 879
83 567
55 479
11 711
61 360
39 807
12 505
55 414
73 78
20 169
68 223
58 985
9 794
9 933
22 343
44 358
91 978
97 411
96 141
75 879
87 165
36 219
88 681
13 455
31 292
35 781
1 673
99 599
35 573
8 677
19 1000
49 383
23 826
40 720
9 952
11 502
11 858
13 691
96 126
59 762
76 905
60 730
38 537
24 277
93 28
68 220
57 339
