400
60 466
34 581
47 995
78 127
15 265
29 228
17 946
12 287
40 641
50 643
8 324
46 659
70 167
58 148
24 309
77 584
14 909
49 974
9 268
63 983
34 859
58 36
34 998
59 160
2 796
65 284
53 514
42 191
54 654
22 851
74 130
60 94
94 249
76 52
4 333
60 75
29 885
83 531
58 916
33 748
60 607
35 193
23 58
25 284
54 317
54 333
74 655
41 65
77 504
17 342
95 319
2 113
45 533
1 306
71 728
73 326
77 805
35 816
47 427
44 312
31 565
19 954
37 573
30 331
70 567
76 100
62 119
60 383
52 570
8 203
77 144
99 132
69 851
24 127
37 108
21 151
73 299
76 570
70 361
8 573
49 388
19 899
41 859
17 978
82 574
83 924
39 558
15 531
76 457
28 546
1 362
96 529
23 427
90 667
65 819
80 925
51 576
35 619
2 145
76 700
86 371
63 617
18 808
72 347
20 740
39 78
42 735
80 697
25 863
94 425
56 971
60 821
90 464
5 10
41 703
78 693
74 101
17 44
79 346
73 869
35 186
12 780
69 197
96 747
93 470
72 998
20 750
85 15
92 569
83 630
56 115
67 454
37 336
52 342
23 312
90 318
3 536
74 740
24 301
82 712
36 806
8 629
42 355
67 988
21 224
92 798
22 136
99 198
51 612
82 660
88 15
28 748
35 111
6 744
57 265
72 348
15 121
53 703
88 523
99 919
71 783
85 329
16 263
80 30
3 900
72 840
2 522
31 396
51 693
91 346
36 26
98 487
12 86
92 308
63 636
13 521
8 815
87 919
25 235
39 23
45 337
42 571
2 318
55 596
66 937
76 681
76 825
99 666
30 636
23 546
23 85
16 354
89 683
83 619
89 516
28 793
4 14
46 670
38 293
73 54
98 287
67 15
91 580
30 7
31 493
46 546
55 257
33 877
83 103
26 696
20 702
89 359
28 1
70 689
31 650
42 609
77 734
98 252
50 873
87 953
78 101
62 679
67 544
6 17
100 329
5 653
86 964
50 197
24 30
80 617
67 171
94 81
84 626
25 309
35 371
89 863
36 460
38 395
56 193
39 981
98 158
30 821
74 123
37 508
14 802
56 341
12 612
69 449
27 647
12 267
40 843
74 339
72 798
43 28
87 192
51 616
81 638
93 202
19 90
54 798
90 580
67 591
74 507
73 518
35 386
20 744
10 823
54 35
64 637
34 878
41 164
68 291
83 59
36 897
97 506
13 444
61 344
9 5
61 541
90 888
74 234
29 779
99 829
71 607
67 588
64 630
53 828
6 194
85 557
6 50
23 738
31 386
15 578
69 695
91 462
74 230
48 688
39 895
99 996
98 54
50 93
97 935
24 583
90 643
79 405
19 353
53 718
37 913
21 291
26 553
53 423
76 410
96 673
34 57
75 339
51 661
94 629
78 313
52 945
95 44
93 826
25 920
72 961
50 85
27 433
31 547
5 985
94 307
51 826
50 238
27 873
5 107
94 832
33 704
94 280
71 135
70 54
79 759
48 841
4 81
3 173
23 334
22 750
29 512
19 610
87 468
30 159
11 685
45 453
14 880
63 212
63 75
70 136
94 386
56 641
33 625
58 356
92 47
62 527
63 239
29 66
29 341
29 340
98 574
53 14
43 57
5 607
94 906
93 229
27 270
50 386
80 12
93 501
26 93
15 212
41 431
97 950
44 813
58 167
28 963
41 350
6 708
55 521
62 375
82 921
73 215
34 683
81 968
64 156
9 814
67 395
80 766
9 646
61 391
86 860
85 705
85 740
90 490
62 723
75 958
