400
86 906
10 258
87 590
54 427
63 660
67 482
7 482
56 756
94 159
42 807
81 296
8 329
12 989
4 264
100 502
11 184
21 866
31 677
93 516
2 919
33 515
94 112
9 377
3 422
9 626
16 133
97 500
86 197
54 77
24 153
45 203
28 502
100 127
60 399
7 459
45 901
89 142
8 780
78 806
6 651
45 578
92 493
45 49
28 213
81 632
100 795
49 369
27 679
74 537
89 250
34 964
47 797
40 473
23 632
21 695
83 850
68 951
16 614
53 373
85 489
64 620
14 757
45 897
27 690
73 776
32 226
19 965
36 399
80 944
61 805
87 98
99 209
44 113
36 167
20 747
38 577
84 568
24 505
96 571
17 620
52 388
9 862
70 650
50 9
1 393
25 208
90 943
33 547
59 958
29 663
33 275
80 899
46 48
51 115
78 441
96 378
1 233
98 46
91 140
4 600
21 633
58 546
74 465
52 950
21 646
1 171
2 578
22 590
79 140
46 954
12 521
35 126
57 495
54 147
13 268
55 20
84 239
35 892
73 145
68 115
21 650
13 707
94 65
58 910
94 681
96 91
43 381
29 493
92 892
47 82
19 162
91 170
73 494
31 600
79 473
93 174
69 248
82 509
43 306
2 494
91 434
61 644
25 435
60 575
16 225
11 991
13 8
29 699
51 759
43 146
41 869
23 464
73 393
66 244
13 587
67 849
74 869
66 984
43 141
47 283
69 297
14 510
76 232
65 252
51 257
38 407
55 809
62 482
34 189
51 407
97 701
29 388
33 904
75 966
84 314
83 262
70 752
55 336
17 201
90 295
83 857
26 185
16 387
8 873
87 325
96 665
56 4
70 42
48 108
45 982
26 783
39 845
93 386
60 348
41 532
55 426
5 58
9 215
58 242
35 515
6 817
57 823
29 571
67 431
20 749
24 841
9 649
65 837
85 709
56 497
23 906
36 426
56 194
95 382
96 733
21 656
56 211
18 852
56 558
81 773
8 586
1 234
71 486
54 400
20 254
11 394
86 255
49 431
76 268
24 133
23 125
66 915
89 495
6 557
48 27
6 694
16 678
10 790
43 976
93 951
78 418
34 536
49 750
21 490
72 19
85 53
62 798
52 574
30 286
17 201
87 525
42 326
11 647
77 686
24 212
16 457
7 905
48 855
16 38
27 1
54 802
50 749
13 579
12 664
46 460
11 15
48 774
55 377
86 579
30 661
6 894
72 340
64 786
63 383
62 308
32 773
68 572
92 318
49 63
50 52
61 942
7 110
34 375
53 866
84 819
82 87
12 719
31 623
58 490
33 860
72 590
53 16
16 477
32 80
89 65
64 435
5 168
76 957
52 392
33 298
35 81
89 434
27 63
8 90
36 813
40 946
37 74
69 383
12 35
31 458
42 994
93 294
91 427
1 712
33 52
98 357
24 940
97 330
54 836
54 41
56 927
50 3
32 469
56 534
7 673
99 136
54 771
24 315
48 111
53 274
7 505
46 39
25 162
38 276
21 638
38 392
34 574
42 812
91 373
64 669
15 31
91 638
21 990
63 775
47 215
54 494
97 719
98 431
89 996
47 247
36 353
80 886
62 251
97 258
72 176
16 989
83 980
55 768
5 606
85 590
75 55
14 97
52 106
57 278
38 710
84 358
92 984
35 703
17 160
85 346
92 848
100 18
38 391
63 439
99 170
84 748
59 279
20 879
100 922
82 755
96 658
41 129
19 253
42 309
23 434
1 386
49 966
61 531
23 897
100 912
7 172
52 743
62 395
18 849
15 488
28 114
24 3
22 804
40 421
63 766
