400
3 34
44 194
89 920
80 281
56 830
42 670
56 811
77 697
50 839
65 12
27 532
99 355
14 5
72 931
51 18
17 721
81 347
9 128
81 851
72 460
86 505
92 405
16 631
93 256
78 83
27 499
31 960
31 535
8 209
67 902
46 507
27 472
12 808
24 415
37 997
97 464
22 163
17 722
67 496
21 66
54 922
28 733
75 667
16 800
90 420
44 178
38 698
69 563
54 890
48 49
57 194
86 801
10 670
77 737
31 649
32 843
84 249
93 867
61 31
48 724
6 327
29 561
29 817
95 437
23 48
43 80
31 786
14 947
59 361
14 668
52 258
86 294
49 701
64 424
11 351
31 344
100 206
20 519
62 789
69 565
18 130
49 90
62 189
56 945
52 410
46 701
4 984
56 821
44 685
18 657
35 320
66 156
4 850
56 536
70 726
61 602
92 128
49 801
70 882
78 631
100 468
73 782
52 870
92 546
97 58
43 416
71 270
18 243
89 258
98 33
89 143
43 279
45 796
85 829
70 575
53 118
72 710
89 114
100 47
50 12
10 880
90 969
14 138
58 402
21 149
64 657
94 880
90 26
93 685
18 209
3 768
58 773
40 475
75 513
44 167
65 315
71 907
81 295
81 427
57 769
8 320
1 522
12 315
36 64
46 615
18 662
98 307
87 86
6 648
76 934
40 238
15 157
22 579
87 145
68 21
96 245
63 317
32 788
45 172
92 915
95 263
9 708
51 573
37 66
62 814
64 162
27 884
84 642
99 568
83 700
11 149
67 934
6 348
83 890
78 344
88 696
26 582
63 939
42 175
71 132
1 838
54 68
17 941
99 480
72 834
43 216
27 319
11 792
68 905
86 624
16 56
100 974
9 139
35 86
93 221
50 957
8 996
44 321
30 113
76 578
12 854
86 406
57 892
67 437
84 497
95 681
35 92
16 521
12 733
29 386
58 946
59 83
49 509
64 5
99 437
63 423
93 701
60 204
79 497
75 46
93 858
33 745
84 608
29 557
40 54
9 404
61 539
11 251
48 122
60 560
96 188
80 376
58 480
90 203
31 128
92 798
9 793
26 121
100 692
4 795
28 697
60 757
10 401
55 530
12 146
23 814
1 977
40 517
14 696
30 649
3 537
81 581
90 43
60 496
93 894
58 889
98 447
31 766
10 368
92 710
28 634
77 998
77 908
100 356
74 43
28 592
19 62
48 261
94 925
8 206
23 77
73 226
45 662
53 518
56 694
98 708
60 58
88 503
100 205
53 997
91 732
78 884
29 123
17 796
68 398
37 180
77 181
62 242
40 9
83 558
32 844
7 243
21 987
70 972
33 441
34 10
91 784
40 926
95 804
29 363
13 91
80 801
64 728
21 146
28 256
83 657
85 815
89 144
50 923
82 220
2 186
84 777
67 284
50 401
96 7
100 326
96 342
77 337
48 677
90 653
85 839
22 954
63 886
12 110
82 229
92 639
34 449
59 836
81 161
15 693
43 736
70 798
90 656
4 696
81 354
71 891
68 795
17 451
61 121
88 835
22 524
19 624
62 964
94 501
78 579
10 835
21 953
37 698
28 169
92 55
21 614
17 154
35 989
93 122
70 550
32 188
47 757
100 63
79 894
50 519
46 593
50 278
68 779
36 297
50 943
85 923
97 861
3 88
29 129
13 968
88 479
26 693
16 566
66 664
3 457
49 867
83 694
91 234
82 712
67 406
41 47
20 45
35 60
98 12
17 221
82 429
46 474
70 496
85 900
22 20
23 227
27 83
11 431
92 459
7 818
23 65
71 292
4 681
14 364
87 235
