400
89 179
20 414
72 65
72 647
34 62
43 333
22 376
59 950
11 121
75 378
30 935
54 427
73 413
80 189
6 539
49 483
39 321
58 208
95 140
77 375
58 181
84 136
47 91
14 707
30 384
36 968
84 65
22 840
59 870
64 970
3 729
76 746
79 651
38 965
50 685
80 114
56 371
8 352
41 14
42 734
20 860
17 48
45 507
58 263
6 751
47 211
13 113
32 699
51 868
84 183
3 984
53 254
14 227
39 667
25 933
19 505
74 819
45 456
48 651
54 450
8 262
51 791
19 15
99 293
14 49
1 375
38 635
23 938
10 121
70 331
58 617
98 559
92 587
57 890
83 576
33 752
50 79
94 36
23 854
19 118
28 697
62 916
62 67
57 103
64 195
59 547
35 331
24 374
67 109
10 77
13 821
23 603
92 619
39 478
98 310
84 590
18 608
41 791
10 570
98 424
61 547
72 339
46 49
27 886
27 628
84 91
26 44
40 15
37 933
19 937
92 473
54 150
17 54
79 842
70 622
12 65
22 98
76 924
37 889
92 933
41 353
80 859
56 836
57 130
48 763
24 514
87 775
26 592
29 21
49 4
18 674
84 351
64 334
82 245
5 562
34 522
82 807
57 366
62 357
4 116
20 666
23 619
51 40
16 550
31 609
94 298
23 654
51 55
62 648
39 967
1 168
36 240
89 980
25 939
72 865
72 721
50 468
53 629
47 163
78 515
66 920
21 620
14 902
1 255
94 490
36 119
85 444
58 744
63 128
6 846
78 720
28 702
12 981
77 747
61 997
56 560
29 380
25 929
75 263
32 574
7 937
26 58
27 153
25 177
66 789
51 151
89 653
9 769
44 20
2 912
24 734
78 885
81 54
55 215
35 842
24 850
81 718
88 42
44 190
48 253
67 750
42 327
72 952
70 512
41 251
24 315
64 363
86 371
56 727
91 685
99 906
6 748
1 894
86 741
80 884
60 67
36 797
28 316
1 63
36 256
29 877
91 527
52 442
33 919
39 612
17 375
63 897
60 188
40 93
100 723
6 441
7 925
65 420
70 371
28 482
53 104
66 831
41 777
85 531
21 863
81 690
7 337
24 381
11 720
38 51
5 549
30 31
56 357
28 940
1 761
27 546
33 590
74 885
67 510
84 411
51 174
47 515
91 784
22 755
38 227
55 236
64 672
72 385
25 498
72 409
71 231
97 229
97 981
60 856
21 933
70 271
81 710
98 277
81 388
30 733
46 636
55 410
37 426
48 279
22 609
62 406
53 823
38 609
23 995
60 64
82 702
85 986
23 376
51 904
62 141
20 946
30 561
68 935
93 22
8 340
17 336
28 52
12 129
58 990
2 97
28 21
47 497
44 349
18 470
57 620
48 303
16 469
71 393
5 519
6 930
78 641
49 529
96 280
99 266
8 649
54 385
83 301
92 704
55 102
61 219
68 756
91 193
56 93
41 865
80 576
90 201
2 240
24 349
71 255
71 885
16 773
58 599
55 860
69 425
30 23
13 24
1 646
94 367
32 983
9 66
86 688
89 937
55 129
59 307
82 191
36 583
12 438
79 531
10 484
91 773
63 169
70 405
16 947
39 396
86 281
49 111
24 287
96 474
6 153
40 441
20 879
56 177
7 877
66 281
95 847
68 975
60 409
23 159
55 428
36 937
49 359
16 86
46 941
88 657
26 786
38 396
62 991
75 824
81 784
14 945
19 519
15 46
10 318
24 461
20 289
100 191
94 872
52 673
30 336
67 723
84 316
2 307
38 124
61 487
35 860
58 3
47 259
59 723
71 608
27 232
