400
41 122
79 591
24 21
11 620
97 835
27 878
89 542
89 530
35 896
50 451
24 811
81 396
77 365
58 956
99 189
62 957
90 866
8 465
28 397
49 523
30 440
22 901
47 782
3 888
18 161
35 951
13 801
52 53
41 31
65 895
18 62
28 6
32 215
66 885
18 698
66 470
64 883
15 183
7 773
4 64
94 307
55 345
64 794
13 276
20 483
14 354
65 829
80 296
83 318
52 79
77 33
83 607
55 322
4 660
97 224
29 247
93 257
57 797
11 902
27 38
42 237
81 623
6 595
88 243
11 267
76 80
2 472
38 283
9 684
8 499
2 921
86 820
100 660
76 804
10 585
14 289
73 229
62 472
99 210
23 636
54 391
76 84
19 164
89 778
39 626
96 536
57 784
53 206
100 378
34 826
97 335
7 52
80 408
54 879
48 856
91 329
60 61
54 297
79 251
71 440
11 440
70 563
6 149
52 650
20 699
13 95
66 556
52 873
27 373
4 550
95 374
10 612
85 315
1 519
4 26
76 451
97 750
18 526
74 877
14 865
42 434
39 949
47 36
76 34
3 754
7 700
96 484
40 359
56 585
74 669
32 344
95 960
44 676
57 111
31 644
90 468
6 304
99 97
49 48
74 675
49 9
10 191
42 384
46 547
76 131
88 455
19 51
60 380
39 220
35 492
52 477
40 859
39 275
49 6
57 978
2 76
97 214
100 482
26 772
82 809
23 960
81 409
84 852
33 246
74 808
62 225
32 589
86 395
8 800
64 99
56 88
82 750
45 338
33 289
83 595
88 722
33 444
68 447
87 353
86 807
41 770
74 660
18 737
94 606
67 393
94 532
39 779
38 818
85 617
95 561
48 745
28 653
35 120
32 376
6 697
84 239
47 448
40 317
30 384
93 383
35 657
8 569
16 991
24 166
12 299
12 401
28 378
68 206
100 69
4 760
14 951
3 351
1 777
98 115
39 424
15 203
96 703
9 751
46 215
72 42
70 83
52 385
70 190
91 422
68 645
81 713
45 828
84 495
72 416
88 405
100 654
4 784
12 788
76 210
61 243
17 606
51 166
55 480
57 617
21 945
39 807
85 304
94 847
87 481
88 311
20 438
9 424
100 266
33 608
84 120
9 539
91 753
11 427
31 556
62 245
67 340
61 879
42 544
41 253
1 299
14 950
61 343
63 785
75 495
97 930
18 980
98 836
76 1000
23 580
21 829
50 719
55 950
26 927
3 689
24 715
61 32
69 540
29 920
61 656
70 309
81 208
64 926
50 722
22 640
68 69
45 326
11 925
26 518
69 428
26 77
60 300
44 655
43 323
70 35
93 29
31 214
69 644
67 493
7 867
63 919
75 236
68 139
4 677
17 433
89 118
94 274
4 253
83 719
27 171
50 907
64 721
67 212
87 617
91 328
87 755
42 447
54 488
18 840
72 790
45 981
28 753
88 329
7 496
97 696
57 682
39 983
67 506
78 653
3 347
98 142
47 38
56 562
68 434
54 72
40 951
7 658
22 690
3 171
66 302
12 504
17 891
64 604
25 358
11 563
77 316
62 524
97 52
55 158
48 921
42 666
20 171
45 156
75 292
8 553
46 410
13 126
23 9
69 455
44 543
8 145
4 752
14 581
44 589
71 188
51 769
85 43
64 508
83 983
81 630
58 558
6 142
3 348
1 539
39 589
64 929
91 145
88 901
20 14
49 173
18 282
7 786
26 968
49 763
56 638
76 101
67 737
66 276
37 195
69 115
71 476
97 361
43 160
43 450
61 470
58 375
23 228
42 330
61 984
89 343
65 111
