400
38 602
8 244
91 120
58 395
67 413
41 965
6 809
34 56
58 457
43 373
61 777
86 503
84 391
65 644
38 986
7 672
7 362
16 753
90 101
10 791
100 796
50 724
16 863
20 409
92 701
24 624
34 544
17 882
77 866
35 641
5 915
14 749
97 984
24 181
50 45
36 746
16 839
38 613
25 319
37 632
45 999
27 931
48 394
91 519
8 500
48 545
55 512
100 34
29 23
75 902
66 323
6 61
43 983
94 10
97 96
97 801
53 562
50 223
62 130
96 990
94 638
88 106
67 972
24 743
97 493
77 532
27 876
80 221
18 737
63 294
16 540
84 243
68 60
72 493
11 365
2 996
23 252
20 833
21 51
11 739
74 956
12 354
19 364
86 153
57 359
60 261
58 720
16 726
12 468
38 199
66 180
99 277
81 995
31 999
96 742
99 354
54 946
68 315
47 815
40 930
22 947
67 51
86 569
87 246
74 600
98 824
53 918
80 917
90 668
85 413
54 364
61 647
76 569
64 530
2 514
62 223
65 401
61 432
11 465
32 294
62 988
23 819
82 122
98 765
90 501
39 191
88 457
2 754
33 248
5 384
41 482
79 249
22 117
38 445
64 63
91 805
37 384
86 792
87 178
13 240
92 467
82 343
80 538
65 485
65 209
27 273
61 767
100 278
55 547
92 714
20 856
62 423
93 253
48 282
64 291
70 168
81 936
21 985
99 177
45 643
76 854
3 1
18 291
88 971
50 463
81 246
89 335
82 368
39 752
39 851
87 904
59 531
99 567
18 618
63 327
23 741
7 651
3 54
42 476
24 987
89 852
5 102
30 243
30 428
47 436
85 579
79 345
92 375
45 478
38 738
72 478
75 142
78 361
83 418
46 245
16 705
38 195
9 650
39 784
76 196
22 774
81 872
44 5
55 230
86 612
30 927
71 905
10 42
43 572
97 271
24 408
58 31
4 48
58 572
90 214
52 412
49 482
54 240
19 518
94 238
4 668
26 366
36 768
41 824
97 856
90 278
36 505
39 882
60 560
70 151
96 411
93 339
45 415
98 435
5 531
53 729
91 362
8 294
56 856
28 304
24 8
79 461
83 125
36 417
52 747
10 410
40 757
87 653
20 686
7 423
80 817
88 661
13 889
46 127
43 866
11 221
90 240
27 507
33 766
31 936
35 766
8 638
96 297
5 838
22 850
83 14
88 955
20 892
83 371
51 253
24 863
93 219
84 666
6 653
22 752
26 247
3 242
4 158
65 229
100 135
76 909
5 383
66 966
85 528
79 654
54 637
45 957
21 185
28 43
87 418
33 111
84 821
70 88
71 276
2 755
51 558
45 852
82 115
29 281
41 380
43 608
14 543
41 889
57 254
75 608
51 635
44 634
93 905
99 691
75 258
13 239
15 757
1 713
65 751
5 209
31 352
74 268
3 374
30 849
61 384
56 334
91 437
18 152
87 518
65 983
54 267
39 644
72 968
81 381
72 179
21 638
49 468
15 328
16 232
57 440
3 387
44 779
90 415
59 312
3 852
8 69
73 845
21 286
97 810
17 582
43 736
46 108
25 340
58 404
91 521
62 167
14 740
62 727
1 595
47 239
43 104
77 64
9 129
63 847
100 106
90 17
6 568
37 974
93 975
98 230
33 508
53 759
57 422
55 832
8 899
63 196
58 198
55 323
61 153
99 174
82 566
91 451
35 533
41 282
40 237
92 130
18 331
14 681
38 601
12 366
12 261
39 500
99 287
50 631
45 755
28 907
53 242
58 937
23 409
91 274
62 171
8 94
11 457
97 899
8 110
