400
19 122
47 732
97 560
57 418
14 35
7 434
36 426
80 745
73 672
18 923
57 246
90 562
68 12
69 427
59 586
17 640
7 184
76 736
25 72
87 327
60 132
82 806
40 781
59 757
68 763
100 412
13 260
90 922
31 512
13 861
42 523
96 835
72 177
35 982
70 415
84 969
34 241
33 991
59 770
47 971
60 614
77 828
79 767
14 489
89 400
12 55
3 70
27 393
23 977
69 20
73 258
26 517
1 389
52 597
19 632
31 180
14 949
17 141
100 929
60 802
19 745
99 291
63 556
6 424
92 949
24 629
100 172
2 132
5 774
58 180
72 72
70 820
34 130
51 713
75 417
35 945
96 694
73 423
45 839
8 520
29 863
81 765
67 831
41 909
65 470
1 473
96 393
69 991
5 227
86 599
32 134
78 815
56 545
25 683
82 932
3 373
47 386
57 656
10 254
74 187
87 376
28 404
51 844
97 731
72 443
25 933
48 873
2 363
15 379
10 448
70 52
67 252
45 807
91 63
51 113
68 152
48 855
4 412
64 686
10 29
14 463
81 854
94 640
14 118
69 788
7 512
22 129
68 187
95 56
63 678
30 357
73 16
13 871
76 784
87 157
83 765
52 594
79 928
26 283
16 940
55 860
64 346
34 650
97 461
22 548
81 212
60 642
16 25
89 14
7 92
51 84
3 181
33 715
97 522
99 535
19 406
54 382
23 307
80 357
19 478
45 478
56 246
90 170
100 884
45 758
52 725
4 143
69 981
10 306
30 293
7 591
4 679
73 670
76 586
27 342
66 523
82 663
63 905
81 151
8 139
98 322
77 250
11 900
75 10
38 76
98 606
26 950
93 686
23 753
74 433
64 258
72 563
82 936
51 802
81 161
19 643
38 446
97 874
50 744
88 781
22 901
33 869
65 889
57 646
33 16
97 455
52 937
37 77
17 938
26 931
52 708
84 196
86 819
68 623
42 357
37 935
41 898
16 372
82 977
67 691
67 315
21 413
2 33
30 96
27 562
100 50
12 163
96 884
63 250
19 777
2 340
49 375
65 172
71 992
34 990
54 680
64 333
64 681
93 593
91 919
67 473
56 399
61 864
49 622
51 370
4 358
43 569
12 574
64 886
47 507
72 287
74 248
13 594
54 499
39 969
39 758
77 472
90 459
47 273
35 48
58 488
44 422
31 438
22 226
38 841
83 586
76 21
29 359
99 925
97 633
55 620
25 488
73 846
41 994
84 632
56 494
92 582
7 51
7 988
54 430
26 929
13 477
28 752
30 828
82 699
94 239
39 521
37 218
80 755
44 783
19 731
71 544
19 246
82 423
93 618
47 162
59 112
63 184
68 673
11 891
34 351
58 902
53 482
75 740
95 229
36 892
37 596
69 705
72 382
84 92
45 543
83 199
53 955
18 224
25 503
47 875
4 677
66 33
50 734
44 372
10 524
69 449
23 332
20 489
7 846
46 564
60 196
90 605
46 174
89 247
42 965
3 313
14 89
53 387
62 820
11 497
22 30
5 646
94 926
93 787
85 353
14 102
34 375
80 317
27 196
54 82
58 927
58 369
31 11
51 280
65 19
87 390
68 708
71 569
61 18
80 484
60 254
71 444
35 246
46 357
54 875
74 291
59 431
75 975
72 460
20 428
61 849
82 100
15 363
8 934
79 216
31 868
74 51
43 303
52 8
34 190
64 390
35 357
19 237
27 981
21 791
83 334
5 898
92 462
49 793
52 545
43 342
91 381
16 331
54 793
72 671
92 713
33 161
37 470
93 262
89 375
95 119
39 522
16 206
43 614
