400
20 323
17 989
96 725
35 203
18 305
32 102
5 154
14 548
49 905
4 804
82 565
3 829
76 393
25 554
76 866
28 996
42 951
93 14
14 641
92 146
94 616
54 540
52 558
45 444
12 267
65 25
92 333
66 829
55 695
6 840
96 216
18 525
89 282
23 355
7 635
12 769
39 578
69 230
16 552
37 384
52 244
84 7
52 913
39 431
44 224
18 1000
81 436
91 450
87 14
69 446
23 184
14 433
23 936
45 204
60 95
40 973
72 718
78 81
18 710
78 609
28 566
20 390
61 229
27 889
75 297
76 988
77 816
7 665
8 82
10 907
78 15
47 180
11 488
51 962
25 545
99 121
70 599
47 556
66 951
95 463
53 672
18 898
56 118
27 243
70 336
62 389
9 202
62 116
34 643
19 657
56 532
17 797
62 677
82 519
74 488
28 477
84 201
75 986
76 870
12 647
13 395
59 725
90 105
68 441
43 571
21 832
88 353
48 917
47 920
12 10
18 942
48 755
61 743
71 96
42 172
100 565
70 440
22 140
75 442
13 750
100 387
18 475
47 320
55 775
1 597
69 945
47 671
64 175
44 956
96 617
91 129
38 191
55 866
77 762
35 937
83 661
87 774
10 931
15 323
69 125
5 514
35 17
58 56
67 559
52 391
60 370
82 989
9 946
47 382
16 214
51 955
28 670
98 210
96 554
87 896
72 62
4 707
16 115
100 989
47 207
10 572
22 248
50 276
29 763
70 804
88 535
30 705
63 306
13 117
49 75
64 317
45 918
63 72
29 877
41 574
50 506
90 343
20 28
71 723
50 346
16 231
85 371
18 760
65 854
75 279
18 634
69 241
15 596
18 814
11 769
17 413
70 115
14 573
94 888
25 8
100 652
41 211
68 966
27 561
9 89
26 894
33 717
44 457
43 581
71 559
20 644
24 663
69 978
70 582
51 904
10 986
53 132
63 875
92 161
48 524
87 697
4 908
97 801
52 725
5 920
91 412
80 112
53 380
41 99
33 853
2 888
31 902
10 26
68 809
63 907
83 174
80 541
92 405
63 88
49 188
53 722
23 254
46 396
70 332
5 349
73 435
93 157
67 257
7 829
92 89
85 551
30 834
91 927
89 404
48 476
78 663
68 264
88 158
27 238
12 561
33 687
6 196
61 681
26 105
38 394
59 281
64 798
65 115
9 256
41 164
19 604
32 394
67 864
50 289
2 458
6 492
49 541
15 98
50 286
69 917
68 469
20 172
78 337
44 457
17 663
87 468
87 103
63 889
14 712
54 134
8 526
76 268
30 498
92 92
70 802
87 126
8 685
12 272
98 247
29 801
42 607
26 384
80 470
48 450
18 567
34 763
34 418
3 95
4 539
62 919
4 864
7 42
69 282
42 190
40 809
5 823
30 173
58 786
37 886
33 609
86 456
25 707
54 496
18 772
55 388
8 401
73 77
26 288
40 135
84 65
27 881
24 500
73 743
69 498
18 176
3 460
65 225
90 928
79 311
77 896
60 734
7 627
81 976
90 463
9 287
65 242
42 116
69 918
73 832
48 362
23 750
66 782
22 166
47 417
68 212
81 200
88 753
26 307
95 739
15 195
46 740
56 316
47 907
11 549
57 994
47 596
25 472
69 522
93 521
57 76
36 300
73 51
58 802
18 625
39 469
24 110
5 474
32 737
21 495
90 972
47 829
13 130
50 540
67 843
22 73
47 705
20 398
7 710
28 239
30 291
78 597
18 625
24 894
28 850
45 365
74 385
21 548
17 819
55 871
83 368
11 332
17 241
17 384
65 193
74 456
