400
16 769
8 369
75 171
14 165
24 190
64 611
79 541
72 802
43 472
17 525
89 899
56 607
21 146
91 493
29 801
78 377
72 176
98 254
24 340
12 591
41 121
95 279
96 176
43 871
25 295
7 202
34 472
51 736
22 456
33 962
18 646
91 259
73 767
23 336
54 575
14 253
74 759
16 626
61 20
8 896
83 269
86 104
6 223
59 943
92 818
80 161
35 635
71 856
89 557
86 75
25 228
83 576
77 754
58 759
75 760
60 771
75 740
67 370
12 466
46 87
59 146
93 93
83 3
5 400
36 144
21 789
84 957
7 477
99 245
51 747
71 258
94 305
96 91
73 423
90 976
78 334
98 229
9 895
13 471
18 747
59 11
61 605
77 175
22 469
35 415
95 858
61 439
32 305
44 853
84 729
66 888
47 541
99 757
79 121
70 909
45 725
73 719
36 596
20 659
67 10
48 756
52 390
13 830
30 643
28 641
84 776
24 274
79 932
56 648
76 167
52 833
50 733
56 835
6 193
72 344
59 753
49 910
91 139
38 419
53 711
83 769
45 645
92 439
33 889
72 513
64 295
6 652
77 509
99 436
84 656
80 287
54 885
53 967
97 975
100 239
67 494
85 862
40 796
99 280
78 436
44 990
88 645
50 78
53 325
91 173
98 767
6 562
6 524
28 727
11 324
12 675
90 862
6 340
11 727
36 48
49 142
39 605
90 789
33 75
87 855
8 728
17 813
49 604
62 513
45 418
14 172
27 911
77 800
94 958
80 586
2 596
8 803
27 601
97 921
70 421
56 630
28 231
64 734
12 223
41 801
25 382
45 94
17 692
43 395
49 692
34 566
64 4
19 427
56 935
43 924
81 389
99 722
37 400
36 611
24 662
67 783
87 194
52 195
45 675
23 421
31 642
51 916
98 750
91 312
28 739
97 185
66 610
78 628
56 556
42 899
94 674
3 416
40 723
23 535
63 285
34 172
29 317
34 215
61 892
67 447
21 645
69 624
52 636
70 853
83 73
79 287
90 857
50 394
28 461
9 536
86 884
78 578
17 973
29 876
44 321
70 883
41 550
84 314
71 860
66 85
19 129
35 599
11 484
49 608
52 445
72 400
60 93
25 940
39 473
63 122
6 629
24 165
94 982
100 761
79 937
14 323
66 391
76 170
87 757
33 915
8 607
12 677
26 821
66 296
6 339
95 989
71 906
42 389
17 681
72 549
80 20
79 676
57 677
8 994
94 43
56 658
20 887
6 470
23 116
92 884
48 162
96 682
92 880
38 737
57 317
19 259
92 213
36 154
92 126
82 357
33 878
10 29
96 587
47 902
96 823
68 779
44 897
21 91
22 615
53 128
10 950
10 800
23 830
61 179
85 644
45 74
1 580
64 819
5 476
5 234
18 141
92 566
45 20
81 327
26 626
26 256
43 401
8 612
97 820
93 212
61 793
44 703
20 196
41 875
7 128
56 261
68 242
26 329
85 789
31 822
37 310
49 967
77 104
60 141
65 515
40 55
17 59
69 541
8 640
24 174
61 91
34 723
81 188
60 711
91 4
82 122
94 873
93 64
19 50
26 505
90 938
65 319
14 631
7 814
87 839
92 717
67 175
51 649
59 285
37 243
10 457
38 969
64 538
17 918
83 464
74 43
10 415
41 248
7 925
19 246
30 145
92 72
80 505
89 786
1 317
94 71
43 998
63 530
37 407
9 545
62 939
100 479
59 656
95 805
32 222
82 298
20 77
53 991
34 339
52 206
2 508
3 310
87 144
91 33
43 432
6 278
96 492
4 700
10 440
23 863
