500
7 589
102 339
38 934
82 884
73 532
27 373
14 709
115 445
98 686
41 649
87 511
117 223
82 755
18 980
73 389
113 181
56 969
91 491
50 13
54 60
118 59
16 56
107 776
74 273
19 49
120 252
87 283
18 381
123 48
98 635
47 404
84 765
25 680
99 599
71 57
83 839
65 74
11 734
29 118
95 790
60 671
48 26
103 234
114 566
19 374
28 817
123 723
125 315
47 126
74 591
122 461
45 122
119 552
93 121
8 698
51 486
115 35
12 304
54 589
63 357
59 326
69 509
113 436
38 308
62 370
22 111
125 584
87 123
106 842
7 219
64 68
66 258
19 32
34 190
33 257
51 658
33 908
17 607
51 463
102 980
96 851
61 8
86 691
84 453
39 826
111 954
19 914
33 791
8 759
113 685
9 313
111 910
55 17
94 222
57 643
75 102
20 595
113 879
91 44
52 747
91 518
49 886
43 660
83 377
89 624
99 161
33 766
78 882
45 13
2 384
123 515
25 325
125 460
9 956
101 359
6 935
56 682
80 346
106 301
9 368
118 645
31 511
96 9
105 261
77 926
81 922
111 438
76 170
84 947
60 833
53 931
50 682
83 557
48 418
53 188
16 246
95 839
43 179
9 554
87 184
40 552
98 984
94 600
60 685
83 570
22 277
114 452
119 865
51 973
104 798
37 339
9 707
92 686
53 58
49 248
77 940
104 318
51 538
54 644
114 256
55 527
87 583
1 571
121 705
86 414
93 715
37 967
15 110
33 137
29 808
24 287
2 205
74 437
81 423
120 282
10 462
13 915
46 609
100 75
4 26
69 652
53 410
112 966
45 267
2 443
2 266
51 206
3 788
92 74
122 701
53 762
55 261
77 563
73 399
29 509
49 718
13 586
68 765
75 538
90 652
42 169
39 734
85 719
20 566
120 260
61 653
65 413
36 326
26 566
58 297
56 55
67 790
93 344
54 60
50 788
6 179
93 140
109 326
122 278
121 156
101 333
124 649
102 981
108 666
97 651
109 897
81 764
96 525
110 919
61 916
102 448
85 128
47 293
96 163
66 504
29 304
114 851
13 855
116 541
104 51
17 675
43 781
118 81
62 552
52 171
36 93
112 923
53 55
84 917
102 874
60 637
125 734
98 230
111 284
62 802
89 399
107 374
91 216
37 557
75 869
109 594
75 582
104 602
9 284
124 549
106 423
24 756
23 148
53 114
54 336
11 221
30 736
32 467
85 40
113 722
27 863
94 53
18 323
112 270
35 185
71 375
61 610
123 559
19 994
120 191
59 283
81 538
124 936
122 239
20 941
61 650
26 436
44 613
90 5
52 733
62 191
30 468
93 119
103 730
56 696
58 332
110 151
26 963
113 265
89 535
17 398
21 748
105 834
22 164
118 859
26 829
125 860
27 715
100 360
61 836
21 130
38 243
105 521
50 560
89 444
51 818
84 303
35 940
54 72
20 686
96 777
101 491
123 222
47 961
44 91
100 288
24 239
99 433
92 261
14 651
2 495
17 622
88 215
112 140
85 164
6 22
26 181
117 36
60 296
67 558
22 862
33 450
90 363
80 609
11 593
21 504
113 740
123 481
78 739
86 769
8 445
16 652
114 576
68 810
74 184
12 45
46 539
99 403
18 114
31 286
63 376
53 898
17 135
6 400
17 972
68 544
20 619
94 433
20 927
43 435
62 613
18 576
76 705
16 790
37 968
122 708
7 12
49 162
98 482
83 934
79 287
50 749
96 276
67 293
119 603
79 634
17 726
31 875
21 159
70 195
97 590
105 474
7 740
51 226
55 360
18 734
27 199
25 716
3 239
68 669
44 609
24 524
88 886
11 441
88 955
12 810
89 698
46 151
88 536
88 385
117 370
6 891
56 445
43 250
86 153
83 664
97 675
7 18
69 747
88 605
112 502
76 805
42 908
99 474
55 782
7 641
88 466
102 516
86 298
90 158
109 729
112 172
51 426
89 700
125 24
116 76
22 532
23 377
98 979
12 166
99 275
88 297
51 508
9 877
29 999
96 600
97 333
44 599
41 226
94 302
81 920
65 382
109 298
121 425
72 651
71 966
96 411
30 767
96 847
42 657
40 345
67 325
30 662
102 16
15 950
39 576
46 983
51 4
41 553
88 582
41 115
106 828
60 692
52 198
19 440
17 779
77 914
6 905
82 246
10 316
7 679
28 449
63 102
114 361
72 542
45 472
60 200
83 299
72 202
33 192
64 315
60 474
124 111
6 884
15 943
