500
41 80
70 946
24 817
88 333
98 508
64 987
90 1000
123 801
43 157
21 688
36 9
27 38
69 196
20 440
118 585
112 569
107 921
40 702
32 359
30 276
29 358
29 407
31 927
78 76
49 878
67 155
104 306
30 898
48 707
89 608
22 621
4 128
40 409
7 101
28 197
86 551
26 426
4 136
53 884
44 574
26 939
46 26
103 912
20 157
65 770
117 109
7 116
69 370
82 150
68 784
68 104
116 464
23 143
5 388
103 930
47 350
105 630
96 959
81 326
36 377
27 921
3 27
79 530
120 787
87 180
122 267
57 818
116 635
66 779
26 948
98 210
123 633
90 359
15 223
41 122
19 428
27 643
11 484
2 107
3 859
82 811
45 46
106 222
125 715
24 145
111 247
28 721
72 49
94 846
73 488
52 960
51 485
73 252
95 858
3 196
28 719
61 607
75 877
83 619
48 519
56 795
20 50
42 481
58 612
75 996
58 339
83 403
25 174
44 828
27 251
112 711
77 983
17 543
93 609
70 956
102 121
12 709
5 70
46 199
25 561
99 877
13 79
55 731
18 293
108 911
47 503
2 710
111 361
113 801
62 630
86 793
101 381
12 391
35 907
39 707
2 81
31 810
58 284
50 409
98 301
9 203
113 86
15 128
88 781
101 471
79 799
45 435
5 688
23 69
36 621
23 385
81 703
41 111
48 277
65 296
54 585
120 866
11 573
78 403
83 153
78 445
31 69
68 104
77 792
80 607
25 214
69 494
7 274
36 993
109 570
22 630
68 839
119 598
65 120
107 82
14 175
35 824
80 5
30 498
34 18
117 308
20 415
39 272
27 416
58 95
84 307
75 855
26 93
95 759
11 515
110 746
63 838
103 961
38 86
107 114
85 245
76 695
113 580
95 239
37 592
103 57
121 13
6 647
86 305
115 395
85 232
37 813
116 333
99 885
103 287
53 212
17 649
102 322
1 239
35 17
44 810
3 889
49 119
119 648
104 585
8 301
66 277
112 264
65 477
42 492
1 579
22 65
118 764
115 369
53 812
68 950
61 42
114 470
58 563
67 200
65 890
39 93
40 383
121 485
92 32
114 523
84 762
63 860
35 894
95 527
51 511
19 588
52 678
11 948
104 939
81 929
115 744
120 566
106 627
38 132
108 799
97 532
39 674
52 347
4 605
112 381
110 244
80 692
23 672
99 642
3 121
101 284
77 52
106 480
64 562
105 418
81 310
122 424
15 49
9 550
89 569
124 581
5 692
55 86
1 116
113 723
19 661
42 515
13 11
40 465
119 205
27 971
81 278
32 103
31 923
17 380
2 623
39 539
86 512
75 11
111 83
78 393
31 183
84 109
7 958
32 386
8 951
75 337
114 121
36 800
30 922
48 483
59 289
50 902
43 752
116 317
51 727
76 958
3 450
108 81
65 204
30 871
1 342
111 305
50 336
33 833
33 930
123 53
68 570
20 692
89 466
119 909
63 573
67 645
54 962
113 957
82 553
108 898
8 504
73 263
64 483
66 761
87 204
125 752
105 329
4 485
73 519
50 892
108 139
35 575
1 955
42 930
53 985
103 733
114 309
19 84
62 377
34 500
92 412
46 873
99 954
60 394
109 84
21 977
75 212
39 510
113 306
37 578
8 422
79 557
32 910
32 834
39 351
79 196
17 783
53 275
32 633
1 989
1 408
124 477
122 291
44 193
123 810
57 122
90 582
63 262
13 425
9 912
86 419
105 649
19 491
123 214
28 461
65 684
11 566
15 975
5 62
41 132
39 396
74 123
2 816
62 371
94 176
84 48
57 955
80 652
96 235
106 789
3 819
81 443
72 435
22 827
6 982
119 982
36 677
110 644
19 626
49 16
91 413
54 894
36 908
47 828
70 809
107 780
52 476
70 593
97 443
45 991
52 392
106 342
80 711
40 800
92 414
20 73
54 862
53 507
23 608
16 231
107 223
98 999
100 14
12 873
24 759
49 203
59 968
58 14
30 482
25 385
26 932
57 1
102 77
22 256
105 958
107 793
20 343
77 440
73 732
2 853
26 586
122 424
36 649
106 640
105 784
37 657
26 417
115 926
111 700
86 758
96 988
110 872
42 485
95 627
90 541
26 245
2 326
28 103
19 930
11 951
58 953
107 34
36 3
91 462
86 678
31 149
64 805
93 785
44 133
64 350
11 837
32 363
122 955
85 129
59 33
123 988
96 124
81 119
93 120
91 468
36 92
35 441
120 997
41 300
125 90
6 224
44 387
