500
37 174
63 794
107 283
28 104
123 582
91 655
37 799
73 838
34 989
63 986
108 511
23 260
14 412
113 960
103 981
43 850
54 106
35 134
86 182
87 916
96 831
15 142
57 392
114 784
102 331
25 687
80 816
104 178
97 710
52 63
113 364
46 611
78 788
3 74
39 814
99 308
109 480
87 135
78 254
1 455
38 267
69 85
41 70
19 420
123 508
9 530
73 730
55 257
31 947
60 44
55 330
7 614
45 559
51 453
24 100
7 753
112 305
123 861
1 50
34 522
68 338
43 676
107 487
47 499
31 881
60 718
101 653
16 560
19 181
19 437
56 649
76 196
123 356
3 975
4 421
24 656
51 264
43 589
110 392
106 350
113 570
53 854
45 456
30 69
13 119
37 956
115 608
110 417
23 447
7 114
56 651
121 769
101 104
124 518
5 734
112 454
8 200
21 681
111 1000
123 669
20 623
111 489
100 377
42 991
12 96
70 852
68 26
45 40
114 594
63 352
76 182
16 843
77 607
79 719
85 777
120 93
106 674
59 188
119 602
69 316
20 828
4 273
9 974
36 846
32 996
122 359
92 955
27 172
1 158
36 191
125 328
101 259
58 913
6 210
64 193
86 916
45 992
2 155
28 262
106 18
98 837
45 557
83 89
84 489
114 403
117 450
20 491
59 342
30 556
89 694
23 824
125 399
50 776
56 516
47 307
40 538
54 614
27 313
110 376
98 807
25 999
109 113
116 686
61 93
37 913
23 86
39 819
31 822
120 976
63 571
82 889
109 318
122 531
80 195
55 194
27 754
121 428
103 794
3 802
101 679
85 517
29 794
125 876
59 629
52 212
25 202
36 76
7 557
69 273
108 886
19 843
20 805
68 371
74 759
64 218
113 635
109 370
37 280
78 306
114 731
17 817
121 766
50 239
79 19
33 256
79 470
83 207
16 551
75 808
19 53
27 84
59 896
80 902
7 922
94 235
37 241
42 907
27 614
40 874
57 800
45 576
44 689
90 204
18 956
98 120
85 210
24 346
94 882
107 710
67 397
74 61
120 541
9 592
17 423
71 854
74 809
53 961
53 598
52 870
74 328
24 212
74 695
122 703
25 51
84 611
63 38
115 643
122 348
88 954
56 215
78 504
80 129
112 435
12 654
76 992
30 352
83 920
37 546
6 238
41 981
14 134
46 733
117 578
46 205
7 911
11 750
66 695
106 608
99 739
14 834
8 290
61 980
124 951
6 295
53 253
78 380
64 629
60 698
39 90
29 499
70 537
48 275
25 215
81 939
87 730
78 397
47 607
26 212
78 715
95 272
30 945
69 112
81 505
111 820
51 103
86 790
18 20
81 83
52 361
63 768
53 903
9 909
121 168
100 598
47 430
99 969
81 87
2 563
110 533
88 178
76 919
67 447
113 376
20 531
26 502
18 676
118 827
55 526
105 889
105 93
25 138
64 668
74 45
124 525
115 995
78 242
74 171
55 718
58 514
82 656
117 940
1 103
49 565
86 838
70 255
117 213
86 370
106 231
7 836
45 865
97 944
108 63
113 897
37 476
108 385
45 793
80 300
94 269
56 658
99 577
22 556
27 306
27 218
63 857
5 5
103 326
13 49
6 249
42 730
59 275
37 825
44 18
20 838
14 956
75 777
73 296
37 691
30 748
21 670
37 182
49 124
11 196
96 9
104 493
33 607
8 811
21 810
53 519
48 209
27 408
84 797
67 619
98 358
111 861
51 278
39 434
103 351
74 258
73 846
23 647
77 856
67 36
58 972
26 781
118 110
22 407
78 662
77 66
87 491
47 648
123 433
72 340
95 942
110 420
29 535
44 492
56 246
36 465
24 213
78 218
74 644
112 344
16 753
73 466
3 233
42 917
30 987
36 746
69 143
6 340
54 242
23 575
45 439
73 755
77 364
91 527
49 766
67 119
23 212
119 330
73 523
59 860
33 619
102 910
79 770
71 937
3 126
95 311
51 336
94 271
60 939
11 407
1 918
5 957
83 735
2 635
45 594
118 140
120 478
101 122
16 724
108 947
113 141
117 384
109 201
64 570
24 321
22 238
108 877
44 214
105 404
84 956
108 493
108 223
27 817
122 781
52 672
65 758
60 99
21 752
12 916
103 867
110 599
38 505
31 884
113 446
58 356
12 492
44 987
122 590
118 170
105 85
33 264
23 875
73 85
87 417
50 615
76 654
58 599
36 563
37 295
101 101
53 681
14 898
104 982
61 666
104 356
106 970
42 964
68 448
