500
38 42
101 618
48 131
125 302
58 302
41 764
12 487
85 287
40 642
115 610
79 493
96 503
16 429
24 567
22 842
24 70
75 713
100 556
118 952
20 793
77 128
31 999
116 28
97 438
66 250
22 785
124 163
1 437
97 414
68 197
97 816
87 866
91 173
97 905
80 748
68 382
21 131
7 477
7 391
80 725
29 18
18 194
97 888
59 623
92 105
55 433
113 853
86 80
86 533
28 953
23 403
101 510
28 484
39 107
30 614
72 195
58 391
71 404
106 975
50 120
75 736
37 75
45 199
94 365
112 562
105 4
23 958
9 287
77 826
15 604
55 417
91 497
89 265
26 536
87 535
73 272
32 905
110 215
114 145
23 265
50 19
2 245
57 638
6 848
115 414
79 4
121 90
96 452
34 815
28 981
13 330
115 552
100 918
69 704
50 437
78 112
29 27
75 249
121 2
88 43
116 932
60 948
48 44
95 316
28 584
123 817
9 566
24 964
69 173
14 855
70 309
60 577
89 38
79 622
62 919
102 331
97 627
122 124
86 428
116 188
83 641
61 336
111 95
92 463
51 138
67 207
69 313
107 891
11 81
23 764
70 263
22 724
125 262
66 237
118 731
20 653
83 226
123 866
33 851
15 911
98 389
43 497
41 802
75 521
6 399
105 232
120 611
94 555
23 163
121 627
114 609
99 855
99 986
23 7
89 160
9 545
35 829
9 223
95 742
24 795
72 984
25 143
33 330
105 587
49 84
111 667
39 197
13 113
31 62
62 289
106 627
80 286
1 978
9 460
18 584
98 782
86 673
54 24
31 376
51 633
22 912
109 178
50 772
105 714
65 883
50 79
106 258
56 863
51 656
69 836
43 180
119 441
19 561
89 493
75 572
2 674
89 312
18 465
49 778
102 917
19 635
10 575
52 463
70 899
109 935
89 33
55 261
125 26
102 333
31 469
91 569
107 924
93 712
28 853
70 883
86 420
65 702
42 842
84 790
90 133
63 987
9 443
120 113
50 27
92 860
51 609
45 536
109 114
121 423
89 633
99 449
109 240
26 642
38 131
41 223
108 400
62 383
113 181
121 472
33 17
48 789
63 909
88 277
104 939
101 853
94 42
39 94
65 903
50 533
7 247
36 188
62 612
79 688
92 898
9 591
22 677
45 734
55 339
55 439
20 148
71 630
13 982
4 798
5 994
11 902
79 31
18 565
86 994
94 573
116 11
33 97
13 650
34 972
40 615
19 654
67 206
42 361
42 30
102 651
7 259
82 525
109 187
100 151
39 390
81 820
91 605
69 228
43 578
38 198
56 55
50 575
117 678
79 210
34 309
64 399
10 248
110 577
113 949
116 325
25 557
24 78
62 692
9 157
86 635
25 791
116 831
51 631
47 460
119 787
96 292
63 735
94 668
75 463
47 564
74 688
92 404
107 8
10 726
80 645
77 816
6 920
83 254
48 41
95 862
107 442
29 847
86 495
68 76
14 847
113 73
112 689
6 82
65 605
57 191
25 828
92 69
61 253
120 47
97 241
52 336
111 31
10 737
51 346
107 33
35 283
41 946
85 524
95 681
73 993
38 623
105 838
27 670
7 647
24 104
116 857
13 772
3 54
99 849
106 333
42 677
13 583
12 960
24 194
74 866
110 420
99 947
42 617
92 562
120 345
29 113
68 228
14 753
74 288
5 120
26 284
67 224
10 938
59 87
82 949
37 983
7 877
70 512
104 457
89 888
18 412
117 686
59 606
88 843
96 12
86 16
88 278
8 608
83 547
98 935
54 505
46 613
15 379
74 408
30 309
97 312
11 194
64 637
98 469
63 614
104 595
72 311
92 199
65 736
115 421
94 127
79 959
29 293
47 808
53 603
3 537
10 904
97 245
39 966
49 845
100 164
124 659
113 107
54 127
55 779
37 879
94 170
66 248
72 309
18 102
27 515
32 1
8 16
55 374
11 455
26 434
33 272
27 341
64 631
21 230
81 568
102 759
52 910
99 170
19 808
17 721
111 281
90 100
82 830
93 431
51 105
50 862
63 318
3 411
16 476
111 140
35 304
18 25
32 965
45 286
82 872
11 514
53 550
63 106
5 410
106 857
83 745
64 61
53 4
71 729
68 414
125 101
44 968
104 205
53 66
94 49
103 80
21 514
111 113
8 278
81 350
105 52
20 893
100 882
40 563
59 277
7 55
56 608
49 828
76 381
15 582
95 577
10 379
23 752
12 168
19 770
75 196
79 538
114 686
123 267
110 912
