500
70 481
22 395
29 532
88 289
96 525
78 373
11 254
34 421
67 221
35 670
25 823
12 35
27 231
19 423
4 484
103 961
15 518
10 961
104 498
36 831
5 55
116 736
19 943
78 82
16 435
82 506
9 660
121 323
65 236
122 56
78 275
108 836
105 474
43 875
49 552
110 798
70 455
67 480
123 919
41 693
52 106
23 649
87 745
103 952
79 429
38 191
30 965
70 563
28 197
17 86
5 204
121 138
10 959
14 439
118 263
124 472
48 3
7 936
93 321
49 220
54 574
51 278
88 930
100 56
124 175
1 149
121 239
26 970
4 551
68 147
11 943
68 201
48 167
61 629
118 816
62 453
119 450
11 772
3 575
104 688
32 629
11 594
72 981
34 681
28 988
113 532
42 492
40 3
67 698
22 145
106 326
89 161
33 31
33 548
122 56
8 41
97 791
30 817
25 623
62 942
60 151
30 964
37 212
74 497
119 505
122 531
67 273
31 940
68 963
33 907
20 540
91 486
35 770
113 431
50 971
104 564
52 58
12 64
57 844
42 958
86 863
51 538
55 639
54 739
90 684
42 121
28 530
43 254
87 7
62 492
52 176
16 815
58 133
53 839
21 951
37 313
52 973
28 884
92 925
42 590
37 851
96 384
44 664
105 460
104 431
37 756
102 619
33 991
10 400
110 64
36 665
77 44
76 358
48 962
30 446
96 434
125 630
98 911
32 581
115 962
45 790
36 278
63 874
14 762
123 5
116 457
94 268
39 14
91 894
63 917
109 799
2 443
82 187
6 241
104 764
69 835
97 710
78 482
89 432
47 810
122 296
10 470
105 878
80 732
58 181
48 515
5 532
18 105
39 175
48 445
83 886
93 207
100 402
25 97
33 227
125 576
51 648
52 199
124 927
36 724
42 497
122 338
86 451
75 736
100 735
106 891
55 426
124 694
3 328
73 4
46 62
6 981
116 58
34 562
58 561
59 532
16 434
47 781
78 419
33 790
37 468
55 563
67 663
97 948
13 87
68 128
27 77
17 97
124 198
80 937
94 519
120 431
46 619
54 915
15 332
2 310
102 912
43 3
104 163
75 767
95 840
64 107
21 594
113 299
59 315
11 99
13 89
16 88
1 53
46 194
6 617
87 580
113 998
82 46
69 523
7 710
89 190
25 169
89 681
71 181
84 770
72 161
94 945
66 283
33 784
11 536
61 966
60 740
10 835
69 226
75 564
18 818
29 214
122 4
19 168
6 329
84 152
120 574
2 460
107 345
36 473
90 773
56 178
90 249
3 222
1 436
42 353
76 281
81 150
77 822
11 220
107 582
20 582
121 208
54 898
38 354
124 282
7 451
109 937
33 283
4 70
61 246
6 112
28 570
9 875
102 223
65 347
80 830
40 592
91 978
64 63
122 997
70 265
50 172
70 293
75 679
74 520
69 147
80 686
12 456
2 235
46 392
7 30
97 438
28 865
36 612
15 52
58 645
7 43
71 31
18 253
62 507
29 468
49 639
65 874
86 615
104 537
117 623
4 576
124 341
88 631
64 632
80 138
116 22
16 176
15 989
27 904
18 152
90 608
63 674
56 251
87 974
95 145
57 659
111 762
98 441
37 623
102 831
22 598
99 301
81 209
39 208
14 140
45 459
48 155
25 223
11 330
99 424
21 476
120 273
3 36
25 748
4 607
29 811
5 340
113 987
88 208
67 154
46 586
102 23
9 253
51 632
106 580
100 966
120 559
23 298
4 937
95 366
32 479
43 26
69 318
101 123
104 46
50 307
123 696
123 833
55 172
30 958
42 370
106 581
122 67
79 5
48 352
77 753
89 24
60 242
115 165
99 43
106 301
24 879
18 380
25 241
12 155
85 702
106 331
81 533
81 84
6 664
19 991
83 5
43 741
20 231
100 936
3 922
90 701
71 125
102 981
8 720
25 347
18 192
85 259
96 578
69 770
67 336
8 337
45 793
23 769
83 625
80 227
111 697
65 130
67 456
7 194
10 680
14 318
58 206
45 514
85 517
15 151
53 399
39 39
114 69
54 923
84 90
88 612
86 955
22 204
3 701
120 482
122 163
63 990
107 435
103 378
32 243
56 206
22 93
110 99
30 753
4 708
82 668
77 399
102 682
63 65
34 31
96 484
29 439
46 117
62 820
12 700
4 101
49 475
97 727
97 539
28 607
91 548
83 652
121 606
112 296
24 773
46 178
11 844
100 271
8 450
30 129
101 58
71 660
61 796
26 24
91 295
67 581
