500
54 248
80 421
5 305
30 378
23 680
106 820
31 339
58 619
36 523
56 480
65 520
69 590
52 234
70 228
60 825
29 480
71 801
91 630
56 388
109 24
62 820
114 405
109 504
118 317
79 326
16 438
92 504
80 467
25 180
52 76
125 442
53 807
94 419
70 298
19 720
120 669
32 456
44 67
124 259
4 642
68 104
58 287
49 326
88 422
36 503
43 513
108 664
15 348
58 350
76 607
20 778
86 807
5 915
31 121
11 944
61 387
9 670
118 958
13 306
24 371
61 331
89 246
118 872
15 746
80 427
36 976
62 818
64 193
30 146
82 157
120 891
110 232
65 930
12 303
104 729
24 118
94 18
87 164
71 74
123 783
81 517
73 980
116 232
68 436
78 289
102 825
78 881
97 374
30 22
46 693
68 262
90 179
60 496
108 578
54 819
35 603
34 238
18 609
93 402
35 225
44 155
38 66
3 784
67 707
15 231
31 610
17 863
82 935
93 595
118 803
106 911
106 55
122 849
106 845
78 222
41 764
19 421
105 389
100 954
5 658
96 346
104 120
56 677
124 407
20 623
49 307
103 951
90 108
13 608
95 76
113 794
99 991
1 629
14 25
121 661
96 344
65 793
67 732
47 261
62 316
54 963
58 473
116 288
71 618
30 979
23 68
84 195
119 247
86 540
43 265
72 843
81 947
90 403
107 164
53 189
49 191
98 232
94 779
75 183
44 196
2 840
78 388
31 937
35 707
106 14
60 748
49 178
1 316
120 292
115 645
46 735
32 578
54 725
102 549
19 524
2 161
91 385
49 177
48 459
41 558
20 316
64 857
1 187
25 946
39 233
44 620
12 831
98 622
32 470
91 831
84 75
96 392
122 209
9 125
66 395
13 861
80 399
70 479
77 477
21 69
125 115
120 590
19 611
91 333
64 265
59 230
4 94
7 112
32 571
112 148
70 88
51 378
19 312
14 350
13 697
114 310
11 541
99 829
81 387
57 836
22 121
2 675
110 880
56 284
92 338
76 278
102 901
5 522
66 775
98 360
48 458
75 247
41 873
19 379
67 983
90 306
120 42
91 314
59 993
12 61
91 545
98 153
30 528
5 879
17 669
88 492
63 940
55 866
120 140
89 474
24 843
9 316
51 31
99 541
41 245
60 56
49 939
37 767
100 74
13 853
121 169
35 993
16 10
125 946
42 799
14 475
97 185
85 845
107 373
7 438
1 761
4 580
59 465
121 732
30 871
3 964
25 132
6 245
94 602
81 788
25 423
74 563
54 152
10 372
61 966
79 967
64 212
69 277
84 112
98 239
57 7
121 363
49 269
102 759
63 233
37 134
67 464
11 102
6 652
124 722
48 232
10 415
125 413
88 985
27 156
43 657
18 731
47 358
97 498
76 531
9 812
83 388
115 1
98 107
43 288
31 121
51 909
121 384
70 946
53 265
36 653
108 902
6 458
67 860
63 477
15 415
28 862
115 249
118 77
86 600
43 720
58 710
80 79
123 506
102 626
44 815
6 801
30 201
55 973
69 427
7 503
24 267
58 296
95 844
51 321
71 793
80 969
124 358
79 627
19 258
49 501
92 811
1 358
7 337
106 366
23 347
90 22
85 224
10 283
6 64
58 28
9 751
46 599
57 174
113 77
103 190
49 524
121 263
18 940
103 639
75 526
29 454
62 38
119 772
122 436
46 142
83 166
81 551
34 940
2 656
56 14
93 817
102 376
34 866
124 492
8 719
24 269
67 512
23 570
33 699
100 170
53 639
18 672
72 558
45 416
103 72
117 976
100 151
84 381
110 662
33 330
32 286
2 728
72 395
38 745
115 988
121 985
82 561
72 703
62 628
124 829
80 289
2 587
93 627
70 88
2 93
37 976
74 449
45 790
82 337
28 887
27 58
53 327
116 523
31 987
63 554
119 295
40 369
69 507
94 668
49 621
74 750
124 61
56 454
56 96
32 761
61 481
121 985
20 634
58 490
106 975
5 591
96 140
20 218
32 126
119 996
85 958
82 59
59 670
117 195
35 757
109 891
113 553
65 307
20 116
95 568
114 576
59 34
76 650
109 745
119 793
74 390
1 23
112 395
52 99
114 961
96 933
58 320
70 575
58 505
57 67
54 832
26 361
47 510
87 516
82 246
119 175
41 591
58 300
3 813
67 658
33 993
28 542
89 871
107 840
101 996
14 365
111 543
26 960
95 484
115 406
68 959
107 271
10 353
28 89
83 546
95 778
102 921
17 347
67 13
