500
51 103
87 317
1 148
28 635
34 855
81 521
81 15
45 778
49 52
110 793
89 171
39 675
56 335
42 584
23 533
78 689
38 985
13 32
65 216
38 372
66 313
100 289
50 352
53 21
83 952
109 595
49 967
28 754
18 525
17 883
53 447
112 209
122 312
94 582
31 190
95 927
69 944
85 63
77 482
67 729
8 2
90 20
86 64
6 627
6 550
100 953
73 576
89 317
43 218
112 380
123 794
79 212
116 342
92 451
68 355
6 469
45 361
63 47
103 33
115 933
16 427
104 938
63 765
113 226
55 738
32 657
24 626
26 949
108 598
16 392
68 579
116 481
119 41
69 744
81 699
107 712
31 8
125 842
47 268
76 963
123 44
50 431
94 403
112 634
16 224
38 784
88 105
44 258
80 474
117 441
120 169
40 806
109 826
121 249
38 821
115 741
2 952
75 562
38 159
61 184
93 507
63 385
63 46
110 331
110 12
16 101
113 277
119 762
90 588
32 508
65 442
64 19
53 691
17 76
16 267
101 307
35 81
51 531
78 870
77 801
112 374
111 801
29 131
67 620
66 977
99 86
102 784
107 311
41 157
125 451
115 805
104 272
91 909
5 863
22 636
78 319
18 69
29 277
40 431
78 896
62 324
32 391
6 342
73 800
92 597
83 577
38 9
27 562
95 365
46 177
34 440
83 49
124 675
121 513
27 255
75 867
26 223
71 952
101 700
79 729
90 905
120 608
70 961
73 138
104 305
59 537
16 378
25 696
98 317
52 889
23 415
84 433
51 177
51 467
12 744
105 167
107 716
2 351
53 327
40 990
38 476
52 946
17 658
116 797
64 270
111 818
74 777
25 477
90 893
17 805
56 614
76 112
69 803
89 201
6 307
26 85
33 144
103 240
53 508
110 338
11 962
113 477
106 81
72 706
97 550
41 76
95 417
21 24
11 128
61 19
87 578
48 149
75 823
34 610
66 411
45 401
33 61
68 230
105 128
84 514
41 180
72 946
91 657
79 943
125 878
112 974
73 235
95 443
125 794
58 212
2 133
123 781
61 532
26 408
118 90
95 864
54 424
4 648
10 550
96 456
106 950
119 981
56 159
99 696
22 314
95 827
123 900
76 756
6 783
64 785
108 488
1 657
65 737
67 905
111 74
28 15
64 439
4 364
106 959
50 903
93 137
107 774
57 167
102 356
29 238
96 296
82 711
101 147
1 393
39 149
49 509
6 314
67 114
34 494
81 139
105 382
62 407
24 525
48 96
87 956
27 213
111 530
115 259
92 708
8 316
95 2
115 969
15 467
97 870
33 603
100 813
105 958
27 317
79 73
64 533
13 332
33 805
92 167
25 869
122 803
12 740
54 658
72 445
99 584
101 152
50 745
7 885
57 642
21 537
97 977
46 831
49 745
99 373
104 187
73 768
105 919
1 69
93 224
8 456
74 969
115 978
11 956
100 352
106 316
93 12
113 648
116 965
124 85
124 675
69 91
101 166
91 31
16 373
103 319
124 73
21 67
29 558
8 476
77 661
17 637
30 711
30 361
87 160
41 137
73 263
42 132
2 896
35 291
118 836
79 571
73 939
24 936
29 714
30 24
55 295
109 854
18 519
85 319
61 267
55 18
72 893
57 597
25 701
78 352
73 570
92 124
110 678
63 775
18 817
23 465
33 99
83 234
18 333
1 638
124 509
61 954
52 651
13 23
48 134
115 784
14 19
65 444
55 13
79 75
82 983
17 747
1 947
110 764
25 376
110 107
8 704
5 55
120 250
94 758
76 949
6 958
80 558
105 468
19 20
20 612
26 788
16 923
92 473
78 286
6 374
108 463
78 205
33 175
7 790
120 387
94 382
19 449
66 232
116 931
74 737
54 842
63 980
44 474
28 701
54 453
92 896
23 245
36 216
66 51
81 323
70 992
109 959
124 202
69 571
118 457
55 396
79 413
47 299
7 892
48 644
9 42
93 240
55 311
18 828
79 578
87 61
101 33
58 35
101 891
23 133
8 638
67 347
3 177
115 223
51 454
125 146
10 57
100 307
28 180
26 656
121 151
124 878
110 485
112 333
109 965
108 450
89 592
65 267
119 2
74 902
121 102
4 183
80 460
118 391
46 709
19 615
77 13
46 297
10 463
83 254
7 103
53 613
103 911
60 917
109 816
3 596
24 277
120 172
57 811
39 374
19 619
46 500
112 342
99 655
101 703
64 401
87 313
102 422
63 522
66 912
104 938
80 691
83 525
115 989
55 149
