500
20 707
123 469
87 40
45 127
89 370
9 110
47 811
76 648
35 74
94 541
31 479
48 152
75 663
102 983
1 64
42 681
73 961
10 480
19 274
91 716
111 700
81 69
93 210
111 694
6 769
37 699
27 66
77 726
6 334
118 76
115 400
18 182
88 681
47 746
70 340
65 706
49 272
98 802
72 730
41 536
4 814
3 548
102 528
98 647
85 163
7 193
115 698
62 471
35 607
91 883
53 515
29 282
38 167
98 839
3 597
116 584
112 44
31 165
125 451
4 41
92 631
90 706
29 259
71 485
87 705
111 352
104 197
60 549
122 187
72 38
18 622
3 31
111 359
50 679
60 281
117 859
23 787
44 107
102 840
93 201
65 233
95 349
69 994
55 909
39 885
68 170
16 235
107 639
79 651
72 721
62 292
57 96
1 730
111 786
108 980
17 206
57 523
108 448
88 136
71 163
102 845
84 153
103 36
62 188
108 576
87 915
62 154
90 551
48 162
33 713
77 151
123 294
95 844
110 765
114 844
45 90
104 391
14 716
110 876
56 846
75 685
89 646
48 240
19 980
26 872
12 436
75 541
78 892
20 621
81 320
105 326
23 514
40 364
96 592
120 592
36 173
104 770
91 57
75 524
82 10
10 204
75 966
76 248
94 642
93 203
16 717
113 40
44 194
104 409
9 252
50 68
109 947
41 26
42 376
66 416
52 446
90 54
69 117
29 584
83 972
65 640
9 301
53 325
83 144
10 157
20 487
111 325
45 600
6 538
115 730
116 332
90 119
64 812
95 523
55 878
55 734
96 204
40 947
58 679
22 552
123 579
80 85
49 453
30 602
101 413
13 336
56 856
81 379
97 394
104 365
106 66
20 230
67 309
8 126
116 415
121 939
38 258
95 974
48 49
92 232
44 390
37 448
96 111
104 1
101 117
87 138
60 528
66 921
90 526
38 639
20 461
100 954
35 590
60 314
16 315
123 586
72 784
25 417
64 864
95 291
125 105
49 234
48 249
54 763
47 217
124 804
115 779
75 784
31 841
40 698
70 208
87 436
39 348
75 274
19 743
81 563
36 7
111 945
86 356
22 595
58 779
3 233
28 664
47 499
43 221
53 371
82 98
83 298
39 978
93 95
125 657
52 581
125 346
71 450
52 982
105 587
17 203
94 811
15 327
60 932
91 978
121 35
70 565
77 484
115 292
81 599
109 183
49 996
124 470
77 842
80 815
39 151
93 695
17 814
28 63
4 563
49 744
30 298
96 272
95 925
78 253
37 751
124 360
81 445
84 874
67 741
23 152
87 926
71 100
49 315
60 444
58 784
94 281
67 96
51 838
108 168
109 183
69 980
17 564
81 988
6 286
107 726
82 831
118 843
15 934
9 328
85 593
27 843
19 777
8 794
93 222
15 632
94 440
41 639
92 503
69 563
125 800
43 740
67 772
46 479
98 645
74 780
67 779
73 557
31 822
64 208
99 739
111 348
64 802
79 929
20 147
32 884
27 577
119 747
118 481
98 327
94 976
9 619
33 846
38 769
35 131
106 491
32 472
11 70
106 732
99 614
91 615
76 251
20 870
99 665
99 368
29 675
103 598
15 323
50 284
17 841
82 112
98 425
101 127
113 498
95 260
55 393
99 366
5 319
93 528
7 979
104 457
24 656
106 528
50 26
103 784
117 812
51 272
112 21
41 471
37 751
97 909
51 647
121 778
25 155
69 450
102 334
99 346
57 969
36 369
110 565
13 911
119 406
91 183
75 906
99 829
44 840
31 326
8 35
19 881
78 708
114 576
12 670
80 363
79 191
109 277
115 699
35 606
86 65
21 136
66 959
26 454
23 479
12 976
11 38
8 569
8 342
80 192
15 740
10 742
99 38
77 528
35 71
111 668
105 724
119 323
17 79
79 556
53 278
97 111
40 94
110 186
14 42
47 200
75 63
5 192
90 312
93 209
101 286
41 639
121 280
78 203
98 435
63 395
80 137
76 566
75 524
27 855
62 762
124 203
105 170
118 240
82 707
122 156
27 711
35 289
30 776
105 62
75 794
54 790
53 218
82 505
10 203
7 432
26 852
115 344
105 280
102 156
20 344
95 428
51 440
41 177
52 93
43 197
25 675
125 512
42 319
119 514
95 590
23 148
50 324
23 551
109 584
10 633
99 395
54 506
21 673
122 83
4 259
43 20
58 746
9 858
78 248
48 370
98 36
98 778
3 28
22 173
46 898
73 267
74 410
109 144
61 815
43 921
73 664
