500
44 92
65 679
121 171
12 708
47 939
83 32
90 260
35 426
5 834
86 743
59 785
68 318
81 891
58 111
79 596
72 171
99 965
61 57
24 564
92 440
41 211
109 663
119 748
45 511
123 817
9 274
23 124
39 472
42 91
19 711
96 255
48 139
85 180
81 21
27 229
102 498
44 418
122 397
102 519
53 108
116 186
83 210
94 834
96 158
47 918
125 23
86 539
43 764
27 11
1 758
123 152
94 736
124 179
103 476
91 7
36 318
28 744
99 464
123 519
20 925
41 302
48 438
31 486
33 171
79 45
59 464
4 320
32 433
74 665
35 986
95 448
47 123
67 949
91 622
42 656
92 699
81 389
42 91
27 262
50 252
101 491
33 157
89 624
112 722
115 750
125 901
42 529
51 595
8 748
24 499
116 531
12 234
65 993
94 367
83 597
7 765
51 769
26 314
85 568
114 677
53 394
111 676
114 569
100 109
112 987
109 474
116 889
40 65
26 461
12 838
75 273
106 40
58 215
49 829
56 678
39 435
53 547
36 815
87 32
8 461
115 937
37 979
3 83
125 359
16 570
32 717
80 398
53 247
7 782
124 992
93 870
77 602
63 425
118 677
36 997
19 582
105 779
46 17
44 533
100 858
18 258
21 552
91 719
1 135
8 615
76 371
90 349
88 554
37 236
109 256
60 416
11 137
30 199
120 871
73 812
7 555
65 924
5 757
52 483
25 727
103 711
123 512
116 233
32 543
112 942
5 313
11 393
107 582
101 396
4 352
94 713
112 702
91 773
103 6
117 306
35 645
114 647
105 245
1 531
38 978
75 275
20 760
117 511
38 486
85 283
16 897
82 914
20 46
122 816
100 25
94 385
92 309
114 49
105 189
50 439
37 470
59 933
56 166
63 531
8 849
71 521
99 585
110 277
103 33
53 88
84 491
17 220
105 413
5 268
19 761
73 271
72 374
45 748
13 835
110 83
11 286
76 757
123 64
59 443
50 44
24 984
49 908
79 289
82 501
67 417
18 583
22 420
125 451
92 917
11 486
82 384
108 488
51 454
32 670
22 278
79 440
112 907
70 760
17 22
50 702
80 683
108 551
120 45
11 905
75 995
35 702
10 554
72 651
4 94
50 841
17 351
20 15
10 8
97 82
123 297
33 606
84 658
58 768
120 506
38 297
22 282
72 248
117 987
84 877
111 965
36 382
125 968
96 509
10 22
76 927
87 660
43 795
99 124
34 134
93 924
102 424
99 206
63 762
36 551
20 534
87 149
3 642
21 238
115 341
2 277
8 174
8 745
92 945
72 181
32 251
86 93
104 103
66 828
10 250
33 857
58 908
114 838
43 890
97 788
39 452
109 545
100 979
30 686
21 594
120 592
38 329
47 158
100 419
1 594
125 269
8 406
80 818
39 473
61 913
80 640
44 217
122 501
118 813
12 93
32 682
122 987
9 982
99 351
66 45
99 622
53 89
120 85
72 688
113 410
119 346
26 54
88 747
25 957
72 123
101 137
2 785
83 29
19 475
34 136
117 290
52 366
47 59
31 454
39 598
24 241
79 660
121 869
46 710
107 962
69 607
63 305
25 990
24 901
7 465
58 718
107 128
112 943
122 172
120 686
112 232
47 518
25 259
96 965
122 606
99 869
19 231
107 457
72 973
12 321
114 538
98 530
14 648
8 134
79 866
109 129
46 548
56 778
1 844
117 821
92 630
111 315
81 666
103 777
90 165
29 990
18 436
42 12
102 837
72 410
37 122
28 411
80 274
115 665
54 324
67 350
87 524
109 957
118 386
112 713
90 735
114 303
109 915
17 741
104 360
85 515
14 250
56 190
28 257
12 194
9 799
55 265
14 620
49 178
52 884
104 111
49 154
62 104
61 568
27 146
50 809
27 884
120 899
29 275
18 192
71 441
102 49
100 999
55 128
116 681
3 24
88 93
1 34
102 486
91 869
39 95
70 276
21 720
95 880
73 983
112 866
31 988
63 930
47 495
28 422
53 173
87 751
45 199
88 432
92 967
71 290
65 46
64 952
117 389
113 638
106 403
100 964
122 846
72 378
11 352
62 645
82 359
105 768
25 526
94 219
63 562
33 48
27 557
72 589
3 487
57 763
55 468
105 132
45 292
15 154
101 175
2 148
40 658
97 197
89 266
44 401
78 915
105 329
56 542
57 652
95 643
19 364
68 793
1 912
42 779
108 680
96 615
106 790
64 823
26 32
114 306
101 74
71 972
14 978
92 220
120 369
