500
7 987
77 939
125 643
24 155
82 435
58 892
28 373
103 178
117 247
15 445
74 703
117 946
64 268
83 536
88 824
123 599
105 709
26 504
125 604
36 415
106 407
117 706
13 180
22 704
77 239
31 852
73 891
53 572
90 540
81 486
14 810
77 732
94 416
83 506
12 991
64 562
123 768
76 163
63 491
85 408
111 32
42 779
28 168
31 744
86 796
123 828
103 805
96 435
102 201
114 533
92 994
62 449
67 416
81 762
15 818
120 234
13 45
114 488
38 3
118 158
124 555
74 266
36 787
124 387
89 500
32 460
36 600
81 357
113 554
19 526
14 739
68 331
59 691
111 567
34 201
91 63
7 896
122 283
32 330
73 909
102 119
90 686
117 682
43 68
110 147
39 274
17 328
30 114
85 346
100 360
103 384
32 902
50 483
53 610
10 653
105 615
123 524
55 353
91 363
62 243
30 77
103 734
77 100
110 665
64 612
11 724
83 663
120 599
79 624
23 576
110 581
41 990
125 38
70 112
60 1
94 678
62 990
23 73
60 505
35 394
109 470
49 454
100 614
117 380
121 177
31 295
104 374
14 868
108 363
44 796
97 16
121 10
57 129
10 129
16 181
120 659
14 470
72 751
12 437
41 543
119 37
23 473
19 422
16 885
97 508
117 400
8 941
123 328
47 413
80 693
123 600
116 615
97 368
48 466
84 672
71 796
30 921
69 307
119 983
9 238
95 138
64 234
45 488
59 347
30 575
50 452
51 124
112 967
38 426
112 75
62 952
68 923
39 186
60 633
68 31
120 125
98 38
113 303
42 984
53 198
48 863
7 853
60 982
54 375
21 351
10 665
6 404
38 123
4 484
6 863
53 743
90 110
56 361
46 795
43 285
41 590
65 470
18 909
93 371
12 154
81 733
112 287
20 439
116 421
46 867
42 446
67 735
95 136
56 449
89 749
107 806
5 807
20 387
34 254
40 842
50 853
39 16
47 330
106 412
122 915
96 693
112 285
26 388
106 105
41 573
103 88
3 825
32 720
67 647
124 695
81 101
102 114
71 566
49 96
106 583
43 685
111 720
8 447
28 832
54 869
30 303
122 260
50 1000
77 700
121 505
30 644
96 343
91 362
69 76
102 72
22 540
103 236
87 373
63 976
111 760
61 378
3 482
87 584
11 240
56 355
60 45
106 443
20 980
1 517
58 641
75 850
27 999
61 247
13 70
59 43
9 635
42 54
28 59
106 218
43 138
8 641
87 966
104 233
115 913
16 400
12 633
33 5
1 258
31 938
109 185
41 251
11 81
28 402
116 241
2 250
45 135
54 792
5 829
65 828
112 809
43 766
66 629
3 784
99 376
64 96
71 1
107 651
107 976
27 9
8 638
80 834
79 249
56 796
15 866
35 666
91 453
118 150
9 712
87 704
101 28
7 5
19 557
23 445
69 753
62 395
58 501
39 231
42 596
24 905
8 322
18 5
118 266
46 608
41 560
10 937
61 498
11 397
95 79
31 146
80 964
8 752
64 757
118 256
68 364
91 636
19 186
8 299
49 158
86 887
57 358
83 292
26 714
21 501
7 144
57 377
77 344
37 109
2 392
58 873
91 807
125 431
122 968
7 661
122 38
95 359
97 700
61 171
61 57
66 782
41 619
80 985
78 844
123 574
43 327
101 646
121 888
100 406
83 343
31 861
96 379
45 746
64 364
122 40
56 918
82 382
57 351
8 676
63 493
102 751
112 573
115 839
8 712
17 9
18 529
23 797
67 715
34 354
34 389
69 724
93 517
74 549
123 942
22 47
21 768
122 888
38 920
93 411
54 973
100 47
12 440
33 418
84 578
49 50
24 554
75 697
7 830
10 811
78 715
109 400
29 664
105 486
42 577
84 155
36 342
97 937
78 230
91 176
24 862
114 204
38 95
119 399
32 101
53 3
124 990
69 726
46 856
125 812
43 752
122 363
112 205
46 565
35 867
82 532
59 462
70 147
43 402
99 900
119 87
64 336
99 640
125 645
77 874
115 573
2 722
40 669
87 452
32 257
68 469
69 503
74 21
20 654
97 337
115 759
63 518
4 209
117 738
39 535
11 436
27 355
121 733
92 612
37 630
118 414
5 894
31 210
4 883
103 29
106 467
90 489
96 568
39 474
27 494
121 547
63 665
106 363
61 720
110 800
48 917
90 683
112 915
93 732
44 835
21 951
49 328
63 816
40 543
51 819
5 448
45 664
10 291
77 180
52 699
50 521
25 3
57 556
