600
149 873
47 17
82 516
43 183
73 760
149 524
5 421
59 115
64 721
7 67
130 43
31 428
5 268
145 783
128 742
129 172
13 381
3 752
56 200
141 392
120 519
57 863
60 959
111 206
94 514
89 332
6 332
12 571
29 363
96 45
50 984
97 264
128 816
116 615
115 325
72 486
85 114
140 439
67 460
141 984
125 341
87 684
56 923
23 994
111 46
39 752
42 384
125 332
65 661
26 441
125 893
51 191
88 158
37 775
61 766
45 966
55 306
4 462
123 448
106 164
145 631
110 701
70 787
84 483
57 580
44 610
127 172
103 614
106 640
149 2
18 133
136 122
52 311
82 764
137 518
134 956
106 249
97 677
29 821
63 59
59 485
98 617
35 252
7 264
69 43
108 769
114 782
145 395
60 524
119 154
86 192
141 678
99 303
89 567
84 285
32 18
57 771
67 341
45 25
57 813
87 277
58 520
128 831
67 307
124 650
58 490
98 613
21 747
92 17
142 516
95 180
85 837
120 546
84 475
100 861
109 132
100 230
30 605
45 559
96 931
85 63
142 956
125 669
45 971
1 988
5 636
128 98
80 898
71 437
82 414
131 137
34 172
13 689
144 517
106 74
148 540
123 860
115 372
8 426
124 727
140 136
71 609
17 977
82 650
123 554
55 707
47 985
112 955
15 157
128 479
100 784
1 756
30 908
36 959
129 724
93 942
97 854
78 137
148 428
34 426
87 6
107 676
91 208
109 863
11 639
124 100
77 225
58 685
58 733
99 764
123 572
95 163
24 437
93 708
135 883
8 579
14 406
119 495
138 588
2 961
126 56
142 410
88 315
17 765
141 734
2 3
142 634
143 529
17 948
79 223
21 854
97 49
41 142
17 549
128 895
145 631
99 383
13 733
13 601
71 85
115 773
36 385
119 812
106 579
17 874
133 969
97 436
136 843
111 799
146 314
128 613
120 630
92 297
59 634
106 422
37 508
47 317
133 440
130 466
149 906
75 211
4 665
101 907
54 183
41 819
87 669
132 119
36 62
126 584
115 491
138 50
90 884
9 998
61 733
40 365
146 688
112 366
66 934
72 103
119 487
8 240
140 55
36 141
14 222
134 861
42 615
123 357
18 71
106 516
131 580
50 233
137 563
40 646
50 275
150 651
61 641
68 974
49 298
122 576
29 198
60 388
5 478
24 295
29 646
89 670
148 211
141 993
144 357
3 661
99 719
146 394
149 75
143 739
21 646
71 854
80 725
100 918
62 773
33 910
53 288
37 571
119 639
7 760
107 846
113 689
85 50
67 842
36 494
39 476
134 470
97 445
146 205
53 187
79 572
38 171
70 740
62 149
119 545
35 438
62 993
95 313
132 501
51 527
44 29
135 870
41 15
124 693
117 671
145 469
5 879
19 661
66 45
77 381
144 553
125 946
110 728
86 434
76 833
2 509
148 395
138 415
27 484
84 165
18 953
108 340
46 671
92 77
126 943
105 983
93 271
43 328
69 573
80 582
31 862
4 650
94 295
112 491
125 742
131 89
89 370
85 917
81 753
16 484
41 683
38 346
51 671
105 954
135 584
50 714
39 277
13 941
150 65
45 18
68 992
31 581
92 478
108 916
10 706
113 933
58 652
60 434
35 927
84 432
21 261
46 97
22 5
141 540
14 194
8 879
23 253
132 857
147 309
21 191
149 613
123 802
58 222
102 83
129 469
25 1000
138 796
70 962
36 509
83 423
90 530
89 386
111 914
87 291
3 674
122 364
2 738
100 784
62 545
63 867
129 776
30 684
15 182
37 513
69 105
85 379
3 343
61 847
13 839
130 106
112 791
104 56
139 963
21 516
46 490
88 586
77 322
62 557
122 793
36 629
77 617
53 563
44 763
96 977
81 779
35 102
117 203
111 192
85 531
111 570
111 901
58 633
23 392
35 550
41 966
144 479
145 6
129 729
120 649
56 827
19 798
42 365
18 91
50 161
6 713
105 995
45 119
85 466
86 525
52 712
37 268
126 75
28 964
66 698
55 195
42 880
96 859
88 699
12 403
35 258
9 553
49 654
24 230
8 697
69 795
101 286
129 777
87 87
146 249
33 441
13 781
41 551
111 427
31 640
68 93
113 206
47 37
71 299
94 263
56 149
58 87
82 272
116 69
76 836
121 137
131 424
49 102
97 404
52 666
22 220
122 271
102 483
134 998
143 616
84 658
142 561
82 839
57 248
141 220
139 166
137 791
48 632
112 180
95 285
26 931
42 564
117 596
137 389
150 824
108 537
86 726
124 727
130 944
56 584
87 995
149 721
90 685
120 278
103 787
103 400
91 45
98 171
142 160
42 400
1 56
2 618
66 219
124 61
98 605
80 343
13 495
117 876
33 887
95 227
60 690
64 875
38 181
64 744
3 117
98 788
86 911
110 600
54 565
67 620
13 737
46 19
86 495
58 779
73 828
40 544
141 19
50 177
117 667
60 818
28 917
17 732
7 916
89 79
74 262
114 174
113 788
42 869
136 8
31 173
1 599
49 409
60 769
119 92
55 174
88 307
121 132
128 229
60 661
148 73
91 271
150 288
81 496
63 723
18 553
139 364
75 323
127 79
147 231
26 528
89 979
59 701
112 935
25 866
49 906
1 281
109 843
11 255
129 499
103 797
4 749
74 511
40 996
120 956
3 6
72 975
107 700
114 127
12 346
134 356
46 400
135 502
96 967
