600
34 271
59 809
131 728
147 47
72 101
53 627
82 640
108 152
3 559
82 589
141 851
97 341
35 568
139 911
5 14
32 158
25 815
13 323
143 389
138 985
101 259
118 717
51 771
148 903
85 169
71 813
48 703
54 354
22 731
43 803
33 428
140 47
67 724
112 849
64 809
127 536
144 476
53 402
50 124
26 669
97 220
126 260
75 417
30 396
17 131
90 518
59 803
123 628
52 532
27 428
52 437
44 961
131 190
29 873
57 674
39 927
121 370
115 331
90 3
13 932
35 941
26 340
74 104
123 723
11 175
129 201
149 472
110 766
44 956
27 895
48 258
137 87
75 946
59 616
113 88
29 520
68 276
14 308
8 870
115 319
26 721
38 225
28 315
85 347
37 192
115 488
47 466
136 68
111 796
44 591
48 711
108 286
61 937
47 146
92 137
128 89
25 33
22 373
104 469
65 183
13 792
41 224
25 269
74 295
66 519
48 696
138 461
32 494
128 360
129 894
29 442
15 111
61 273
136 156
32 756
114 939
147 96
48 998
111 550
104 429
4 2
80 303
11 139
147 106
48 478
31 238
21 242
103 940
47 207
19 245
105 660
26 881
77 188
89 184
118 489
106 425
139 837
39 748
90 724
139 161
87 799
141 724
108 515
134 221
125 830
23 295
36 349
132 2
53 473
2 332
59 124
55 776
115 834
54 651
32 124
117 730
42 68
57 158
57 405
57 845
39 788
106 585
75 63
149 919
130 714
57 364
10 990
42 674
20 987
19 779
8 894
117 818
94 594
46 527
38 969
101 714
74 76
147 809
147 105
9 886
103 93
27 486
140 155
94 55
145 44
92 422
149 290
91 215
7 535
143 57
51 947
17 557
61 692
1 677
94 90
119 273
46 847
140 862
121 39
31 974
78 384
97 144
129 254
11 559
148 798
74 346
12 582
92 406
137 28
10 437
57 705
107 721
89 718
116 458
73 187
72 104
142 166
144 525
49 499
119 538
28 165
129 406
62 148
76 864
65 251
53 100
79 418
24 710
116 613
88 536
126 220
133 211
127 679
137 898
63 680
77 701
118 325
80 877
124 453
15 373
35 494
58 284
128 805
54 991
126 523
24 346
96 264
112 739
43 121
100 600
128 663
135 54
102 927
73 39
148 530
39 584
38 575
112 4
129 739
129 999
98 335
84 783
17 6
10 619
52 859
81 899
41 503
47 105
3 119
53 169
58 117
96 852
146 694
39 512
130 865
82 983
75 946
23 290
36 869
39 851
36 102
100 305
63 672
74 309
129 926
79 475
33 146
11 670
42 567
59 452
150 43
133 799
61 431
105 788
43 378
79 750
150 74
85 576
108 940
38 825
34 811
123 123
43 663
115 13
39 950
22 295
124 8
32 200
73 768
14 486
37 343
141 611
69 846
150 458
85 341
64 946
127 968
53 108
55 890
122 181
38 923
92 593
138 372
95 189
87 829
39 400
79 734
130 897
20 744
36 436
108 931
72 724
13 331
81 144
63 251
77 374
100 813
3 625
29 390
115 326
29 985
32 329
45 839
15 16
109 920
50 774
91 727
23 918
17 818
148 657
29 411
90 836
42 954
41 320
101 513
131 790
2 338
28 159
131 825
66 529
83 325
19 135
42 407
115 628
107 317
140 347
133 361
111 161
60 407
82 989
137 128
9 549
102 764
102 641
103 319
64 129
75 480
30 667
122 183
63 921
91 593
92 534
68 141
140 811
140 915
83 910
99 714
127 857
46 624
95 90
98 449
109 860
15 865
106 821
91 475
150 615
83 734
49 145
83 33
76 838
83 550
36 511
142 127
59 3
25 331
95 741
18 429
4 227
146 356
138 628
85 221
91 253
115 991
147 660
123 463
137 793
7 568
104 973
125 121
9 82
62 3
141 992
60 298
97 105
71 361
17 805
76 173
138 79
34 543
24 730
56 697
31 581
127 836
12 576
40 367
8 972
69 631
45 368
70 139
19 185
44 456
103 155
30 216
64 126
132 149
13 930
63 128
1 897
84 644
46 13
61 313
25 359
111 878
83 573
63 793
148 786
146 66
18 368
85 741
44 936
54 482
132 779
20 532
121 536
4 111
9 108
114 418
76 921
88 444
62 384
46 254
47 616
30 113
80 458
129 155
6 849
5 510
30 98
36 208
139 396
49 176
93 180
39 505
100 438
94 939
126 850
77 780
31 275
64 875
121 543
53 478
36 553
106 928
140 900
88 159
51 458
78 144
15 738
49 279
142 936
144 879
32 232
73 61
22 244
92 389
56 18
120 178
47 450
128 946
84 281
64 461
61 830
33 51
101 786
98 994
93 490
93 576
111 541
78 841
87 844
22 842
32 943
88 577
63 328
44 511
39 953
92 348
65 687
24 499
32 922
95 962
5 610
121 354
7 819
1 835
13 303
101 576
83 591
59 295
92 765
83 103
108 53
27 882
134 420
81 870
56 731
133 800
59 821
127 961
1 216
60 113
66 866
97 438
78 95
19 220
70 950
14 934
86 760
75 149
77 336
97 529
97 21
133 884
100 48
55 683
6 309
102 231
33 17
89 912
111 539
87 82
53 430
78 900
84 661
146 294
149 33
75 770
24 756
64 263
73 197
75 866
50 896
106 53
66 743
120 614
25 497
46 87
12 903
6 705
23 474
93 746
40 67
61 632
7 735
89 636
74 760
116 967
88 810
100 601
31 970
