600
103 982
83 457
44 714
135 262
46 574
145 379
29 954
53 510
114 178
21 777
37 990
32 754
111 511
139 976
117 255
129 178
146 458
95 185
90 295
91 70
125 372
78 228
97 680
78 754
143 187
67 977
124 381
9 901
58 210
26 176
65 552
134 781
130 873
140 934
128 854
76 125
44 441
81 860
59 931
42 254
130 914
31 330
128 841
92 548
82 596
43 746
115 511
145 491
36 931
101 773
70 134
12 882
74 640
88 559
16 737
86 18
63 316
129 843
135 483
67 682
4 767
12 456
71 196
104 478
80 985
9 224
27 939
28 897
60 992
144 490
84 532
127 680
121 441
122 436
1 824
98 910
4 192
107 963
67 573
26 726
118 723
94 407
123 148
7 359
148 547
110 269
32 685
144 140
126 745
99 417
46 53
58 448
64 703
7 295
125 66
67 965
55 190
116 669
33 338
113 655
70 285
79 411
60 566
8 69
11 992
99 206
1 779
118 647
78 586
144 520
115 992
115 99
36 848
32 394
148 864
50 411
6 357
30 384
107 587
134 245
53 31
135 809
65 541
113 141
26 303
103 420
130 557
117 268
83 335
4 609
125 171
94 890
140 421
82 226
132 747
38 976
143 118
83 773
118 168
15 720
93 140
71 576
43 992
28 776
113 982
150 381
108 642
128 616
133 429
92 418
106 189
66 161
118 940
49 270
58 683
1 262
97 959
112 931
85 755
31 91
13 663
137 436
119 131
27 100
13 171
94 191
145 917
44 579
18 74
20 749
9 233
125 942
41 867
102 852
31 563
39 110
57 849
115 694
125 959
121 994
47 730
147 704
73 759
94 239
149 874
3 798
73 934
51 633
100 742
55 182
1 48
94 7
76 745
41 864
144 898
34 446
54 14
142 172
101 17
13 934
78 178
57 659
123 279
108 638
16 770
122 29
150 680
50 173
19 231
141 752
46 837
118 821
71 635
96 597
116 188
74 110
145 879
25 135
92 330
45 917
145 216
123 117
72 817
113 549
55 284
125 728
22 866
111 121
24 336
65 265
50 795
63 400
17 508
66 961
25 437
67 466
134 251
4 211
53 556
16 6
125 736
140 445
10 382
124 13
133 18
80 110
108 600
113 821
150 645
84 803
74 320
128 774
120 904
23 211
34 496
65 739
130 347
19 740
1 62
96 49
91 373
69 786
28 462
129 827
141 744
150 260
105 871
66 8
20 30
59 954
111 289
148 723
148 843
88 483
102 479
118 15
69 534
114 806
33 661
80 389
74 228
93 155
133 780
38 576
144 83
2 408
98 977
39 529
32 596
83 900
44 740
117 81
27 220
80 69
111 325
65 533
34 557
86 607
134 690
56 936
44 524
114 105
68 538
72 588
103 462
128 892
5 450
29 926
82 398
30 115
71 750
101 311
105 679
44 941
60 486
9 22
2 359
94 883
10 624
60 442
68 532
97 660
53 348
33 413
141 397
112 54
48 454
11 551
143 475
143 780
98 509
107 196
49 918
71 22
1 306
145 466
12 875
18 724
24 547
135 693
6 220
144 39
95 930
10 617
29 600
45 343
68 372
44 22
119 411
37 847
137 969
145 37
37 216
5 527
115 397
4 31
21 874
145 930
113 946
80 905
139 506
67 737
15 470
147 730
38 585
75 179
27 814
86 647
70 218
150 872
78 296
128 746
92 356
121 714
59 455
98 53
63 313
149 422
104 630
60 431
102 547
148 226
67 860
55 756
80 344
70 894
68 508
93 404
124 80
15 20
45 557
39 729
99 898
126 71
121 118
21 813
80 586
149 955
44 84
111 370
65 240
47 827
19 952
12 841
147 131
4 497
94 266
11 534
5 828
125 696
63 225
93 758
142 245
23 37
44 419
8 556
38 190
9 720
147 169
70 878
46 320
91 969
140 522
53 553
31 511
78 130
100 297
51 686
133 616
17 705
10 791
122 236
50 446
41 568
112 630
132 346
58 968
144 164
96 986
140 15
22 994
35 894
129 894
71 66
75 382
117 839
39 634
9 875
40 293
43 830
57 130
83 213
89 856
132 900
121 782
128 511
64 175
17 747
142 680
94 42
71 874
144 27
132 193
10 368
35 397
46 727
89 844
73 952
110 905
84 164
21 808
18 430
5 601
39 981
55 112
34 86
59 447
131 398
119 987
68 618
14 214
121 538
23 601
112 195
10 78
81 652
46 321
14 350
62 285
20 552
62 895
5 976
63 555
141 427
44 49
146 736
27 636
130 148
143 68
106 75
123 584
68 87
53 512
3 796
61 519
109 670
42 4
28 891
22 607
72 433
94 486
45 371
22 762
127 29
31 654
47 214
121 620
127 985
48 926
91 545
34 811
77 35
120 801
80 116
18 353
128 65
39 813
44 578
49 687
53 996
120 762
7 305
46 852
24 288
83 159
31 174
91 312
146 736
63 364
88 80
49 785
1 74
76 667
55 260
129 973
39 572
42 697
23 138
94 69
131 859
9 60
112 26
45 69
46 311
14 292
106 494
27 212
40 174
10 81
103 163
99 675
75 250
49 738
124 971
50 324
120 679
59 933
48 805
7 117
112 90
41 607
4 18
128 39
67 934
148 28
93 123
11 496
144 289
77 503
24 713
114 262
140 241
71 447
71 769
28 620
5 43
89 795
59 541
94 626
144 345
64 745
67 411
115 466
89 201
26 468
150 386
117 83
86 184
45 758
39 16
