600
131 314
92 362
71 838
5 622
138 91
10 581
82 759
16 809
95 528
22 414
38 868
104 127
1 445
72 650
101 639
4 50
120 771
16 911
82 77
43 12
95 378
12 699
116 842
58 200
10 547
44 878
95 996
135 605
84 654
129 699
6 568
48 558
114 334
11 576
75 150
32 388
73 89
64 439
144 532
81 55
90 841
122 432
121 594
17 813
47 655
105 158
95 75
134 254
149 338
30 34
117 597
141 621
48 495
113 889
91 417
71 712
85 265
49 899
19 424
88 341
117 624
109 24
8 155
23 349
78 169
87 624
19 455
121 163
3 733
18 765
79 847
52 655
40 695
135 378
38 900
42 765
10 724
18 599
39 568
35 915
102 176
74 515
137 611
126 533
2 983
29 972
127 244
111 978
25 399
97 264
97 712
88 911
47 902
77 658
126 588
102 623
94 478
29 227
81 103
106 618
24 662
82 1
148 176
109 679
51 358
32 10
16 3
37 192
116 407
92 529
139 312
29 989
78 812
65 853
132 539
43 751
147 490
121 402
134 26
6 106
147 153
40 934
31 298
142 269
147 394
96 982
39 865
99 154
79 281
149 628
41 878
62 92
83 239
57 638
14 295
117 233
111 686
121 670
21 242
26 567
106 166
74 35
23 42
94 353
102 746
82 808
94 456
55 399
42 311
90 515
111 500
97 719
97 740
39 313
66 199
12 436
56 71
69 161
2 858
13 292
105 275
23 878
54 950
144 277
103 476
40 246
75 939
27 484
26 156
129 530
36 448
128 887
134 442
127 951
29 659
104 233
7 31
138 547
113 581
87 190
69 744
51 84
8 12
11 463
102 75
125 363
60 720
69 256
78 579
148 704
43 881
127 321
42 641
61 949
45 180
24 962
123 445
86 584
137 813
85 764
52 578
90 664
34 409
66 812
86 151
53 459
20 581
123 649
115 334
48 100
37 425
3 115
42 988
76 171
119 78
71 946
56 529
57 356
13 534
135 272
49 954
49 510
114 831
123 249
54 883
4 569
94 515
39 620
14 205
93 378
57 807
49 891
120 677
144 275
127 206
66 797
106 153
124 466
78 414
113 951
126 511
39 311
104 759
148 46
36 504
83 800
11 590
10 683
36 20
5 754
104 717
33 402
86 649
87 296
36 566
121 510
9 23
127 738
107 447
107 485
101 526
18 37
102 675
64 667
114 867
108 391
84 704
119 5
62 472
76 468
47 441
18 783
4 201
122 507
128 858
59 923
146 597
26 745
63 654
93 286
110 788
84 922
26 862
121 796
64 902
47 543
20 67
89 750
45 4
110 681
106 743
49 133
117 736
85 313
74 308
37 512
135 860
49 229
49 714
73 686
78 771
137 825
32 441
40 817
58 977
23 721
28 390
40 523
1 912
14 749
88 637
108 388
134 664
18 282
20 449
107 647
130 345
102 665
36 772
13 33
76 674
5 480
119 307
5 149
133 820
2 636
115 970
11 866
27 164
116 842
137 218
58 108
129 692
6 692
22 515
146 732
81 910
121 124
26 413
103 122
96 371
16 464
119 187
93 46
39 268
68 952
32 557
72 466
43 519
71 425
20 544
41 832
53 812
86 338
106 774
142 330
105 45
115 103
58 629
68 578
57 982
74 987
40 205
86 78
144 43
47 438
120 480
82 75
57 166
85 420
85 443
149 433
72 423
77 62
99 845
60 57
128 57
79 578
123 688
148 802
114 862
11 337
79 706
15 581
76 944
84 744
115 388
73 878
115 580
13 473
98 31
106 414
129 299
79 294
52 641
63 500
91 85
105 258
70 799
9 485
92 309
28 545
115 741
127 746
54 291
61 264
7 170
34 418
55 67
59 275
31 202
80 890
23 534
10 563
48 586
48 732
3 664
75 318
114 856
9 530
40 87
87 180
6 62
130 514
108 878
111 780
36 929
4 604
14 569
31 891
20 712
21 813
34 900
8 982
13 873
143 611
104 251
35 478
76 105
93 506
133 464
116 155
97 239
28 869
52 968
117 190
45 664
126 344
25 886
12 280
122 861
113 897
32 476
47 496
119 339
104 302
103 323
114 372
148 349
73 282
100 639
15 235
128 670
110 807
149 469
145 584
123 702
36 128
56 164
21 412
58 181
20 400
55 271
98 809
20 150
123 239
110 83
92 133
33 794
5 236
113 183
101 312
119 660
22 505
108 520
98 551
82 790
52 424
58 512
42 494
110 170
86 86
6 953
13 490
31 404
46 415
128 297
44 430
77 66
92 434
111 525
35 378
75 477
10 719
63 824
53 943
112 85
39 617
50 473
134 858
73 417
104 758
109 530
11 311
74 211
89 490
138 896
37 520
88 776
20 246
104 198
99 663
7 289
146 727
110 812
13 721
130 759
78 644
53 736
123 930
75 976
41 960
77 601
86 463
64 332
88 432
122 758
86 245
19 557
142 318
112 638
22 61
39 765
62 902
145 762
35 268
56 880
97 595
48 844
57 426
108 529
98 289
1 548
82 931
6 662
122 623
28 209
37 605
140 627
86 846
139 310
113 437
71 486
33 522
149 355
64 364
20 877
99 334
87 280
68 477
66 452
108 858
94 872
145 980
68 74
73 623
137 452
100 345
147 285
141 881
146 101
66 544
98 611
6 36
150 734
23 532
8 962
36 247
110 510
127 938
30 42
12 385
123 491
127 926
111 751
130 427
118 137
35 145
129 927
57 562
