600
139 821
34 873
32 378
30 353
2 445
18 923
105 975
38 971
123 55
3 449
99 441
128 740
123 982
130 159
72 936
113 246
21 302
18 205
37 961
30 429
104 533
23 335
134 728
13 574
79 997
131 472
99 594
72 555
14 889
114 590
15 214
29 675
64 669
74 211
82 404
142 853
93 256
139 156
40 213
47 952
94 944
76 242
95 368
89 199
36 26
18 982
77 890
123 538
43 711
113 7
98 86
79 567
148 250
123 569
138 282
38 296
64 457
16 644
25 247
31 400
127 698
35 409
5 46
31 228
68 887
142 557
29 587
118 232
59 416
145 108
86 752
4 407
52 287
4 239
85 816
114 635
80 394
5 230
48 629
8 911
75 963
7 886
118 706
130 440
55 99
77 439
101 708
49 706
44 681
5 143
146 237
116 697
37 514
67 345
68 733
98 243
29 350
141 805
55 661
104 135
149 391
30 610
31 373
67 236
35 52
110 710
97 773
6 929
137 679
131 514
24 79
127 765
58 752
105 650
99 4
101 332
36 75
106 659
90 959
14 216
108 468
84 249
33 595
24 632
25 663
106 591
50 855
114 925
17 314
58 676
110 5
88 976
63 821
9 539
12 290
27 626
65 851
88 712
116 700
44 163
90 563
25 933
1 693
59 170
65 52
121 245
103 602
4 387
122 143
41 195
13 257
111 799
14 623
56 355
44 854
52 888
93 325
35 384
125 962
102 183
24 391
49 752
1 414
4 449
93 976
62 12
12 890
99 248
102 406
111 756
46 631
130 232
109 97
15 50
12 879
47 849
145 745
44 62
34 773
36 582
111 834
76 718
131 607
84 382
61 139
66 971
67 375
32 781
98 419
9 627
15 537
18 269
74 732
1 693
70 870
26 409
72 546
23 743
54 582
82 32
30 797
38 502
109 593
36 704
96 117
96 247
32 843
33 735
72 225
100 416
59 811
145 8
117 15
83 321
103 635
45 631
143 957
91 472
68 349
9 466
83 898
75 558
61 313
112 131
32 223
95 434
116 872
49 552
46 602
67 368
25 762
25 368
48 761
81 435
88 176
110 270
76 883
137 914
31 872
99 642
27 661
13 991
129 498
69 580
8 333
99 624
32 753
50 842
98 188
54 899
38 16
64 232
120 687
95 940
64 280
11 984
19 671
99 231
43 745
111 193
67 805
144 581
131 309
93 342
72 964
122 825
127 670
26 815
122 528
125 780
65 908
129 653
147 233
55 249
40 538
81 226
70 585
30 208
46 147
116 605
68 3
128 762
38 789
127 561
134 887
15 68
77 650
3 465
111 908
147 485
111 789
11 523
61 31
105 429
71 593
139 357
23 138
139 614
117 850
148 266
27 997
132 162
142 121
117 202
67 712
105 153
137 392
72 670
118 753
100 742
102 487
115 727
18 309
121 476
63 784
149 183
82 239
67 185
145 791
26 709
120 46
84 293
8 855
132 741
145 906
14 145
76 902
70 237
83 659
96 852
43 759
114 788
87 43
126 623
52 554
122 994
133 963
47 916
67 401
93 248
54 749
90 786
42 801
107 120
87 111
122 969
11 673
94 365
54 406
144 370
73 593
87 576
106 977
78 66
142 296
124 465
129 377
45 790
92 742
32 722
113 492
78 99
36 3
49 346
142 859
35 550
34 334
38 916
10 273
115 282
85 386
4 462
16 114
28 731
10 154
47 562
94 473
146 765
37 387
41 414
120 568
100 483
20 341
110 708
8 400
73 74
75 29
138 618
54 817
74 664
136 374
103 613
102 809
55 370
30 245
81 730
112 563
55 459
147 73
137 37
25 792
70 622
145 417
99 642
101 342
131 220
127 748
146 979
73 969
42 859
44 264
17 470
126 92
52 35
62 842
128 122
37 699
141 911
107 6
149 114
106 575
82 13
83 39
55 529
80 21
125 917
63 492
126 715
78 189
52 853
50 658
119 849
32 193
85 895
74 110
95 963
72 944
89 529
120 388
98 688
125 96
150 482
54 339
82 677
111 873
29 113
8 871
111 974
149 169
118 379
85 512
129 440
114 59
127 307
142 863
100 63
147 81
29 683
42 562
102 88
22 895
111 776
21 858
82 30
42 345
58 603
8 737
46 842
26 518
76 305
146 191
49 612
107 862
6 234
26 785
135 670
111 8
27 41
135 600
34 34
50 988
90 88
51 211
90 558
30 432
7 80
42 775
129 585
84 141
76 798
132 883
56 460
9 852
53 291
4 407
121 969
62 167
133 131
89 604
66 436
95 664
49 850
87 366
7 969
105 956
60 645
150 727
113 762
21 188
46 978
44 721
54 173
119 262
118 643
133 745
111 651
143 593
71 156
100 164
48 341
13 566
88 945
97 499
72 331
128 641
58 68
72 740
1 107
9 913
54 127
130 170
141 711
32 130
45 203
22 658
116 100
42 50
72 653
118 511
92 959
87 690
108 276
19 736
117 247
13 635
18 450
14 327
122 767
142 740
8 368
53 215
18 945
91 187
149 168
52 456
32 248
144 577
102 29
133 844
130 53
147 344
146 498
61 429
6 265
133 47
17 891
50 369
7 425
143 576
11 694
22 523
50 661
66 182
103 585
94 14
137 868
27 530
105 210
104 27
120 630
150 804
27 700
120 34
92 364
23 727
46 433
19 307
128 690
110 622
111 639
116 788
46 884
145 231
7 248
106 120
111 700
63 946
130 213
130 621
77 171
