600
6 194
139 583
138 964
64 283
38 538
92 511
2 60
106 814
96 531
89 57
82 625
3 541
13 399
16 472
15 616
142 700
2 207
117 161
122 284
32 869
7 954
90 311
103 772
105 814
10 659
54 48
75 668
54 851
91 737
68 499
88 61
13 56
87 74
103 437
63 43
115 272
4 623
94 778
42 430
58 192
126 210
56 148
91 247
19 139
113 993
118 217
8 208
62 453
90 778
108 588
129 544
48 369
144 498
34 240
60 776
54 240
72 82
94 266
36 379
28 765
38 931
43 26
124 710
8 714
20 70
96 301
11 952
123 230
21 126
94 215
51 314
57 413
95 935
61 964
5 831
76 460
20 379
123 330
44 79
38 632
59 160
57 825
64 739
97 773
64 972
61 947
125 873
43 495
47 377
120 86
103 854
144 808
52 815
80 332
14 865
105 63
70 621
4 92
39 248
67 507
111 938
122 129
44 100
126 102
84 852
13 257
104 375
33 344
31 49
149 784
31 766
61 319
25 799
97 808
33 47
145 960
102 431
84 388
89 560
72 181
128 867
54 765
45 31
47 762
84 942
77 583
63 130
105 491
99 566
127 867
41 556
139 823
45 874
117 45
95 570
82 577
100 559
7 397
137 581
63 618
67 697
16 452
61 140
16 640
79 917
54 739
101 284
7 587
12 499
71 717
149 369
112 402
96 778
51 434
112 686
105 247
69 995
84 786
114 25
61 607
95 110
54 862
43 626
67 600
148 985
73 782
23 924
125 529
77 577
35 164
60 352
70 895
120 323
72 929
94 549
132 911
92 961
48 724
73 422
1 666
126 18
52 220
39 195
41 927
32 446
87 839
15 531
104 211
22 518
89 321
43 429
9 609
20 272
36 37
50 221
77 995
18 46
130 713
30 82
69 138
50 947
31 193
2 263
93 9
10 486
107 75
139 657
148 766
21 591
26 133
73 863
78 761
125 767
43 270
78 239
107 783
27 170
24 103
29 486
103 807
29 53
54 44
56 620
12 826
23 290
132 505
83 282
134 2
143 200
127 122
94 782
1 61
61 684
21 118
113 810
74 901
61 906
24 828
25 342
21 405
135 565
44 292
23 997
3 32
102 210
20 914
127 710
5 593
79 537
103 544
86 410
23 556
32 87
96 292
107 427
8 553
1 2
121 644
18 880
98 808
77 904
63 633
24 977
124 137
102 183
4 87
13 190
72 443
5 842
39 340
18 526
90 212
81 362
31 414
88 527
97 882
137 80
148 512
87 48
22 690
80 258
35 615
33 7
62 992
45 502
9 325
108 323
16 279
89 94
52 954
20 972
94 127
74 485
22 616
8 758
100 759
31 757
48 113
72 415
52 738
38 768
87 596
56 995
20 238
126 530
51 963
5 412
78 373
143 820
43 912
122 733
148 430
120 269
103 518
11 421
85 29
116 993
40 514
19 440
78 429
30 454
96 867
7 550
103 87
122 195
112 106
65 222
34 478
16 474
50 78
105 713
41 36
8 593
146 664
26 850
69 701
29 913
79 600
29 426
54 211
83 31
89 376
24 465
112 164
136 42
120 872
27 719
125 250
95 281
74 386
57 118
18 234
60 839
25 334
29 583
69 980
42 88
90 520
127 451
3 124
44 545
111 285
85 550
83 333
94 908
120 536
150 857
114 644
133 836
45 978
87 201
106 771
47 934
134 536
12 499
146 138
134 680
111 10
92 435
108 623
135 987
34 411
102 127
19 330
101 951
6 133
6 413
79 321
127 797
65 202
3 1000
21 652
90 867
27 840
148 533
35 933
15 94
77 769
45 302
139 241
39 35
98 525
29 209
73 125
44 462
87 45
30 189
65 739
86 26
72 925
127 614
23 524
62 160
39 433
8 158
14 836
98 698
124 657
19 194
109 925
22 204
45 456
16 279
107 525
71 780
94 980
46 500
2 839
59 990
43 960
102 845
95 603
149 780
17 185
136 919
61 900
73 854
137 985
75 259
36 699
62 677
61 477
100 923
120 66
123 543
40 564
101 397
95 750
45 75
1 132
142 31
96 880
36 293
76 380
53 88
46 302
61 794
15 672
55 642
86 181
50 95
47 425
50 417
141 597
122 253
65 280
54 23
26 899
149 936
135 46
58 133
35 210
66 733
126 822
139 624
51 244
11 959
132 594
97 590
37 480
34 368
39 874
44 634
78 27
55 637
19 322
17 278
123 130
15 204
19 252
50 953
97 461
20 534
120 163
28 638
28 573
124 629
46 196
39 793
10 210
74 856
150 209
120 100
22 230
4 89
14 550
142 30
42 223
56 16
52 269
34 57
56 617
71 939
110 246
40 803
77 137
61 975
139 698
103 915
61 920
28 51
136 867
50 627
17 236
70 883
43 829
10 583
86 254
148 735
81 938
55 370
140 622
140 569
20 442
125 435
135 652
26 437
76 278
129 527
62 214
96 161
54 1000
99 759
107 3
49 43
130 545
117 609
93 810
10 124
29 533
55 191
31 667
71 341
29 692
129 359
75 91
116 208
83 289
133 529
112 996
56 343
89 222
6 840
22 67
100 574
12 596
31 300
58 401
25 710
50 798
7 861
89 499
16 398
59 667
61 514
129 802
107 213
141 390
27 499
29 982
106 702
78 521
59 612
32 484
84 180
89 211
116 101
55 751
138 681
1 567
65 398
90 85
18 266
2 29
70 611
92 453
88 101
110 220
85 660
93 814
