600
37 652
130 492
26 696
45 503
87 857
98 364
42 305
39 314
30 611
32 667
135 193
109 652
121 41
113 729
29 498
21 781
22 670
86 425
62 433
42 902
80 445
30 679
129 279
134 142
44 303
44 570
107 643
130 384
133 415
22 282
116 21
38 46
47 768
32 403
124 42
20 845
86 643
8 352
92 387
139 152
32 765
57 896
98 567
68 902
79 840
91 263
85 843
82 38
150 916
17 456
58 111
97 768
108 399
144 657
118 15
132 650
133 964
129 450
110 70
95 144
3 31
18 139
33 343
97 67
35 427
132 409
110 945
68 364
9 1000
104 52
117 502
44 122
11 885
120 133
103 330
50 199
51 947
137 913
7 187
98 197
36 925
45 121
13 605
132 33
7 733
36 680
91 377
104 284
22 439
48 575
82 771
55 920
67 377
50 391
32 784
27 253
127 133
92 663
34 265
98 664
8 580
122 178
22 870
99 317
64 74
20 626
61 25
149 336
66 255
38 805
123 878
75 342
34 793
33 170
57 152
73 428
25 923
149 968
91 679
60 353
16 441
130 789
41 316
149 440
53 862
11 408
48 418
148 912
110 485
145 407
115 886
98 716
137 866
6 583
70 28
81 306
17 411
12 652
9 974
85 97
46 248
126 720
74 474
21 697
125 754
145 71
33 833
121 704
50 395
9 764
99 332
109 44
4 701
110 166
118 994
142 610
121 197
25 805
16 505
146 615
6 102
60 421
62 133
69 496
53 80
63 935
69 104
18 373
76 291
117 505
8 754
109 958
25 177
90 64
52 596
143 138
80 161
60 412
84 821
111 351
32 707
141 248
7 991
103 365
118 395
5 982
93 501
125 840
54 301
4 855
51 49
148 122
39 687
38 496
38 787
12 839
67 976
28 879
60 794
7 957
33 674
64 569
126 875
35 921
138 955
73 636
36 875
100 259
33 226
15 266
88 391
78 386
78 24
16 394
75 48
60 354
148 102
12 668
77 844
34 370
102 204
98 205
85 104
76 961
21 886
10 465
30 196
105 370
56 111
106 680
63 786
14 145
124 396
126 253
14 594
30 720
120 305
16 439
85 750
128 754
20 344
94 51
47 227
50 617
113 87
76 605
117 136
19 677
147 109
16 359
117 482
22 717
98 951
128 572
4 718
24 757
114 516
142 722
40 829
46 909
132 389
103 222
55 653
114 255
130 109
16 6
133 383
22 289
12 798
17 468
96 244
11 535
7 23
121 716
44 827
10 729
62 766
53 618
105 998
32 623
19 763
44 622
78 318
16 549
59 207
66 417
59 73
66 990
86 504
58 146
38 404
139 518
108 262
27 893
111 568
134 977
97 464
104 871
45 38
45 95
97 882
119 725
83 760
25 958
119 131
81 801
132 956
28 437
112 375
82 755
25 956
93 144
67 2
87 395
80 989
109 409
70 602
7 887
81 837
133 783
98 395
7 106
38 842
102 762
68 490
15 403
17 136
8 403
113 643
133 996
103 603
102 58
39 927
27 572
107 81
3 414
16 135
125 613
127 456
52 395
79 558
135 793
130 894
25 299
96 434
57 968
84 294
10 713
123 877
62 10
60 15
83 298
4 701
41 817
110 371
25 979
33 585
135 150
67 426
44 395
127 508
133 567
63 740
38 739
71 760
99 507
112 640
92 814
134 764
4 208
19 600
105 401
3 581
138 432
20 134
117 639
96 724
150 106
63 557
74 658
76 530
7 130
17 871
89 597
34 488
147 596
121 757
127 165
3 243
102 318
11 677
81 606
55 516
51 597
97 827
140 339
20 841
88 441
120 455
80 140
7 75
23 984
77 235
124 872
116 35
14 966
18 714
141 289
97 564
102 332
96 537
119 361
13 703
118 939
135 271
18 834
149 819
122 506
14 762
1 329
37 852
54 145
142 534
119 223
11 388
27 675
25 179
81 12
81 43
29 29
120 478
39 117
61 344
128 394
87 405
129 304
31 343
47 898
19 658
68 882
127 486
57 54
119 7
66 184
111 892
80 690
65 693
85 915
100 77
93 603
43 980
68 815
3 887
120 636
17 370
102 12
61 852
2 923
2 822
99 109
76 623
35 677
106 714
40 504
62 20
15 906
148 25
51 767
54 878
105 870
59 932
134 403
73 761
139 284
10 281
24 312
100 726
109 199
116 48
93 617
143 643
18 656
2 642
25 49
44 332
70 742
112 106
5 81
108 984
127 118
59 784
144 636
82 867
30 613
142 474
98 281
145 860
54 527
53 948
114 889
106 796
144 301
15 132
74 819
90 342
138 86
33 982
19 876
115 555
18 265
96 146
140 152
96 887
9 662
30 180
10 151
62 553
45 87
145 76
131 759
49 953
82 803
97 776
41 85
150 843
111 736
54 155
65 277
112 729
86 244
110 518
133 872
146 306
13 521
45 708
84 589
125 178
92 244
63 446
8 477
16 296
32 117
139 109
143 9
89 814
54 301
111 18
33 783
132 978
61 60
89 399
3 267
4 861
7 929
81 392
132 73
36 618
136 390
10 109
136 166
136 465
126 265
9 111
70 446
1 12
44 111
127 953
145 727
130 791
23 890
149 21
133 741
45 924
93 565
138 731
127 325
3 998
110 480
55 513
103 667
119 4
54 800
110 250
78 868
66 55
73 641
84 405
60 657
143 155
127 484
133 436
68 838
137 244
107 141
99 929
148 469
90 194
118 396
143 684
87 818
