600
28 604
17 162
113 527
34 117
84 550
104 891
70 621
35 791
98 643
103 586
127 626
54 633
123 327
128 650
92 158
125 839
87 929
134 388
108 547
133 361
55 52
84 854
135 320
27 876
83 96
71 637
26 310
52 3
46 952
64 997
23 313
54 738
97 394
118 247
90 693
40 239
148 350
88 583
35 171
112 443
65 82
116 814
103 645
49 590
134 612
48 336
40 906
5 804
139 74
87 222
110 462
139 261
110 404
110 491
125 440
129 961
1 721
129 806
75 177
113 500
88 598
130 370
85 1000
113 801
89 264
116 452
88 431
94 950
6 575
89 62
6 330
2 758
112 336
142 995
28 461
49 629
144 705
82 292
140 711
92 806
23 957
55 435
78 67
58 741
46 350
99 285
73 254
40 256
106 722
109 880
17 119
115 79
107 168
17 756
29 128
37 53
95 8
141 566
81 734
90 466
49 810
49 322
67 100
133 677
109 186
66 648
65 331
148 347
15 932
77 579
87 759
43 479
86 681
23 479
140 815
14 406
37 45
16 494
2 704
132 51
62 419
113 318
110 717
16 664
127 796
117 195
109 791
79 874
101 788
79 663
24 277
49 957
47 814
118 761
99 729
60 449
47 635
130 413
21 924
99 290
69 143
130 163
115 33
17 664
14 994
133 991
77 182
82 202
111 877
114 300
120 811
128 523
63 822
50 180
39 518
112 429
139 813
126 643
101 909
44 70
73 918
34 97
138 743
73 509
7 232
141 820
118 915
62 577
62 642
29 982
71 305
53 947
26 427
87 71
117 223
14 984
80 352
92 450
108 24
113 960
45 719
83 334
66 984
10 477
90 431
28 919
148 163
1 865
96 756
39 267
25 89
124 264
4 97
47 964
132 427
89 996
67 261
109 314
30 191
16 840
67 193
4 982
2 655
99 242
36 73
77 921
125 74
108 591
42 805
88 469
98 34
83 205
8 354
113 995
92 598
139 779
89 186
103 822
96 747
116 831
82 238
83 27
95 74
34 522
120 270
105 767
8 625
125 221
40 791
43 911
133 931
107 828
88 174
40 752
3 918
59 561
142 796
126 767
16 817
44 483
34 605
48 173
89 666
10 739
48 347
27 656
84 974
9 948
10 348
91 80
135 95
16 987
3 782
89 879
114 576
35 889
69 346
22 550
11 314
143 862
96 20
47 223
123 720
33 580
81 470
105 778
142 442
120 239
118 278
22 357
98 637
17 341
120 640
89 340
102 506
46 796
38 566
79 188
110 518
77 743
90 467
43 95
82 52
51 891
71 302
34 475
77 270
52 187
87 241
54 178
146 380
130 852
21 962
33 976
138 746
98 735
51 589
57 546
6 898
28 463
113 601
78 967
128 69
28 421
62 320
141 357
18 690
96 131
11 629
116 634
62 455
44 631
97 969
28 776
69 705
90 687
17 28
51 563
85 332
36 727
28 781
13 316
72 909
32 211
146 574
2 213
59 534
45 372
80 266
104 789
8 146
132 79
35 309
106 328
115 747
19 58
41 906
105 220
68 131
18 840
120 823
63 875
89 778
27 591
20 273
51 192
2 973
67 339
101 651
63 844
138 224
20 192
73 219
11 196
126 975
140 116
53 37
29 606
144 593
78 230
129 785
7 360
141 662
130 971
107 888
82 700
85 800
83 406
103 258
28 161
30 640
58 841
143 107
101 53
142 181
77 917
8 560
94 732
149 851
62 487
4 161
134 778
67 76
20 963
4 614
75 674
142 60
8 690
61 367
117 939
10 355
143 995
37 783
93 455
88 471
85 116
30 198
108 192
44 519
134 914
70 806
119 110
69 826
141 490
126 181
96 780
34 798
127 715
92 980
98 734
19 414
23 448
5 404
149 205
56 772
25 92
48 507
35 933
131 499
150 347
125 730
83 26
51 298
105 927
111 764
92 452
46 842
105 969
102 731
122 453
4 859
136 772
86 806
30 672
145 593
80 890
99 777
149 589
129 401
86 273
102 458
116 906
132 658
58 122
19 320
92 215
4 201
133 91
24 281
42 381
4 201
20 16
122 83
142 993
116 17
95 855
51 34
50 959
45 501
59 992
142 120
109 659
104 788
58 231
51 615
13 332
125 813
39 534
134 264
68 749
142 201
64 191
16 785
48 612
71 87
124 559
147 572
142 185
22 862
25 327
41 442
117 418
128 70
28 564
62 205
71 543
35 388
75 668
140 406
5 890
121 304
68 110
112 306
18 705
33 196
99 159
31 940
4 879
100 136
135 105
87 46
113 545
36 971
10 185
123 38
74 985
30 339
88 267
142 293
95 952
71 389
132 998
136 563
6 272
108 189
119 518
124 655
108 281
139 682
69 539
47 199
72 283
107 215
89 436
40 397
125 850
147 42
40 176
58 580
98 44
146 224
144 203
72 922
127 139
140 40
33 198
1 445
37 773
48 139
88 638
147 613
95 609
98 842
128 641
100 22
95 337
135 976
97 471
67 893
124 972
33 202
2 681
79 731
70 136
109 181
39 170
55 742
68 883
84 798
113 971
93 177
100 369
105 141
49 404
127 730
125 142
91 984
103 42
55 790
109 471
40 807
2 848
13 18
124 791
75 954
71 733
85 988
36 560
7 535
150 922
61 529
101 100
81 54
43 980
14 284
135 755
57 734
97 976
19 83
32 474
139 895
111 270
62 398
30 592
8 747
19 649
71 532
114 827
110 641
127 703
