600
130 691
46 349
144 747
41 868
28 297
37 960
34 216
52 712
21 166
78 667
54 529
20 224
102 338
44 28
106 414
106 938
100 411
145 268
29 59
78 176
22 285
127 931
138 463
108 286
92 210
54 125
137 406
5 436
77 981
56 342
142 624
113 802
90 854
109 751
18 829
84 840
54 74
34 598
46 229
102 332
100 519
88 990
84 279
85 647
91 858
60 874
46 811
141 935
20 607
51 147
33 665
16 975
35 543
18 801
41 442
126 536
80 437
31 28
132 967
114 419
17 251
80 686
43 187
127 718
132 45
45 282
132 318
104 149
121 614
138 454
72 94
80 883
105 786
51 836
65 8
138 60
122 342
11 351
97 322
101 954
8 563
119 920
50 750
78 366
46 784
111 642
9 97
122 555
101 675
41 316
81 733
28 666
77 610
148 630
89 749
129 944
2 598
91 392
118 4
126 838
95 907
1 151
102 206
36 69
95 953
112 806
63 613
88 180
81 307
123 235
2 814
74 748
25 607
98 462
136 181
142 214
105 430
136 27
65 443
50 724
93 371
107 122
51 960
15 293
120 129
80 350
36 931
43 198
144 234
33 777
83 944
90 76
63 736
86 11
122 594
12 379
85 140
89 139
24 195
18 7
80 900
120 421
78 404
17 548
34 512
55 387
45 234
18 60
5 692
124 404
114 814
62 764
68 269
95 349
55 731
30 216
129 615
136 213
130 405
117 219
93 123
77 547
117 600
96 727
124 505
82 606
55 187
88 243
27 593
106 533
52 538
119 532
142 60
67 523
82 514
147 120
134 433
4 358
70 983
137 12
147 532
120 672
8 881
44 138
7 882
97 838
2 897
148 646
27 268
59 667
133 679
10 346
109 813
40 153
104 280
146 265
54 2
107 790
45 725
2 495
129 210
47 112
142 948
18 466
93 452
46 604
25 947
24 977
7 318
114 127
36 896
145 245
118 682
54 199
133 894
29 698
104 250
148 768
38 986
142 438
137 445
40 883
79 637
120 811
38 622
112 282
66 717
136 243
5 567
66 14
133 288
135 888
76 811
133 696
85 362
42 831
21 781
26 707
43 409
64 880
88 965
144 448
92 428
142 715
117 595
23 703
19 298
63 667
93 898
123 95
93 573
54 713
145 319
54 74
147 669
149 627
93 488
85 47
16 883
17 586
128 692
76 340
58 692
6 113
88 748
113 588
115 786
21 318
99 71
22 527
105 309
99 984
25 818
51 532
10 771
110 58
95 297
102 604
16 281
85 302
132 719
107 767
11 86
12 296
77 402
89 250
40 207
80 690
91 701
97 643
74 477
97 278
150 429
103 65
119 387
89 862
137 278
90 623
78 77
58 796
104 62
84 130
4 757
19 175
70 712
84 965
21 267
13 32
17 474
13 846
29 128
145 665
106 228
52 894
74 443
54 795
94 46
108 888
80 533
16 912
111 430
56 490
36 770
2 745
49 330
108 820
108 817
8 898
150 386
25 687
144 883
127 154
60 471
47 795
10 807
82 530
54 326
39 875
69 542
76 85
86 293
5 421
120 162
53 625
46 811
14 927
64 37
147 874
94 852
150 731
132 327
148 834
3 554
91 282
52 682
7 191
91 382
100 169
127 89
127 713
119 786
31 355
145 60
95 179
92 765
15 494
3 745
85 893
20 113
48 774
150 561
75 725
64 751
136 651
78 158
80 872
72 21
73 498
133 298
19 210
34 534
74 26
50 226
113 142
44 735
141 396
32 722
86 714
148 655
78 619
147 715
46 199
132 287
107 972
48 998
8 569
65 69
129 372
39 119
26 322
46 235
46 508
55 383
138 872
22 975
28 393
16 562
135 417
99 145
3 304
40 726
20 36
141 711
135 225
56 981
108 573
141 815
138 66
71 940
107 738
116 610
100 448
40 182
74 570
69 944
8 642
10 62
81 58
137 107
35 632
98 502
62 657
143 711
25 337
27 311
61 22
135 742
82 424
20 91
126 115
94 909
106 831
96 697
111 824
32 742
58 260
88 653
136 28
18 578
24 853
104 173
132 694
79 361
116 383
112 251
51 504
94 91
83 419
106 836
123 606
93 346
1 475
8 869
121 534
145 685
72 596
114 160
100 122
44 809
109 522
120 241
31 944
102 702
31 557
42 882
131 935
112 483
57 873
17 204
104 738
111 492
73 149
72 709
82 271
135 478
95 82
38 519
142 885
120 98
92 583
78 40
121 59
71 625
4 708
24 124
3 102
137 619
106 45
34 999
65 177
60 77
9 395
144 965
126 818
144 924
93 846
28 554
65 980
50 160
119 819
34 833
103 524
87 863
77 271
19 675
44 989
104 912
99 423
145 672
45 162
138 456
45 449
77 244
110 425
113 613
23 948
132 480
66 840
70 46
33 813
119 196
40 464
54 978
40 616
119 416
51 913
28 312
135 50
119 31
10 568
52 436
120 294
64 949
120 722
15 498
69 562
145 552
90 48
17 975
88 523
85 505
146 487
107 565
106 128
146 483
68 517
147 295
92 205
104 206
93 773
146 733
18 29
60 92
67 388
48 407
129 544
26 422
53 429
2 634
14 389
35 876
1 270
22 664
35 625
29 736
102 67
7 811
82 660
14 271
128 602
106 715
47 558
44 41
9 247
8 14
2 561
112 429
97 642
102 961
27 988
130 497
71 877
133 239
110 807
135 325
5 216
17 903
109 528
18 238
49 795
