600
107 91
99 498
65 998
142 825
46 972
101 672
105 673
24 786
60 389
5 247
37 562
127 185
126 191
17 829
42 263
69 94
67 216
118 149
57 72
76 804
74 346
57 285
112 561
149 475
128 537
19 17
67 1000
7 13
142 522
18 893
33 197
81 624
106 57
19 487
62 959
81 618
101 525
103 214
31 112
4 977
109 229
58 661
22 894
59 813
105 103
68 222
110 596
110 73
23 406
22 808
63 891
70 808
77 487
66 469
85 650
104 192
91 564
147 742
75 827
25 971
5 891
6 958
89 145
30 686
9 222
105 231
126 741
79 757
63 248
121 135
24 419
51 159
17 894
121 366
12 267
65 354
66 507
142 854
63 709
12 888
133 487
147 984
108 608
89 438
59 794
141 237
104 320
100 655
19 966
98 81
112 283
76 479
15 516
98 665
90 337
88 91
31 276
61 325
24 782
147 571
93 75
82 944
124 505
139 800
140 130
112 599
80 588
128 165
94 689
130 639
108 123
41 483
138 233
122 734
90 528
25 310
38 985
22 358
150 175
2 613
68 742
3 221
5 634
32 729
41 5
122 702
114 147
113 550
8 295
83 675
117 788
113 30
128 538
28 576
13 153
15 450
52 870
59 348
77 864
63 155
77 660
125 904
149 509
77 123
59 647
54 803
95 469
19 542
87 187
133 108
109 354
11 402
64 670
27 182
86 919
93 330
147 368
118 953
65 372
134 49
119 776
25 310
66 158
77 842
84 504
134 676
96 117
139 482
70 3
90 801
20 896
102 785
61 632
53 406
134 522
150 761
17 796
9 642
106 396
105 338
35 714
54 132
102 829
8 323
50 205
29 92
138 941
105 611
12 508
41 125
131 661
62 464
117 545
105 669
56 317
75 858
85 896
147 891
76 760
28 378
63 4
147 943
19 676
68 868
94 292
12 617
31 255
55 240
57 570
133 326
1 890
105 507
10 481
120 579
81 744
138 894
40 194
37 343
62 430
25 966
127 805
71 587
86 812
125 831
129 26
3 476
79 595
10 367
8 405
15 483
112 873
62 832
120 82
5 898
136 424
134 103
19 676
141 477
124 138
94 554
86 746
71 972
100 278
149 515
134 926
148 82
8 284
132 504
20 583
53 571
118 334
131 20
111 60
20 727
130 175
61 310
93 716
21 303
126 957
81 266
53 175
71 360
20 801
48 232
82 712
71 490
35 598
79 171
117 471
95 595
96 614
126 899
82 857
90 992
67 206
4 630
119 177
62 520
142 186
127 816
77 733
70 345
93 864
116 294
93 565
48 153
100 235
37 651
126 306
22 902
39 333
46 355
127 296
99 254
119 386
50 12
40 863
61 958
55 912
7 603
35 345
123 151
50 239
118 990
84 63
89 62
5 245
110 466
79 267
24 257
21 503
133 360
59 293
122 379
77 509
100 628
111 262
137 212
80 971
21 686
61 861
17 189
125 924
144 20
17 605
120 715
1 768
103 531
37 559
47 298
33 915
146 978
27 120
38 94
70 61
10 72
150 368
99 561
73 771
144 991
93 219
98 358
43 475
124 57
103 493
40 571
15 736
125 318
38 186
32 370
120 148
150 26
86 602
134 389
89 395
126 380
124 322
71 538
91 188
61 85
46 394
65 138
4 148
7 904
34 91
30 514
124 163
115 946
131 443
20 199
71 272
51 992
127 553
119 756
94 9
13 98
134 768
130 220
104 983
141 831
120 309
133 761
59 57
5 199
64 258
148 739
87 107
100 394
57 796
81 999
100 829
102 687
42 148
32 13
53 995
148 436
141 8
73 166
2 340
109 397
97 302
49 212
18 989
91 833
96 231
35 768
93 638
74 1000
41 491
93 63
25 669
130 940
123 168
75 698
15 719
120 840
53 481
123 502
126 201
147 929
107 674
103 121
120 235
13 394
111 583
118 837
105 69
79 606
10 971
20 156
140 3
120 770
87 403
95 808
87 26
148 461
42 666
146 494
13 929
92 21
40 467
31 139
65 658
7 410
130 804
116 173
70 228
115 428
109 10
32 344
1 975
34 314
51 475
86 811
33 28
7 701
137 893
26 551
69 526
128 865
7 833
87 365
123 595
25 822
116 980
149 346
12 984
137 674
42 511
49 449
130 907
140 622
64 396
86 170
76 753
52 160
71 113
93 759
52 1000
43 717
132 448
57 786
35 221
105 912
99 662
17 921
15 654
84 52
103 655
126 591
131 615
117 86
128 51
123 442
10 720
89 702
124 651
94 76
61 225
13 375
39 250
132 626
106 106
50 587
141 551
118 830
124 896
55 371
51 912
30 411
69 182
107 682
41 720
54 231
19 8
129 878
40 231
118 705
129 569
97 86
65 918
138 426
24 676
23 227
83 140
124 900
46 799
142 623
120 429
91 788
26 429
140 418
46 424
17 303
33 864
54 434
40 483
116 498
35 812
30 770
83 205
15 238
146 7
134 582
70 784
44 330
150 695
116 794
62 840
29 358
99 292
89 415
131 486
35 647
125 508
33 955
40 94
88 369
130 637
140 102
97 286
29 790
81 457
126 381
133 121
87 817
2 871
47 51
101 736
101 971
17 755
50 145
101 780
99 558
20 444
120 746
88 734
96 637
101 289
115 376
14 791
74 103
65 781
35 340
79 905
99 873
133 785
139 607
118 206
8 767
49 775
137 973
63 107
3 176
114 597
33 575
12 841
35 574
70 420
79 973
