700
129 471
15 334
126 367
161 25
55 336
89 721
115 549
163 421
172 235
95 826
124 472
147 562
128 916
32 338
120 294
44 490
133 467
36 360
141 963
88 519
24 497
110 124
146 973
157 116
75 418
102 328
27 641
51 747
76 258
147 165
80 195
55 345
72 819
140 349
175 628
168 949
106 579
150 967
12 576
98 847
69 874
163 924
46 873
1 556
123 932
63 437
174 686
24 889
168 177
57 155
152 218
137 597
120 423
75 551
23 740
168 914
164 510
171 951
114 749
138 58
65 246
73 312
159 322
155 301
112 199
133 94
104 283
44 12
121 310
7 409
64 238
116 285
133 797
1 34
110 634
15 394
24 914
32 923
109 345
97 792
150 807
137 852
41 297
35 720
56 64
117 989
95 893
147 563
99 762
15 588
93 50
144 720
24 662
99 845
119 86
156 88
150 912
121 9
72 953
75 610
161 924
157 747
104 804
92 372
20 970
153 756
10 21
66 601
11 78
122 75
141 284
156 667
12 326
126 908
152 540
20 195
14 492
159 16
31 20
71 996
133 569
97 522
15 441
5 41
167 912
158 128
45 838
88 195
37 426
28 632
7 115
125 291
41 290
124 531
133 535
112 529
23 440
171 381
24 283
77 163
41 842
84 270
39 927
52 938
92 143
74 973
48 703
15 344
78 714
112 563
20 139
29 30
15 404
19 90
100 416
74 187
2 812
127 330
152 873
10 156
102 407
13 244
167 120
173 970
143 714
129 996
144 693
149 63
103 794
151 24
4 311
60 599
75 348
165 324
133 858
52 206
172 542
167 366
134 160
121 353
14 847
141 381
161 253
132 945
22 618
149 973
105 950
121 340
144 542
119 775
140 853
10 642
80 624
75 363
16 98
37 182
74 295
135 890
19 846
173 109
98 531
12 952
62 754
39 32
84 971
72 823
150 890
106 34
151 640
42 456
173 503
52 650
93 775
112 712
142 269
15 987
64 231
23 914
42 142
88 586
49 565
161 667
133 87
151 378
172 929
42 940
162 919
174 360
2 241
122 82
4 381
63 606
81 168
4 142
33 998
22 894
113 405
82 886
145 53
83 994
117 580
90 762
25 298
2 307
137 383
56 2
116 145
17 906
27 911
78 532
47 938
100 411
166 117
121 527
22 274
59 45
87 696
28 756
127 484
79 93
72 797
173 45
58 930
16 147
156 150
163 484
80 261
42 52
9 412
39 838
43 228
26 120
83 825
158 521
30 233
81 422
141 276
15 591
91 626
172 385
80 603
58 707
154 818
6 125
168 912
66 517
154 323
88 869
64 244
134 798
62 190
11 769
39 216
174 623
12 635
103 466
45 465
165 916
139 618
61 847
135 87
62 330
85 682
27 640
42 250
61 930
51 607
50 666
127 968
73 337
41 536
57 164
174 447
139 449
45 589
15 896
97 821
164 194
12 755
60 549
42 527
144 248
121 229
22 20
36 662
24 84
53 249
58 156
4 343
139 987
167 815
99 141
28 309
148 168
50 659
136 434
98 188
140 338
104 453
51 409
121 774
5 777
66 531
80 916
147 140
94 859
111 602
33 746
158 573
174 490
118 357
20 993
5 264
77 655
100 156
88 200
27 970
121 765
84 426
65 273
59 824
95 494
105 882
126 818
4 315
151 247
26 996
70 215
140 589
101 744
160 735
157 784
166 862
67 841
149 645
115 729
149 256
88 142
69 454
19 342
75 320
128 398
7 462
150 898
20 25
3 766
79 787
47 535
66 229
76 478
104 737
56 162
58 820
54 334
154 496
6 791
134 679
24 684
160 794
35 413
66 281
7 543
68 801
62 552
73 965
34 4
168 381
153 85
1 974
60 719
135 172
36 33
174 682
45 439
64 175
22 153
137 652
93 240
37 755
166 320
61 364
44 736
79 797
40 498
61 776
92 442
101 939
52 603
65 588
63 109
76 832
81 620
113 815
25 956
174 216
19 217
116 123
45 675
89 74
141 899
57 967
32 794
119 423
158 873
61 529
105 76
105 544
154 487
152 504
60 630
153 796
100 234
54 860
144 788
11 134
69 715
82 424
93 187
4 801
161 818
133 132
45 764
33 950
27 915
16 64
135 382
35 662
126 219
47 843
7 504
115 848
141 224
27 299
132 460
167 872
132 680
108 176
92 947
75 363
166 27
43 764
72 410
37 805
142 475
38 948
65 568
175 612
132 740
70 448
172 445
78 610
134 733
34 177
32 805
139 338
129 426
152 917
13 596
59 674
97 695
125 963
7 228
175 193
58 888
56 571
105 636
137 729
174 983
15 770
151 25
144 663
123 523
44 663
14 3
92 480
19 512
51 795
96 699
152 837
143 970
6 481
40 105
175 561
18 556
91 337
109 254
22 80
120 814
120 90
12 396
62 980
127 529
21 680
31 303
77 162
139 960
40 572
8 569
124 811
120 59
149 982
158 955
65 884
172 441
82 430
59 248
109 111
151 19
130 339
12 641
83 589
10 254
172 882
174 603
58 861
112 411
106 252
38 242
91 547
165 789
86 62
95 808
100 270
44 852
78 515
70 784
167 49
87 540
15 520
131 100
115 960
4 518
80 135
46 403
111 47
152 107
126 2
152 935
27 887
115 962
9 579
142 476
126 928
12 792
172 144
27 146
54 707
143 102
68 890
144 559
76 932
33 151
164 66
130 28
38 367
46 209
168 607
107 719
29 292
43 386
10 697
103 555
48 980
108 801
167 566
30 827
24 359
56 3
64 210
133 523
81 219
155 355
8 988
3 582
98 373
74 743
39 592
111 570
151 903
119 101
16 131
16 47
90 310
2 462
147 156
138 749
10 868
17 966
160 296
146 350
108 470
127 296
158 224
138 517
91 5
118 74
46 564
168 92
27 342
8 546
167 5
5 932
142 704
8 433
125 361
173 224
45 268
93 34
61 898
158 296
90 564
6 469
127 573
64 769
93 680
136 873
1 164
90 582
19 563
119 628
44 187
78 454
46 569
7 971
94 416
99 510
26 530
102 988
100 493
146 693
48 383
138 884
53 646
40 328
122 321
166 846
6 660
78 240
125 303
48 892
102 307
174 808
33 373
152 177
73 363
55 613
34 772
151 232
169 238
150 584
136 961
25 299
28 825
64 982
147 904
20 646
72 198
113 328
104 744
15 563
