700
71 572
53 646
136 688
58 694
80 321
117 593
16 966
150 304
166 772
81 833
64 118
30 486
164 273
43 706
44 498
45 332
1 305
143 394
111 742
13 582
81 144
56 783
23 631
38 238
154 591
115 213
95 224
103 867
148 484
88 404
107 371
144 581
83 41
73 195
174 706
154 968
64 550
41 96
83 45
154 29
121 219
85 705
119 657
174 23
155 460
27 510
21 258
104 133
9 100
168 668
80 584
86 725
92 43
130 377
155 494
6 446
68 937
129 671
50 380
147 523
35 570
42 823
173 27
20 119
21 158
170 701
18 682
7 57
148 151
25 296
56 630
5 271
113 533
2 637
84 822
157 943
51 541
80 337
70 231
127 683
144 36
56 439
164 405
151 373
64 289
146 272
167 847
144 196
65 993
2 711
141 30
126 690
77 519
105 874
166 991
146 688
142 791
144 800
172 159
48 566
65 880
40 745
24 874
171 56
93 711
10 703
138 602
82 264
72 675
50 747
28 326
161 869
16 834
125 708
44 390
2 968
136 103
92 189
88 521
129 587
173 571
99 329
114 521
98 191
37 629
48 31
53 345
61 787
11 599
167 250
161 75
12 354
3 613
167 374
46 125
68 619
101 916
7 281
67 625
43 783
14 957
95 773
147 260
96 823
153 356
105 747
111 633
7 356
12 163
61 161
152 341
140 639
112 62
103 830
91 185
173 852
88 868
95 886
162 177
80 514
97 264
24 840
7 61
90 513
138 390
103 356
85 17
83 499
2 851
170 549
2 387
104 958
8 60
49 269
172 126
82 943
3 535
101 477
144 92
12 15
79 997
120 750
146 104
23 955
92 930
145 451
74 534
5 94
129 661
72 402
2 279
171 942
87 455
65 239
44 295
158 929
75 610
105 167
35 654
16 508
88 357
175 795
32 718
31 140
17 222
52 809
74 779
73 192
138 878
14 275
113 326
92 572
22 439
36 685
97 664
46 91
9 978
41 14
48 511
8 16
153 587
87 496
59 808
6 848
168 869
15 310
156 174
154 432
43 995
37 458
130 930
33 71
67 370
91 492
34 857
174 916
68 376
26 694
49 20
1 64
58 864
34 418
159 705
134 743
37 460
118 186
76 405
172 334
121 524
150 140
140 755
153 993
45 315
138 208
133 873
44 879
78 969
120 384
92 953
47 803
161 144
94 997
172 397
174 353
169 36
51 713
32 691
29 706
93 580
98 564
142 923
123 737
38 727
112 810
80 826
100 845
155 173
75 96
175 686
141 436
38 186
79 125
171 792
100 149
139 779
148 712
78 937
107 759
117 847
145 450
103 317
150 457
121 22
157 858
174 121
154 860
81 703
167 725
110 370
80 217
16 456
21 425
165 431
140 559
67 313
96 575
95 173
12 276
24 748
76 598
69 305
20 265
80 500
39 802
128 949
151 956
49 141
50 702
94 462
136 156
111 840
102 409
50 437
162 487
140 414
116 670
171 100
24 69
56 849
11 516
80 367
75 75
69 701
25 182
162 398
28 808
168 35
120 941
93 569
169 465
153 3
108 250
70 245
170 23
115 202
158 725
168 645
160 141
89 323
164 297
76 754
78 781
73 614
168 455
105 578
151 966
76 7
54 213
108 291
39 42
115 196
27 231
164 817
50 837
84 270
126 497
154 83
87 884
41 649
114 485
44 799
59 651
77 19
169 218
34 911
63 340
93 583
86 26
119 200
34 612
85 817
35 643
169 806
108 341
59 334
51 959
95 118
22 852
160 903
145 11
23 573
80 931
48 27
162 59
173 998
29 174
82 862
117 422
142 428
14 520
2 580
32 77
125 732
93 727
156 994
175 439
132 135
153 17
116 125
40 866
49 101
91 921
171 156
44 746
129 265
138 914
5 530
161 948
60 510
62 811
142 232
142 820
171 917
37 869
5 238
13 547
173 190
160 939
72 580
158 136
16 279
134 943
115 997
133 354
137 12
127 986
76 79
141 764
62 721
29 811
30 945
71 526
107 136
110 872
49 461
103 633
90 147
41 589
119 15
37 759
51 306
134 763
110 320
20 696
167 816
75 35
81 746
59 157
59 740
110 266
117 521
68 744
40 444
55 430
158 556
149 995
11 25
111 497
31 983
120 150
56 841
139 286
32 366
27 227
148 758
109 340
152 466
46 677
136 770
108 433
150 87
45 13
144 117
139 682
172 399
153 440
31 831
95 441
70 620
170 410
101 438
7 198
53 864
2 486
165 532
158 112
147 134
140 864
39 152
50 378
163 28
48 483
70 793
74 881
54 983
171 92
157 980
112 809
77 223
15 491
127 49
152 91
22 563
112 245
36 58
159 943
5 524
36 790
72 465
74 558
53 488
144 387
168 354
141 101
40 65
49 916
121 447
13 892
5 598
11 884
1 709
168 738
40 74
53 512
55 226
154 15
144 57
56 794
117 460
108 568
35 574
31 711
145 494
142 805
76 570
147 416
20 539
156 132
125 106
82 3
130 937
85 264
95 526
167 636
118 52
146 496
161 657
73 985
71 231
143 277
54 726
121 835
62 861
110 418
107 436
26 993
38 522
171 791
6 22
104 733
122 702
29 808
112 2
156 914
152 266
60 361
28 80
17 306
155 381
175 612
66 279
144 610
84 551
75 62
87 255
37 161
172 537
92 99
148 964
151 748
105 886
35 49
55 882
21 878
143 730
109 44
141 590
12 184
129 832
13 410
150 701
36 99
86 800
51 267
30 361
145 237
154 29
123 543
160 423
102 871
92 824
167 569
62 836
32 815
150 799
25 435
164 220
150 839
48 857
107 723
64 451
92 96
81 856
129 220
58 737
167 940
108 863
157 238
3 482
80 958
70 407
5 563
29 245
87 978
20 700
127 275
84 678
110 576
9 581
161 558
130 589
15 983
79 710
22 930
114 336
101 639
160 276
165 549
140 359
42 168
9 818
37 663
87 290
101 293
104 969
118 300
174 489
64 370
129 647
160 373
126 221
95 408
31 567
87 586
100 654
168 176
74 615
14 915
20 208
132 627
72 203
96 291
60 743
139 208
96 772
108 156
82 668
109 393
143 916
24 851
2 3
175 628
107 997
130 402
35 286
151 858
22 468
96 588
158 222
42 74
140 373
50 531
161 928
26 189
88 914
89 497
158 824
110 596
65 529
51 558
