700
107 167
50 842
20 796
98 79
147 742
95 170
115 454
106 308
68 836
166 338
75 905
26 78
160 163
70 339
115 566
147 241
50 33
150 89
54 294
39 455
61 76
3 950
3 882
143 975
123 981
40 895
137 42
169 369
57 510
149 126
52 920
7 36
62 226
89 647
53 689
58 734
105 363
91 698
109 459
102 719
23 222
37 636
80 976
167 784
72 592
96 401
151 703
155 375
8 321
123 498
44 394
101 58
86 384
71 4
149 410
30 973
156 277
64 433
101 844
148 702
123 191
112 351
111 738
28 204
159 37
17 444
78 409
173 422
134 34
47 989
79 943
143 196
16 407
133 930
163 389
69 238
3 421
156 399
125 326
95 184
67 865
171 58
141 970
162 960
160 874
26 145
6 917
110 566
127 878
112 596
140 282
151 615
157 978
152 935
27 489
165 137
123 69
5 65
23 32
148 325
174 122
91 824
168 498
52 296
42 288
107 753
79 741
156 763
104 398
174 336
35 846
170 754
80 703
7 864
149 601
66 715
157 51
32 621
59 608
114 77
139 354
55 572
170 982
133 367
67 723
118 411
115 575
144 583
158 791
29 953
133 227
109 264
173 533
2 17
48 292
70 410
152 221
99 299
22 496
167 360
119 724
150 87
96 462
51 521
152 707
137 905
15 574
4 190
175 511
21 218
95 988
49 47
28 904
131 50
100 557
173 530
175 83
52 210
162 806
142 572
168 600
71 936
87 686
29 794
57 553
156 106
126 235
35 569
108 693
109 539
52 495
117 837
108 985
90 736
25 73
99 136
130 822
10 692
115 583
144 150
66 57
70 953
110 302
129 535
29 715
48 998
2 303
13 717
7 404
148 988
93 913
24 551
84 742
67 969
148 812
133 170
121 585
110 81
174 356
51 793
22 521
143 343
107 896
141 415
88 396
103 699
60 687
54 40
8 761
121 106
125 640
161 645
37 98
61 554
22 61
32 91
13 707
164 684
170 738
41 181
131 579
162 544
63 935
153 303
138 214
69 185
132 336
130 802
61 642
96 937
122 634
20 480
78 539
64 281
56 546
110 777
17 264
152 119
55 882
57 562
49 817
81 965
173 169
16 764
67 434
66 208
166 651
7 927
66 209
16 902
8 520
99 712
70 386
172 479
141 920
95 610
17 816
63 678
114 246
59 731
168 387
100 110
49 583
67 515
60 201
70 795
24 686
173 235
99 299
147 190
32 975
132 731
139 401
23 960
7 398
41 331
129 528
115 227
175 944
62 569
25 955
123 202
72 63
26 461
166 171
60 48
175 917
93 278
161 826
173 565
44 762
58 135
33 202
133 338
57 541
144 988
173 533
82 706
160 849
105 971
146 886
7 918
100 604
112 167
58 133
78 84
120 790
39 111
175 283
173 366
161 639
81 341
165 327
168 550
39 624
44 125
31 247
8 37
15 45
5 965
67 738
156 108
64 926
116 584
58 958
83 127
165 620
22 395
141 290
133 326
76 766
108 933
98 81
19 149
129 261
166 637
55 699
155 250
2 525
147 609
27 970
157 167
16 397
86 677
87 137
156 3
56 983
94 848
51 793
161 282
13 602
156 519
11 129
5 857
37 151
74 761
65 749
121 120
97 765
116 46
62 202
168 441
108 9
55 470
38 399
142 899
127 306
22 669
66 281
169 227
49 240
53 433
21 153
36 947
61 498
104 300
97 69
175 423
140 102
59 138
126 544
170 31
37 964
4 601
101 85
128 180
172 469
51 151
86 46
133 724
3 489
151 210
110 4
140 799
17 535
102 994
30 108
86 699
122 570
107 686
24 72
163 908
150 269
142 423
137 871
118 442
39 85
31 196
79 217
26 263
55 282
34 537
32 190
95 36
173 240
136 337
81 558
137 778
129 518
52 332
39 959
44 850
121 625
159 963
28 36
142 966
14 990
55 170
24 841
91 876
160 667
121 549
130 772
99 234
11 681
110 441
45 573
109 315
123 544
54 669
59 181
11 251
170 984
46 54
83 614
67 553
45 685
60 809
147 384
139 322
63 439
144 315
148 42
57 863
55 904
57 600
143 74
81 185
171 566
92 732
32 628
129 97
56 831
156 328
77 417
149 467
167 167
84 435
124 84
52 457
45 461
39 126
44 719
108 922
165 826
43 604
62 757
80 680
101 364
156 433
80 483
73 488
125 899
82 224
169 801
152 974
149 891
17 124
5 234
165 712
50 656
100 400
52 655
135 315
95 8
123 910
86 953
142 18
61 19
134 17
124 623
5 961
55 553
85 51
134 566
18 541
120 557
140 34
160 216
54 595
66 759
149 423
160 764
63 196
37 129
105 977
141 388
115 611
114 943
87 380
112 617
16 110
168 805
125 343
27 426
58 65
107 894
1 403
96 775
86 445
16 400
136 220
171 658
98 392
89 868
53 986
102 208
173 578
52 796
126 993
71 722
165 308
122 535
150 590
167 325
29 326
62 819
39 697
10 774
146 153
106 855
50 858
78 131
63 332
101 833
141 797
96 742
159 37
72 275
136 742
136 473
73 720
56 663
19 344
122 843
161 181
66 808
142 166
135 621
3 459
120 124
21 677
107 147
121 895
120 617
119 34
96 138
26 538
146 941
77 790
130 83
59 620
106 276
150 901
115 548
81 13
147 297
1 305
44 369
72 422
150 36
167 166
41 353
175 702
28 679
83 614
50 877
18 341
140 978
173 767
114 55
52 66
168 620
97 660
37 640
79 95
126 227
117 870
117 640
121 15
19 299
85 361
129 878
75 830
20 939
153 255
127 36
126 505
95 830
88 877
131 456
96 152
21 672
173 411
172 844
44 36
107 54
29 287
141 951
71 896
66 628
131 922
92 765
53 366
42 788
36 795
19 67
16 870
132 614
80 747
87 160
66 652
174 457
31 81
129 620
69 67
138 658
3 202
153 117
68 426
53 523
148 65
4 461
72 880
135 8
133 992
164 597
7 866
92 537
88 752
154 690
59 764
157 784
4 346
94 439
156 826
147 597
110 375
91 831
62 594
38 958
99 925
27 964
43 180
29 813
78 92
99 888
102 815
74 868
17 269
46 153
24 578
52 359
117 586
108 548
99 16
48 434
4 29
135 703
108 939
33 920
120 103
11 435
16 298
35 894
164 221
106 193
18 524
54 488
19 586
