700
48 522
15 925
153 764
15 678
153 752
81 731
121 78
74 932
84 925
108 493
108 16
57 666
54 736
160 467
106 845
102 536
128 29
45 162
26 623
80 387
128 910
141 751
41 216
45 165
23 919
27 280
4 61
158 35
99 615
83 666
165 240
100 597
8 173
6 27
172 827
90 582
145 862
125 280
151 925
34 970
173 587
56 10
23 961
103 598
64 61
74 340
100 517
3 703
19 353
147 508
116 504
2 465
129 147
103 79
59 37
59 855
7 807
169 881
103 674
61 326
42 349
161 493
87 875
173 460
80 70
81 440
135 345
147 420
23 472
134 405
70 200
64 736
148 693
33 178
28 831
11 636
5 283
95 649
23 333
56 438
23 732
77 92
43 376
109 189
46 187
66 40
20 101
88 31
134 652
88 678
125 57
141 796
108 268
39 641
51 747
8 482
98 118
93 196
63 27
18 805
136 683
111 624
29 804
124 100
86 101
80 292
171 69
93 288
168 215
27 855
20 971
115 74
92 94
106 565
60 737
136 158
168 771
4 253
105 388
168 864
9 163
66 305
128 899
36 740
50 522
74 989
131 828
128 21
23 686
130 345
2 997
82 621
76 342
37 90
138 451
165 842
68 504
132 428
164 294
56 474
73 132
3 377
112 658
22 547
33 962
33 209
79 465
158 643
107 156
9 729
138 526
112 814
125 643
97 519
167 516
135 4
82 259
31 539
40 895
156 10
74 869
32 720
162 286
123 510
175 846
160 590
4 865
117 934
64 16
75 447
158 563
53 180
23 277
122 513
82 869
135 303
125 449
123 751
55 467
150 15
144 863
130 430
105 286
90 87
124 991
14 297
139 839
127 370
56 916
105 443
15 634
87 400
171 365
22 471
111 686
55 384
9 762
46 120
49 564
144 996
29 791
72 335
114 924
117 158
15 84
143 558
11 17
160 877
98 755
67 662
20 132
95 546
122 959
104 635
22 568
110 276
79 121
152 948
170 594
9 390
121 92
138 211
24 217
5 198
26 715
64 694
120 919
172 319
141 308
122 392
150 101
86 484
21 930
174 381
40 794
45 653
146 634
60 303
142 306
74 385
167 445
74 333
75 147
88 283
139 31
76 6
31 293
118 794
40 808
14 672
87 206
96 896
148 810
105 331
11 431
124 20
85 314
11 248
25 642
3 442
2 152
97 900
103 801
44 827
169 630
23 746
114 692
148 293
157 292
58 818
43 217
152 130
133 269
9 228
174 186
51 972
90 699
22 985
8 381
155 908
30 22
109 778
20 83
166 323
132 434
75 696
116 830
110 44
151 161
54 189
84 166
152 31
174 225
57 163
123 980
58 475
155 590
61 793
63 134
144 630
149 714
148 938
137 243
15 99
18 139
4 319
32 600
35 859
2 336
130 657
68 271
33 436
58 196
49 644
157 792
146 334
82 943
54 901
144 263
20 365
18 223
33 941
175 32
125 376
125 568
10 123
171 254
52 47
90 806
163 523
81 226
54 55
117 961
112 315
27 74
123 656
10 633
61 194
172 592
22 380
110 342
59 488
173 183
149 452
142 180
74 961
5 733
82 979
139 896
137 794
47 31
134 350
154 284
29 329
84 818
48 395
65 380
82 862
82 933
141 86
155 76
68 655
142 658
25 106
5 699
135 901
154 18
69 51
133 267
151 980
26 97
33 150
171 541
150 223
55 314
11 408
63 343
50 869
12 112
151 920
169 406
23 834
124 45
134 166
138 234
160 585
52 971
50 480
111 329
95 192
175 811
59 213
22 416
123 383
34 975
4 684
161 610
97 367
96 765
21 342
94 300
98 767
23 41
88 741
41 567
80 612
127 720
137 266
18 138
148 967
102 51
44 458
114 556
16 985
140 207
96 435
42 619
33 662
94 711
115 978
112 324
65 143
55 157
74 284
67 866
16 532
76 80
159 434
41 302
138 350
101 963
11 332
157 164
174 47
71 646
104 337
31 706
164 91
42 503
88 685
121 757
51 46
102 655
7 227
103 706
118 261
110 580
5 4
105 205
166 632
69 97
16 60
16 449
173 395
71 252
82 314
81 712
25 253
93 28
114 610
26 708
99 293
62 201
59 453
24 467
29 151
103 836
159 95
154 610
97 731
26 906
64 326
159 478
155 52
172 579
6 612
143 222
145 274
63 138
98 55
24 207
47 755
7 226
77 713
166 869
25 211
48 409
96 755
8 540
39 751
116 98
123 87
49 899
136 694
53 652
71 487
138 897
85 231
121 391
24 575
77 837
46 701
104 547
174 420
32 703
24 705
13 826
147 61
145 516
115 9
40 584
127 149
146 379
79 972
100 32
110 437
22 615
55 10
38 568
36 368
88 677
154 755
108 751
83 358
63 418
164 199
45 319
51 503
159 458
12 99
95 318
125 109
71 544
150 986
62 77
42 653
9 178
166 7
159 681
8 820
10 395
145 932
85 672
171 420
68 902
121 568
18 868
173 904
17 247
17 546
9 57
146 55
80 329
108 555
99 582
59 968
103 32
57 896
121 685
50 436
5 735
78 535
103 519
42 641
118 972
76 849
21 247
30 571
45 664
113 307
17 634
78 861
164 235
96 715
28 478
6 15
28 387
161 581
50 811
27 409
120 455
5 197
132 169
78 549
111 451
25 477
36 95
20 209
148 39
167 553
121 724
76 979
130 107
81 348
65 466
46 787
54 129
132 968
67 978
22 615
67 74
42 472
31 702
133 355
96 619
102 261
110 129
64 51
144 121
27 75
71 890
122 219
173 122
8 201
175 299
5 117
91 800
131 871
3 713
108 470
104 413
158 230
86 980
35 351
117 438
101 413
69 196
105 109
78 394
98 923
38 884
87 98
33 365
141 671
130 370
104 294
107 682
124 788
70 699
51 1000
34 259
17 490
109 876
27 143
50 674
76 162
110 819
147 499
48 828
146 307
13 426
51 840
165 655
151 585
73 792
67 272
12 116
11 379
102 303
101 772
172 295
128 104
174 563
46 882
19 554
59 452
85 520
67 708
125 624
45 488
100 70
86 92
46 331
12 904
112 398
110 62
141 2
92 62
108 279
32 124
145 414
57 917
79 984
17 937
43 242
65 623
24 848
44 200
150 711
85 835
51 667
96 715
93 622
27 500
27 50
90 187
127 188
122 329
108 568
73 797
