700
43 950
99 819
167 99
53 422
155 405
67 5
72 144
105 303
76 115
37 309
44 410
150 550
28 215
1 836
72 210
147 937
127 777
66 857
174 214
31 599
13 865
144 464
135 764
149 491
154 788
73 520
125 304
92 318
1 258
139 714
46 298
169 263
152 624
80 328
13 763
63 487
74 491
104 380
59 776
102 353
123 95
132 876
55 741
125 346
81 163
104 380
58 125
170 421
127 660
143 112
43 965
49 49
158 680
132 400
165 234
16 442
122 433
13 126
78 773
5 705
71 728
161 907
89 333
49 490
171 480
54 949
57 114
91 741
121 834
40 910
158 497
33 192
128 830
59 791
3 903
70 131
71 605
45 973
118 346
32 480
97 60
152 164
146 568
151 721
27 209
9 680
29 225
175 792
152 682
110 622
150 249
35 558
101 356
35 228
53 311
40 439
63 692
159 951
161 104
105 13
107 509
108 430
73 363
20 446
101 664
73 328
49 486
24 483
29 87
119 308
121 717
147 384
157 699
123 12
162 445
85 464
98 69
159 703
172 210
98 995
124 924
134 122
88 187
100 335
90 110
100 416
71 77
8 591
101 796
86 34
87 83
76 273
76 58
111 864
144 34
89 853
142 635
35 806
28 650
110 142
74 629
49 775
8 174
123 765
124 786
2 216
34 578
3 351
6 168
29 508
84 971
27 621
111 479
64 82
40 48
81 638
72 50
85 815
132 59
13 420
74 371
165 989
98 703
68 207
148 836
165 54
31 580
89 638
166 389
54 217
123 898
119 573
111 598
38 148
113 456
119 398
71 793
11 602
159 929
167 720
54 351
57 842
35 802
62 631
146 490
11 406
10 770
13 66
121 777
33 428
163 568
24 344
142 83
151 944
41 568
35 355
169 654
30 891
135 546
5 247
3 528
2 5
91 945
20 811
89 713
105 856
44 906
49 930
139 536
3 978
18 550
104 434
43 715
131 335
20 732
7 605
33 42
119 10
106 424
142 903
115 176
8 220
8 383
33 722
77 734
84 767
58 293
90 24
49 411
7 595
3 339
23 341
44 454
27 612
24 267
97 367
72 551
157 642
115 265
87 376
35 286
120 417
153 634
83 304
147 902
114 24
23 730
47 121
165 743
17 255
32 358
136 410
105 398
159 281
79 415
135 412
85 64
55 447
20 585
169 291
138 460
7 548
153 559
60 758
106 539
18 718
85 272
149 748
152 589
146 476
132 908
114 582
170 950
24 410
169 800
120 147
34 482
163 266
83 92
98 351
91 558
39 494
163 531
29 342
45 556
43 373
72 166
32 198
113 284
131 68
5 700
121 793
130 512
25 826
95 299
27 903
95 322
112 156
100 690
92 260
69 491
10 615
174 497
76 941
87 134
56 819
141 309
1 425
112 598
169 129
21 585
168 354
51 946
164 425
166 159
104 165
67 11
56 264
3 398
84 303
148 251
35 588
155 198
21 741
89 342
38 176
36 297
75 853
21 592
79 405
132 107
37 319
87 366
14 691
146 646
105 515
145 19
24 739
57 528
95 504
169 370
160 349
15 452
57 662
54 226
167 553
175 621
1 726
73 739
155 801
56 428
81 47
117 702
35 409
19 4
89 322
147 97
143 249
103 4
50 864
84 275
138 345
116 7
54 639
22 293
83 870
173 588
63 20
165 643
143 235
47 676
158 757
161 944
150 378
141 385
143 102
150 222
161 765
132 106
47 718
171 153
54 442
155 383
161 359
20 400
152 194
124 336
20 63
26 214
18 703
60 412
125 431
128 492
50 308
140 546
13 228
49 318
142 25
106 763
126 455
105 624
60 176
17 215
17 773
156 643
100 581
29 231
61 96
67 758
107 595
66 660
63 203
158 562
160 871
40 612
11 996
25 57
131 445
150 517
20 457
172 823
121 198
19 767
136 772
58 505
37 511
36 772
115 383
143 171
72 262
27 686
6 665
157 185
155 469
6 197
164 222
56 102
144 846
132 86
20 506
102 285
21 512
122 476
63 253
73 686
24 840
146 365
51 715
109 276
45 623
171 877
159 774
48 305
39 978
4 320
163 896
132 293
3 790
37 459
174 95
173 80
131 488
18 560
157 992
160 291
30 297
112 531
116 452
106 158
88 802
68 624
26 741
4 206
9 785
107 631
85 399
108 420
16 423
20 122
168 74
44 481
9 310
54 766
158 860
62 124
19 172
89 838
110 172
59 291
4 505
106 409
20 163
51 418
171 450
170 688
16 561
33 93
98 589
138 140
59 314
43 697
18 689
44 963
174 405
12 504
93 866
54 78
30 755
48 104
26 42
8 753
171 493
43 145
95 144
95 892
134 260
121 597
64 176
102 618
84 312
15 664
133 506
36 701
51 477
6 219
147 844
126 42
119 623
77 92
48 40
50 662
26 381
125 277
11 512
145 843
10 403
22 841
29 315
52 172
171 190
115 19
25 26
82 609
83 773
36 709
120 690
36 209
151 597
131 553
66 987
162 698
98 896
162 152
164 526
100 701
165 97
9 117
40 319
34 727
24 379
14 607
49 326
170 56
112 957
175 436
130 169
51 802
84 755
59 108
154 220
142 504
13 834
80 633
133 133
87 74
106 703
127 341
109 671
86 600
69 348
125 330
143 265
110 519
121 277
28 523
78 335
75 24
19 237
109 59
9 391
54 469
121 482
61 831
103 417
109 857
133 112
87 503
40 628
142 27
71 842
42 200
9 947
163 346
139 55
47 316
159 422
116 296
90 253
82 294
127 152
11 14
55 753
171 825
146 765
115 984
24 464
114 534
82 723
12 576
174 662
88 922
71 50
97 242
5 565
19 278
45 185
166 948
99 981
100 906
113 927
53 759
2 350
97 377
118 608
41 586
128 19
73 818
139 772
132 557
135 674
65 26
126 581
87 157
123 308
93 135
87 166
135 144
88 338
36 514
114 377
175 615
171 580
6 429
109 123
65 184
168 674
166 94
15 589
44 198
173 123
139 273
112 733
73 811
3 240
98 340
100 143
155 10
42 702
25 787
9 400
46 648
24 645
77 274
64 920
71 346
37 151
51 194
71 966
95 469
159 852
136 917
16 638
75 993
102 907
160 686
127 909
170 521
139 771
127 227
93 631
74 249
98 804
165 49
168 204
125 224
75 813
141 829
107 588
136 136
101 413
