700
99 920
163 462
16 159
81 42
161 340
169 14
46 456
151 442
66 202
11 367
141 705
70 84
41 268
55 907
129 341
57 520
131 101
99 879
7 705
127 248
143 923
105 884
18 726
131 619
31 988
144 251
29 409
89 18
37 967
97 111
118 212
97 746
14 828
49 707
82 454
58 588
157 20
11 762
92 167
117 430
46 521
159 716
3 33
32 83
132 899
81 323
53 708
80 90
27 899
118 97
119 240
115 164
46 835
99 666
106 986
18 119
67 18
77 673
144 80
44 495
125 864
120 472
106 33
16 193
135 733
89 344
44 181
69 469
76 502
112 989
88 721
174 499
164 7
147 566
159 144
26 805
130 363
90 28
123 832
4 4
86 678
175 63
110 136
139 757
119 747
65 701
22 156
28 572
167 200
74 555
92 761
40 24
51 584
96 21
166 742
15 264
162 981
28 396
27 13
123 668
154 347
6 284
120 901
159 506
150 379
67 387
149 429
55 308
8 829
96 171
85 700
99 966
8 773
141 434
1 638
96 274
132 740
76 756
158 434
148 481
118 400
145 168
128 756
142 670
2 58
170 346
8 1000
138 28
61 227
38 692
17 158
134 867
10 230
102 303
126 199
167 875
164 181
118 222
45 614
12 862
126 823
1 50
163 694
140 338
10 804
16 118
35 755
124 169
116 643
155 265
24 388
31 744
74 439
173 880
151 516
39 310
60 51
122 553
17 881
122 284
160 402
166 859
15 187
138 930
146 933
167 458
2 556
36 179
49 266
115 580
30 89
147 23
27 886
158 804
55 156
20 603
75 527
52 661
18 243
24 300
19 386
153 857
127 250
34 421
76 269
133 482
117 479
6 354
71 153
74 909
174 74
172 334
75 726
140 97
114 260
75 416
18 340
46 203
129 674
90 957
48 765
97 852
33 534
113 703
105 435
130 48
171 807
116 292
165 533
19 161
144 81
20 733
118 31
62 191
164 739
149 173
133 812
57 677
160 759
159 682
43 987
19 280
46 686
92 762
7 995
130 299
27 169
106 127
85 353
135 823
161 828
82 863
120 784
64 546
29 590
24 917
23 256
128 406
58 725
168 127
148 951
4 776
19 503
41 195
175 804
49 684
6 630
156 484
62 852
147 482
2 862
95 101
48 721
88 186
108 240
86 680
33 825
36 877
22 542
26 949
38 284
15 234
107 244
65 511
158 378
25 434
27 756
165 228
62 274
134 507
94 19
157 9
19 707
44 632
165 608
15 568
63 380
137 725
76 156
75 181
52 817
20 827
33 337
97 451
71 891
170 31
25 112
112 935
133 127
119 382
169 480
129 808
2 601
117 779
172 671
31 740
97 30
113 169
72 890
122 686
74 543
121 668
68 275
90 949
142 964
131 935
13 254
143 130
54 582
24 404
169 73
52 299
134 205
89 767
163 518
44 295
80 32
160 905
126 112
94 925
8 989
89 83
44 880
164 573
129 578
95 452
88 859
98 644
7 766
44 608
143 477
78 663
69 22
114 997
125 470
85 715
61 74
46 814
126 52
152 541
53 704
131 745
93 822
51 197
127 394
91 781
9 338
15 597
113 493
167 278
41 575
97 550
127 16
125 912
144 103
146 377
92 23
135 336
55 650
12 192
72 750
149 332
91 282
137 634
132 460
175 167
10 568
101 89
169 589
78 384
40 332
28 848
160 19
101 124
51 95
103 438
24 792
16 101
168 111
173 729
38 428
48 469
33 259
173 642
172 491
107 971
86 532
125 460
171 302
116 534
139 759
142 363
112 929
63 935
93 868
83 117
174 167
73 820
147 109
5 390
38 532
75 6
126 317
7 367
114 323
121 748
5 65
63 162
103 59
29 780
62 53
83 892
127 794
109 235
63 413
153 930
95 229
48 616
81 772
142 391
156 854
163 882
134 67
82 603
107 222
102 610
139 638
109 604
161 194
46 25
76 552
56 466
48 203
151 854
164 425
23 345
127 649
144 415
36 307
160 346
117 850
140 912
23 772
124 876
100 726
92 954
73 301
163 873
26 432
138 869
47 793
130 906
4 315
101 733
2 364
121 680
148 939
33 287
2 326
115 91
94 455
63 621
53 508
92 285
103 346
136 159
15 239
8 331
113 753
123 35
161 767
81 136
119 124
37 115
40 879
134 838
65 410
2 833
114 1
88 818
172 653
89 834
163 315
154 164
23 856
157 625
165 60
159 580
31 254
48 419
94 717
151 860
83 624
14 261
100 335
66 1
135 522
15 423
8 187
128 130
40 410
39 632
14 551
57 244
43 567
34 95
87 261
156 609
15 729
169 66
30 963
172 745
116 60
121 105
5 286
81 770
138 483
69 566
166 4
8 745
2 840
143 119
151 482
45 451
127 163
133 377
75 67
141 272
34 978
117 336
162 303
65 241
75 449
90 26
25 764
21 585
113 493
170 617
22 347
162 98
71 192
50 337
92 592
111 996
139 509
123 106
75 478
23 329
152 169
6 549
51 261
166 572
73 913
70 226
145 709
170 384
97 196
116 548
137 214
173 464
12 787
159 529
168 662
28 599
170 954
7 509
144 271
2 530
61 305
44 104
65 154
163 486
43 115
65 104
46 586
106 476
77 251
16 886
172 98
84 746
115 220
11 7
42 118
57 467
94 758
135 32
158 40
28 957
138 429
123 123
174 850
108 658
123 490
22 848
2 69
167 493
160 311
44 126
102 998
140 834
167 847
64 791
109 747
89 722
123 494
104 218
57 400
63 573
106 662
99 297
107 586
90 95
55 828
130 472
145 324
37 726
62 809
67 356
120 990
34 412
50 357
46 109
41 736
126 691
99 609
128 251
64 103
34 11
38 647
6 213
32 73
106 134
140 169
60 341
115 807
5 60
139 576
142 401
150 489
129 559
75 91
56 93
132 30
133 537
175 65
12 221
31 844
59 263
137 16
18 778
13 855
27 328
48 930
145 810
139 514
145 340
122 184
163 767
6 692
87 14
40 15
10 229
28 766
170 115
118 720
30 410
91 267
101 113
102 748
140 727
167 904
130 807
18 663
29 915
88 857
152 675
29 705
117 389
32 138
52 59
141 356
74 383
69 604
63 383
137 972
174 301
37 625
158 792
107 31
37 792
113 90
156 771
173 937
119 842
121 979
112 171
53 685
98 11
112 60
149 660
