700
4 608
123 398
130 549
57 171
161 344
171 344
68 176
113 266
26 880
150 39
174 443
87 519
94 47
175 908
141 421
58 58
34 292
162 902
131 587
21 49
24 436
174 820
25 719
69 686
48 372
112 275
136 591
118 38
100 660
37 810
35 736
78 95
94 154
4 623
109 27
127 817
86 676
173 833
56 492
91 338
49 629
31 46
54 937
102 341
124 5
137 583
72 994
141 900
31 411
30 73
6 414
115 961
18 889
71 907
43 960
74 294
40 919
151 559
73 726
38 491
171 628
153 958
3 171
39 845
68 810
72 821
159 825
73 3
26 859
90 923
153 449
77 66
144 237
56 243
19 911
86 369
100 930
111 235
74 500
65 424
12 297
171 657
124 473
140 791
6 874
54 429
142 569
29 686
103 473
15 761
30 415
152 208
21 740
2 761
59 702
149 693
118 722
68 13
149 798
64 998
12 666
3 418
77 896
73 699
84 344
111 235
109 273
34 103
90 610
128 122
68 740
156 671
88 857
139 839
71 329
102 764
89 374
138 105
24 448
14 667
64 406
139 205
4 157
44 432
54 918
146 639
83 99
41 148
153 237
154 730
143 115
79 35
153 824
50 431
125 482
132 825
122 827
148 595
91 273
36 263
1 505
100 195
35 319
52 304
125 785
50 209
25 252
173 97
157 832
129 995
88 322
22 46
21 10
72 43
1 237
61 324
111 520
162 853
102 34
127 119
6 465
4 557
164 480
6 626
32 479
130 34
79 346
52 630
6 114
116 994
66 834
112 741
28 430
136 349
129 990
115 410
73 247
83 616
12 332
110 489
40 959
76 522
141 146
107 425
96 787
79 839
71 212
152 177
159 783
130 424
53 269
56 792
162 871
33 534
20 338
97 854
117 843
4 468
172 933
43 750
153 738
95 615
164 200
68 393
20 411
175 67
174 203
14 531
98 911
144 867
53 481
110 283
110 853
131 133
64 486
85 845
4 852
65 57
8 858
17 188
146 501
112 675
26 184
129 836
51 251
93 596
3 938
161 22
125 954
152 314
56 998
41 277
116 86
10 801
31 16
70 192
171 766
156 662
5 116
69 325
76 80
143 462
98 990
82 406
84 379
108 204
43 445
105 307
20 750
99 359
60 284
15 218
150 668
140 799
106 873
92 307
102 857
126 893
114 175
18 476
132 356
146 280
91 437
69 36
105 632
111 333
137 830
150 258
103 11
93 347
74 889
150 735
12 876
86 644
39 988
28 786
61 754
93 454
150 487
157 158
134 118
100 193
5 782
70 847
61 416
11 130
66 200
56 726
36 429
25 975
103 394
116 755
9 849
40 43
74 310
45 471
97 895
57 18
22 63
100 534
116 314
25 50
29 1
90 392
51 665
89 671
164 609
94 562
3 686
65 381
114 628
100 424
2 548
87 847
75 860
127 870
109 284
167 103
102 197
14 507
169 33
36 281
44 738
80 237
160 463
103 72
54 455
126 901
100 760
175 570
92 750
104 238
78 859
59 245
174 939
99 837
115 56
127 889
146 987
70 361
161 485
171 792
162 945
101 575
77 737
47 572
56 576
25 667
54 53
150 29
141 108
131 702
163 130
154 112
107 334
27 46
106 486
71 618
167 384
21 893
78 574
75 605
49 588
96 12
16 288
34 175
117 972
62 952
168 732
52 146
87 391
158 806
77 768
82 188
24 484
111 986
81 368
90 1000
57 104
165 774
46 832
54 441
90 46
20 701
128 622
105 180
111 287
112 884
95 573
29 96
140 763
165 439
119 995
156 260
121 404
120 46
87 311
39 289
127 344
36 591
129 559
60 543
2 495
22 856
112 90
93 665
82 702
95 145
31 912
19 806
166 516
119 976
22 276
118 752
21 457
43 626
64 331
34 984
84 874
138 428
50 801
98 197
22 130
42 949
143 367
110 910
28 272
167 841
4 396
154 954
75 641
124 950
118 735
45 445
126 797
162 222
63 285
59 111
109 599
22 319
128 881
28 221
7 184
114 185
149 78
134 108
1 49
127 586
66 797
72 230
34 469
40 586
132 648
122 711
34 975
122 699
125 923
43 252
28 123
104 141
22 699
96 752
123 456
143 620
52 267
170 271
19 576
96 130
41 123
143 461
164 732
157 929
56 654
58 641
32 681
114 765
58 658
154 972
166 50
71 837
170 674
144 888
20 673
147 432
74 85
44 926
128 427
163 476
152 688
139 908
15 360
96 158
12 228
4 930
66 33
150 967
155 461
66 922
101 294
85 263
68 497
31 978
111 154
5 357
141 213
19 519
117 407
126 37
101 643
73 179
56 131
50 859
118 745
74 42
20 792
151 610
40 237
83 256
71 92
112 470
143 786
55 915
142 251
91 401
86 955
168 267
71 700
3 590
113 225
49 264
168 533
56 747
1 314
57 7
28 764
159 556
38 102
141 456
172 305
65 872
62 702
44 699
171 684
171 811
37 565
138 507
71 422
12 306
52 672
90 101
62 56
56 133
44 521
156 491
104 383
170 922
35 32
136 270
3 319
126 80
175 303
78 441
45 34
78 675
154 872
98 29
92 107
4 943
53 825
34 660
137 281
57 802
83 681
128 273
117 592
77 653
163 278
69 784
140 804
168 780
78 857
48 179
88 34
118 337
2 349
159 474
138 240
66 249
134 642
58 503
174 764
99 739
14 483
95 488
158 799
98 380
17 277
78 15
24 132
40 279
169 323
46 611
117 383
145 789
89 356
91 390
122 160
94 981
9 958
126 575
156 26
58 791
41 68
25 341
94 339
38 119
148 787
129 894
169 864
122 19
69 760
117 953
90 17
86 17
99 914
115 538
61 767
3 227
58 646
83 871
61 960
39 505
25 748
139 872
36 362
135 314
121 579
160 669
61 140
112 149
16 497
47 541
38 139
54 721
143 8
47 883
63 772
115 877
90 122
166 635
155 500
53 809
8 910
134 291
148 72
162 160
87 957
166 924
98 734
33 433
66 723
171 524
103 285
72 230
33 460
10 521
171 655
173 111
71 888
64 66
65 817
129 917
113 224
34 456
92 381
155 202
129 499
85 665
89 31
44 92
7 645
147 747
14 52
169 42
133 844
44 886
171 870
155 627
48 806
111 930
117 598
122 405
147 427
165 901
63 956
24 735
24 123
150 130
1 434
89 647
