700
105 463
88 242
169 706
115 499
115 612
27 117
66 200
28 637
162 920
126 963
141 578
48 510
163 711
59 846
76 88
44 314
76 692
169 346
74 266
72 603
174 634
101 356
163 377
33 837
14 505
25 662
19 461
113 846
26 622
19 913
12 532
151 903
75 267
136 189
104 399
35 625
98 814
164 599
116 256
152 974
126 87
67 721
39 442
98 611
65 976
7 62
63 694
1 573
129 483
125 821
154 464
55 363
117 666
25 680
132 897
59 618
65 526
160 767
31 591
109 776
64 904
146 5
160 217
6 364
36 917
169 550
171 504
59 778
96 244
44 52
27 255
27 256
55 891
145 899
32 872
70 843
143 971
175 700
92 155
56 596
150 754
65 690
40 502
57 981
153 387
38 436
42 686
67 304
173 524
154 322
74 242
149 696
94 603
56 334
83 30
15 407
87 891
172 465
64 141
14 545
116 190
18 969
130 548
62 69
46 628
94 325
84 892
146 61
110 157
10 617
158 151
112 128
2 277
152 987
14 936
28 861
60 691
172 954
9 527
18 699
116 266
130 755
169 656
13 651
18 702
132 470
59 544
147 112
69 1
79 790
72 920
31 683
118 476
90 184
19 753
90 397
118 517
131 771
26 627
39 438
75 641
89 729
175 533
81 404
151 959
48 176
138 736
173 464
172 113
50 662
45 905
152 396
125 824
134 844
72 532
155 922
70 785
30 375
118 615
13 433
73 39
83 296
106 464
98 27
83 416
78 927
107 556
96 618
79 243
61 701
136 389
3 700
25 201
114 425
92 544
108 10
165 669
146 27
130 980
89 863
117 566
129 14
44 626
98 878
96 150
173 187
5 60
83 44
164 601
50 27
100 811
108 284
166 137
151 970
148 472
25 20
30 274
71 242
96 294
55 915
128 238
14 784
96 699
15 626
14 168
1 200
156 401
27 551
3 957
17 678
126 101
165 431
132 116
28 279
172 29
103 914
123 82
155 831
134 694
140 954
154 816
165 853
76 306
85 144
145 922
173 149
145 178
84 589
127 161
52 382
115 522
116 154
132 568
155 588
173 275
76 291
89 829
100 195
20 647
15 982
68 535
30 928
13 537
56 692
27 378
40 52
73 33
150 436
64 596
23 649
141 478
22 972
33 17
139 699
86 700
21 810
35 367
23 606
10 387
136 232
73 243
153 542
97 196
23 425
36 726
83 57
90 864
68 594
104 958
142 246
174 548
76 565
143 942
47 158
15 157
101 639
127 853
5 590
145 736
43 71
49 338
9 189
126 643
110 534
46 126
65 599
3 730
115 120
111 375
151 993
58 89
125 352
121 664
14 566
92 636
119 471
106 86
5 826
43 532
109 953
16 909
44 248
25 355
32 705
169 259
16 810
69 798
92 548
13 139
15 68
57 988
136 139
13 28
87 93
1 855
76 819
141 167
16 601
65 814
64 725
118 726
153 82
152 619
85 323
71 517
111 337
71 610
145 644
115 132
62 375
126 584
102 532
59 555
156 107
88 101
30 113
61 656
83 815
7 331
88 295
21 132
84 465
163 348
137 516
22 921
141 620
40 987
10 272
79 723
82 181
166 147
147 810
30 638
77 695
142 233
111 307
49 804
123 139
78 356
103 579
146 851
132 942
25 254
44 850
173 674
123 50
8 36
136 493
71 553
114 775
172 707
67 21
76 808
62 954
73 287
38 866
175 5
124 232
133 795
153 971
114 936
171 633
105 541
175 36
88 95
1 974
24 677
23 554
15 63
32 859
67 486
1 809
120 302
72 547
15 249
78 356
108 936
97 250
140 352
64 949
22 321
30 728
128 994
93 36
10 117
70 353
65 347
140 155
33 944
92 176
12 440
148 658
151 972
116 640
93 130
140 492
21 877
101 39
64 703
91 307
119 918
93 426
132 43
94 184
74 886
86 317
115 186
158 64
83 921
112 778
175 22
130 50
129 469
18 186
156 38
49 366
118 75
45 883
113 515
7 126
147 632
11 645
45 554
122 558
147 742
167 557
102 547
96 692
51 835
155 502
43 167
164 51
12 488
161 774
79 543
37 669
73 78
16 394
107 931
92 681
29 420
5 887
155 411
156 628
104 885
160 402
154 898
63 928
45 635
149 693
153 840
168 945
132 759
102 524
55 569
142 80
93 162
93 667
34 611
1 493
38 487
72 925
98 345
100 712
161 910
116 363
164 55
54 739
107 78
29 795
109 91
118 310
144 743
57 105
59 588
88 157
145 714
175 347
109 227
5 246
47 587
62 720
3 90
51 825
76 43
26 370
55 536
50 890
101 968
150 516
88 174
24 106
134 784
152 408
62 328
23 448
161 546
69 116
150 288
162 387
108 858
168 573
130 665
113 220
135 35
173 689
73 237
15 556
114 587
8 551
34 121
20 995
58 306
108 634
159 49
21 149
78 51
165 782
35 881
110 738
128 152
16 130
21 183
138 1000
37 907
137 223
85 592
71 25
170 441
19 94
3 518
106 823
117 956
108 986
43 864
5 415
172 545
23 649
83 848
60 362
18 553
81 211
10 55
110 83
26 897
159 486
18 902
73 791
35 307
51 922
152 988
160 880
154 747
93 672
63 752
90 871
102 639
174 236
26 190
63 107
32 109
62 521
154 305
42 266
134 36
41 219
165 790
148 100
13 605
89 735
28 597
114 237
21 575
112 26
96 221
32 133
125 107
164 67
172 126
11 561
18 863
174 342
1 656
141 656
151 213
106 988
28 732
156 998
129 985
3 166
165 986
171 866
175 993
9 956
168 364
13 327
163 362
161 809
73 574
123 288
64 303
150 301
125 926
145 324
174 337
153 793
62 164
45 228
169 817
116 199
14 154
157 893
36 244
168 551
34 234
19 593
104 683
53 598
85 842
147 259
17 543
20 924
48 583
104 631
45 417
95 299
167 641
63 183
139 331
83 996
160 721
25 535
137 341
61 286
163 316
119 39
114 768
55 416
120 292
113 536
68 963
95 441
4 469
16 752
114 119
46 616
31 180
45 128
77 633
17 5
72 99
27 230
60 928
7 774
132 397
11 965
42 31
115 253
171 623
35 808
20 114
112 831
105 592
135 736
20 407
86 403
60 641
159 744
106 372
48 868
82 601
77 555
123 479
14 916
156 15
146 193
44 252
170 857
28 515
63 848
