700
169 886
13 924
105 157
102 371
129 86
82 534
43 242
38 11
121 529
58 153
121 624
15 247
64 87
53 923
152 413
175 664
12 33
123 884
136 862
75 870
95 605
7 613
31 46
69 592
138 414
130 53
81 937
164 237
67 273
110 186
157 311
89 131
122 264
42 327
116 34
59 676
5 663
131 22
81 502
54 915
46 899
124 728
80 203
145 767
101 392
41 392
167 313
77 552
24 101
45 187
158 445
62 287
55 86
59 969
133 101
13 18
28 922
3 216
3 597
153 510
83 616
41 991
26 843
22 966
53 530
87 56
84 113
59 712
36 329
60 900
144 745
151 849
142 124
86 545
15 319
28 212
153 574
14 356
78 230
33 767
15 454
175 766
93 535
163 254
121 767
120 9
133 865
165 136
60 263
21 604
159 810
158 872
120 889
134 15
106 693
81 980
144 698
143 89
61 732
46 676
111 91
107 110
36 528
5 20
80 662
102 667
155 482
18 295
86 900
10 37
86 369
34 212
133 870
91 958
138 805
170 181
30 804
132 552
24 873
106 318
61 631
22 916
89 874
121 430
77 580
29 375
53 27
99 284
67 230
23 174
128 900
144 428
35 615
48 751
23 808
9 380
105 126
124 610
32 910
6 776
159 913
48 652
74 635
33 786
166 385
119 96
118 310
31 574
159 224
101 933
98 262
131 994
132 310
13 461
4 320
84 826
120 817
20 208
21 729
21 850
149 355
19 748
153 572
141 142
67 84
124 536
18 174
126 152
26 71
149 904
50 17
169 410
104 879
38 937
72 908
28 114
127 653
166 784
112 308
40 424
19 421
20 768
68 861
105 461
3 90
23 665
75 976
172 472
115 561
62 400
63 348
26 995
77 427
73 948
5 732
94 916
147 755
155 813
52 925
46 272
62 232
88 453
28 163
83 613
100 469
96 695
94 970
171 227
172 205
83 900
12 101
166 976
28 56
114 961
62 799
33 109
59 455
118 627
140 156
161 244
55 296
53 92
125 38
59 968
153 837
77 704
5 703
25 657
108 687
161 508
108 87
61 381
108 148
60 264
64 917
160 57
103 811
90 143
16 995
111 164
146 89
84 190
62 959
135 418
86 858
71 425
109 754
8 239
61 408
139 377
120 889
95 912
61 260
16 504
171 8
107 890
76 549
98 294
43 168
92 973
54 969
175 395
73 558
145 661
58 782
128 555
66 686
19 657
129 948
65 163
135 205
157 884
135 52
43 597
24 982
32 687
119 959
64 424
49 583
175 581
164 150
67 417
156 379
23 593
166 858
134 514
51 592
83 327
65 17
172 487
170 914
68 105
131 750
162 837
83 891
138 48
142 968
152 17
167 644
153 102
79 372
72 185
115 734
152 42
78 160
148 515
4 412
49 693
12 120
39 997
41 98
16 121
101 839
72 312
3 450
22 772
66 158
60 216
170 960
167 905
109 202
23 172
147 47
28 599
79 158
5 884
16 74
10 520
136 24
57 979
47 512
92 658
26 37
65 404
75 35
157 474
141 545
126 551
114 330
85 806
73 19
9 710
172 309
51 88
74 293
20 740
123 448
94 893
97 517
34 885
171 768
125 45
33 415
62 278
119 733
101 363
154 774
71 829
103 437
175 669
97 645
117 171
55 300
51 107
131 273
128 406
114 353
32 753
173 98
38 574
146 942
135 867
77 662
46 734
162 394
159 677
158 969
57 112
34 732
171 675
83 211
2 823
19 752
65 387
133 418
40 904
138 984
90 81
174 175
15 517
20 819
170 826
13 347
154 895
42 899
94 234
35 56
16 852
168 270
48 424
92 460
165 943
95 537
154 713
16 439
74 939
157 596
121 700
155 667
73 706
39 923
66 626
5 836
100 917
36 930
130 108
16 570
24 596
111 548
165 581
109 468
120 614
38 253
127 459
113 593
41 826
82 729
149 58
56 649
145 523
130 63
75 499
69 117
126 525
84 194
59 533
1 754
69 879
108 288
31 340
155 607
30 771
110 727
54 908
133 881
173 104
112 565
62 896
117 624
96 338
165 348
112 184
43 240
94 998
58 36
109 925
134 650
135 383
141 389
104 792
63 712
63 928
88 59
18 917
32 583
1 193
32 135
136 35
29 396
173 423
24 673
174 885
146 160
55 337
49 774
39 582
11 332
109 773
175 42
68 81
171 46
69 641
165 812
34 268
141 210
156 666
69 308
111 879
153 233
153 966
21 601
134 803
62 193
44 358
140 264
114 499
31 123
138 468
147 628
46 390
24 303
42 302
84 311
126 449
28 666
56 361
68 684
130 469
98 151
150 42
61 337
172 514
8 219
114 820
28 600
85 17
153 420
134 74
3 830
4 213
160 291
114 252
130 880
28 91
16 47
114 341
13 407
97 683
114 833
2 735
119 863
173 206
41 25
7 54
20 173
45 459
162 931
117 925
19 600
155 199
72 374
119 384
125 676
54 360
10 272
132 9
95 330
153 475
122 859
86 828
46 693
140 381
162 121
127 87
152 351
94 612
67 106
102 913
121 642
114 169
113 476
92 299
133 688
101 301
164 547
63 605
131 497
122 158
59 867
157 440
165 857
89 63
72 192
63 210
145 906
169 524
24 707
155 466
148 130
135 703
144 930
119 671
80 236
18 458
64 494
137 449
13 737
56 822
139 781
54 669
69 775
28 182
104 583
4 45
88 38
4 831
50 550
110 475
20 555
39 111
158 684
150 793
48 804
143 143
29 996
22 390
82 334
97 739
132 823
164 760
168 586
54 575
141 470
60 975
66 441
72 65
44 507
102 624
20 448
63 371
31 725
9 433
5 994
99 129
19 699
105 127
136 758
21 227
123 920
72 977
157 549
157 625
76 323
138 133
101 991
147 895
163 639
6 400
140 549
151 873
123 148
10 327
88 164
75 214
148 913
13 264
68 161
60 686
47 795
95 14
111 968
145 60
21 764
95 296
56 974
17 471
61 93
122 355
65 693
108 215
140 519
148 803
173 52
174 22
78 437
74 941
9 168
95 754
175 175
171 183
139 510
132 14
86 759
88 657
122 760
73 443
29 821
110 53
86 198
150 22
99 33
102 468
104 232
64 563
139 269
92 145
21 441
24 609
151 275
133 154
154 980
123 260
69 650
93 500
12 843
78 558
93 845
132 344
130 703
91 108
