700
37 893
35 511
163 102
15 777
71 124
60 1
160 249
21 678
171 587
153 737
12 755
81 177
96 228
9 37
32 745
51 813
97 110
123 689
9 689
117 708
72 312
141 694
12 375
156 294
116 668
33 520
13 63
157 865
139 873
104 874
42 385
53 292
115 920
132 302
6 901
136 594
79 475
26 933
158 768
144 89
106 361
69 686
150 899
43 365
35 964
25 514
83 787
14 866
20 712
122 498
172 566
167 618
102 548
158 73
87 405
56 360
143 675
7 236
47 877
91 430
92 719
111 99
110 522
98 665
161 868
28 477
15 213
49 24
174 424
13 862
7 529
136 112
51 319
68 566
106 338
165 143
68 70
5 865
49 860
10 758
97 803
160 490
108 395
39 905
20 949
137 800
151 724
42 498
105 440
167 326
115 836
42 158
34 642
174 198
8 779
145 497
28 483
133 536
116 619
41 474
101 928
7 611
162 871
58 75
35 107
75 592
148 369
80 270
96 786
128 156
29 906
41 378
133 655
171 826
41 832
120 372
31 434
100 668
129 987
78 314
128 511
53 517
158 444
12 449
134 789
149 466
20 746
130 962
144 685
20 781
164 314
165 914
13 899
110 650
118 765
150 533
76 688
132 253
6 214
83 892
13 271
152 209
74 475
160 650
173 787
116 1
98 185
149 305
51 753
21 825
154 339
126 970
10 106
97 672
65 724
105 383
84 41
9 6
163 286
140 279
19 577
16 854
68 37
162 950
5 740
117 801
116 360
150 727
112 946
167 625
4 317
144 930
59 853
81 762
121 315
79 143
111 839
17 890
37 798
136 640
65 313
99 964
135 971
84 568
112 482
109 306
132 210
158 656
160 197
67 921
144 372
74 760
156 426
147 513
71 85
91 225
107 234
85 235
101 790
132 611
163 178
174 852
97 806
125 299
66 409
100 350
95 354
4 516
10 790
79 787
45 611
14 994
33 858
31 442
75 542
78 229
109 737
150 819
88 377
154 271
81 782
35 962
147 908
60 322
129 639
62 735
106 211
112 609
134 582
73 714
63 867
127 929
100 968
144 175
159 246
126 602
11 359
97 680
2 795
85 668
130 553
74 608
158 147
13 694
42 603
144 717
119 680
120 176
108 837
21 718
69 597
57 399
132 983
71 341
48 422
80 162
19 562
3 777
147 307
72 946
51 491
55 809
87 366
147 663
163 950
133 297
105 875
25 649
45 701
51 989
24 892
92 628
132 857
163 266
53 228
160 192
99 252
59 32
142 38
162 671
107 491
124 203
26 366
166 337
158 698
25 358
159 85
113 77
13 293
145 733
32 752
58 429
121 897
48 535
161 20
119 650
131 447
16 134
37 493
67 245
30 421
31 881
67 620
72 221
162 158
171 152
111 111
68 624
33 875
50 666
112 682
130 592
45 280
78 753
111 983
4 943
170 863
131 34
25 667
156 958
96 907
157 431
71 786
143 660
52 503
45 733
118 625
115 901
173 689
88 841
169 243
81 236
152 636
139 707
82 407
35 720
128 370
14 593
127 423
103 684
25 300
86 280
67 448
157 517
34 671
136 778
12 559
38 879
129 593
110 138
144 914
81 743
53 774
102 810
135 779
15 848
42 954
6 689
140 351
133 871
66 201
104 170
92 834
163 475
49 234
43 573
33 733
171 747
110 811
82 117
146 146
130 114
108 685
71 768
56 764
54 709
72 7
84 693
173 569
25 68
7 91
61 913
77 429
11 266
36 397
47 916
171 505
119 918
63 361
156 953
67 360
154 33
131 786
23 11
1 494
57 411
70 664
36 341
22 79
79 415
3 106
55 516
72 299
155 754
71 260
45 817
151 830
26 826
174 974
58 719
20 377
113 881
45 653
158 804
97 40
74 314
97 791
132 892
110 552
124 340
139 893
56 292
141 421
12 379
51 434
163 718
34 669
141 668
149 521
118 786
163 307
161 13
64 78
3 620
80 876
59 618
2 307
34 868
24 198
97 349
69 605
81 899
99 444
67 653
145 36
69 572
83 521
78 422
129 757
63 712
95 89
148 260
115 669
136 955
39 154
25 312
146 542
73 678
88 730
96 685
17 606
161 814
75 494
107 86
33 348
70 779
87 568
33 516
78 649
115 419
174 278
117 459
114 217
64 251
1 13
78 96
105 475
106 221
71 892
82 95
31 616
24 432
94 943
7 887
82 158
106 632
59 44
15 580
48 332
150 868
122 651
4 742
111 127
65 168
11 272
62 868
60 267
113 410
99 848
79 572
161 122
50 412
53 381
155 491
134 940
10 935
12 767
62 898
156 492
118 951
17 625
90 996
90 87
144 791
142 321
114 358
175 835
165 573
133 104
60 66
90 789
63 678
68 468
20 991
91 282
105 485
18 53
8 447
169 164
157 590
148 41
6 445
36 551
164 639
50 487
55 418
119 272
55 133
41 376
35 120
15 704
119 819
124 252
64 716
152 398
162 579
117 480
37 198
22 80
172 779
44 778
175 35
78 171
104 364
30 868
129 51
9 109
123 640
24 493
87 616
68 130
94 30
83 484
24 42
56 69
136 50
175 577
73 829
158 118
111 511
77 236
39 658
168 269
54 74
106 537
57 861
24 763
15 962
63 14
45 456
92 754
61 19
86 466
105 92
112 803
67 445
92 718
21 951
14 693
48 534
131 287
166 211
93 632
166 487
10 581
74 908
74 53
35 174
144 566
103 983
21 367
99 426
34 3
34 480
63 33
161 478
12 836
162 363
83 16
53 311
14 852
66 315
142 303
32 246
54 146
75 769
161 485
69 643
56 428
150 295
62 204
12 473
16 800
76 253
116 805
12 620
137 910
44 419
6 257
125 441
82 125
82 675
83 393
59 595
105 432
172 600
134 952
82 223
123 819
167 705
134 346
98 385
165 843
110 983
17 52
59 226
83 676
7 443
125 113
4 683
120 199
173 663
141 400
3 913
13 620
21 778
139 537
30 266
133 484
139 27
118 894
51 59
50 874
13 298
14 771
111 682
14 436
111 617
146 555
86 633
166 426
135 975
130 204
101 511
105 938
159 548
159 665
80 356
92 708
116 251
2 450
92 315
156 815
58 487
98 965
77 670
36 988
116 620
24 54
16 949
85 799
147 611
171 129
27 387
51 802
120 338
15 91
39 226
74 419
131 350
