800
113 415
39 573
139 743
175 895
27 994
17 224
164 261
87 614
31 634
165 217
41 983
134 789
157 866
81 420
137 143
178 597
69 573
113 382
67 331
1 127
66 627
36 271
72 454
136 143
44 428
143 648
88 208
134 696
135 993
159 440
197 315
61 284
95 756
93 998
143 38
196 290
137 127
178 627
93 724
75 791
10 614
103 468
128 190
143 250
144 750
40 319
134 603
162 700
113 691
187 14
198 983
3 204
177 156
67 840
6 322
41 666
193 136
180 460
124 309
14 702
103 8
6 37
176 817
116 65
115 764
57 999
125 166
69 688
149 201
178 479
196 493
98 256
193 666
118 627
158 347
75 16
193 768
47 577
39 543
24 555
18 46
32 560
48 153
109 670
38 259
145 808
152 26
176 941
151 324
79 641
91 192
5 702
47 206
189 678
36 434
30 23
9 365
101 284
164 711
8 119
194 844
28 207
101 507
99 994
174 913
62 851
38 267
51 840
196 954
138 849
66 853
161 125
116 940
140 733
162 643
25 328
53 12
194 198
102 805
34 765
119 252
145 50
111 534
30 537
90 893
182 111
140 923
20 117
88 646
156 840
44 285
25 609
110 258
23 506
168 977
103 280
172 231
65 42
177 20
169 211
39 839
179 479
154 268
74 801
8 175
115 193
61 114
111 740
22 662
108 803
30 707
68 341
63 794
39 740
92 547
165 526
37 293
159 749
90 233
8 380
56 281
122 15
100 279
186 111
2 856
78 848
45 477
147 789
69 372
135 458
143 117
101 638
103 680
189 438
132 27
100 609
12 563
81 143
91 675
153 85
147 688
30 583
53 497
176 929
28 25
82 681
56 997
18 595
116 797
62 921
137 834
99 455
175 172
37 652
193 156
79 416
128 604
8 232
127 786
194 371
29 650
81 608
176 519
121 261
88 832
35 120
183 17
200 927
42 831
171 495
195 53
153 936
93 750
72 105
159 371
33 812
100 43
73 497
141 585
4 111
55 724
51 797
36 386
27 177
56 74
53 782
46 978
183 402
109 19
140 533
174 518
37 544
185 882
66 146
192 859
12 826
187 661
19 813
182 87
1 840
35 968
176 22
125 162
85 385
121 638
50 947
41 11
32 714
40 859
168 724
25 297
36 366
100 107
146 71
154 445
136 209
18 788
68 42
184 980
154 931
164 838
168 8
166 430
133 586
163 254
69 745
166 405
156 235
133 469
22 122
185 268
124 654
149 92
194 255
53 365
74 838
167 566
48 956
38 843
166 956
124 15
67 13
163 394
104 123
172 234
28 728
35 299
7 11
21 954
187 621
45 891
177 984
29 610
14 907
75 596
146 913
181 763
198 456
14 367
177 565
111 829
159 714
191 983
114 859
19 198
71 961
147 871
43 376
54 936
191 308
148 651
131 40
16 739
62 896
155 324
39 44
90 880
175 642
21 141
29 983
7 489
26 867
17 892
91 922
153 602
169 348
21 937
119 357
72 589
162 873
25 830
115 851
32 446
149 226
194 732
172 430
109 922
152 458
41 144
178 172
112 213
19 801
138 338
2 488
89 693
61 549
58 71
49 507
89 465
140 62
99 413
154 639
160 397
141 545
177 787
80 591
190 89
145 146
39 473
148 905
114 483
178 494
20 675
56 375
146 667
140 587
154 643
76 757
48 582
54 4
146 555
158 190
130 562
123 88
120 798
53 148
3 763
138 548
161 331
138 173
200 38
149 635
176 788
196 930
90 460
71 334
194 863
200 61
149 590
43 872
102 567
99 599
55 765
183 985
24 613
10 355
176 811
41 559
154 443
114 138
25 40
151 287
84 839
53 309
136 314
132 311
24 807
87 848
129 99
92 221
59 796
23 500
117 597
155 482
160 228
188 616
135 256
53 120
52 83
155 324
115 488
110 518
43 81
43 882
13 620
199 37
157 643
186 975
120 224
7 324
35 402
140 14
111 192
149 533
99 735
15 405
172 348
133 639
110 325
54 471
101 726
118 520
135 512
114 441
27 524
21 46
46 31
78 190
7 772
18 941
170 993
89 300
40 2
189 320
92 281
45 509
45 140
155 783
47 623
25 440
4 554
111 824
186 775
154 729
127 377
161 809
130 357
123 571
66 420
170 248
22 908
196 116
90 800
171 709
186 483
72 862
173 85
88 964
36 511
167 23
134 650
163 975
69 152
42 668
66 409
162 78
176 112
193 327
197 868
96 641
48 677
126 568
78 805
105 39
123 563
112 308
137 621
115 133
114 892
64 706
21 283
28 880
58 401
177 174
156 933
148 313
50 551
33 774
129 154
194 637
126 608
103 633
92 506
121 247
15 589
156 403
174 37
32 417
88 411
137 660
39 669
69 876
13 300
190 375
136 723
1 996
60 896
13 214
16 174
69 659
74 763
97 5
193 551
173 272
9 938
9 696
130 529
145 828
169 769
131 662
34 898
37 81
154 989
9 153
195 600
136 483
70 988
127 549
34 973
83 881
51 197
86 85
53 724
79 880
56 472
184 970
175 748
5 73
172 598
35 326
28 991
1 267
123 28
45 32
125 913
177 143
151 810
45 139
95 938
22 290
14 363
110 709
19 306
76 97
185 865
140 238
32 524
138 976
178 251
95 228
158 771
29 122
170 347
148 70
153 924
72 47
52 455
86 692
23 501
78 151
99 282
112 826
28 905
126 52
51 364
191 716
13 788
108 130
166 272
68 106
122 191
75 594
192 653
165 754
37 401
101 824
119 666
89 149
52 797
157 541
77 75
133 113
165 612
172 55
180 918
74 249
29 688
76 748
108 671
86 682
47 187
26 475
59 241
87 968
197 840
147 843
196 962
185 351
176 572
69 14
72 222
138 984
59 56
154 690
113 272
75 568
119 199
161 959
199 25
130 255
93 940
83 230
110 383
33 722
43 524
66 565
200 216
131 894
107 738
121 237
156 787
81 147
120 645
38 690
152 575
43 151
116 717
41 719
11 220
180 510
10 574
198 859
127 568
30 497
159 96
62 404
120 224
27 560
167 903
24 870
163 546
34 636
22 337
121 432
154 887
104 856
6 860
22 319
183 8
133 606
181 405
97 294
32 880
100 837
133 26
187 761
9 474
50 616
27 162
28 597
151 825
11 903
171 910
64 354
166 493
38 364
64 821
47 352
25 841
90 19
170 504
145 444
20 145
187 207
184 977
112 819
27 361
110 149
10 236
84 898
69 351
1 362
133 55
60 69
74 810
27 908
90 761
72 965
151 708
8 419
152 406
87 190
185 811
199 652
112 650
3 245
75 960
18 363
156 656
4 716
44 70
57 840
195 329
10 167
148 733
157 445
115 619
128 990
11 209
77 995
183 573
16 340
182 856
39 240
135 908
95 851
54 83
162 145
140 370
148 701
95 691
10 594
178 541
168 373
114 960
112 699
124 625
3 440
148 229
33 478
146 190
36 12
113 72
32 894
67 750
130 258
15 189
122 550
113 130
88 467
110 669
115 435
96 880
146 544
34 49
33 507
15 960
19 863
41 410
97 654
151 597
155 962
65 251
77 715
146 86
77 554
171 67
179 856
19 249
14 829
95 919
14 670
133 294
16 565
31 796
62 681
22 523
167 88
165 947
131 785
