800
103 679
89 854
80 330
40 651
10 731
178 771
3 761
161 440
177 468
161 971
180 269
177 103
144 740
42 185
155 594
43 40
182 22
90 961
72 544
158 92
159 810
117 134
153 581
32 59
100 455
57 832
21 962
136 405
32 949
157 351
124 339
29 228
119 582
70 204
158 491
115 758
45 450
8 228
200 992
21 245
177 526
27 719
154 691
5 581
154 275
200 656
4 512
174 191
143 230
145 975
179 134
129 810
41 752
47 652
174 289
94 655
177 681
44 405
23 245
45 779
6 872
179 672
171 70
39 620
142 140
124 380
123 670
197 21
131 967
116 888
12 941
38 605
127 645
184 583
19 934
31 917
150 352
26 936
199 582
184 207
49 832
1 356
48 289
11 485
63 492
51 126
16 132
165 125
149 975
63 174
107 442
108 681
10 668
17 899
159 119
147 297
12 253
134 264
131 362
58 306
40 828
121 725
138 155
111 343
63 267
25 722
75 568
102 837
198 290
127 287
137 172
126 843
42 381
104 999
50 565
55 272
39 797
122 395
137 318
160 542
197 712
46 567
129 955
163 626
116 155
39 436
110 853
8 425
20 566
114 436
185 919
149 194
74 630
196 468
120 147
190 606
65 454
163 843
64 311
173 263
195 285
92 321
121 48
115 495
54 789
4 372
190 340
95 700
131 457
185 867
8 974
9 842
35 256
142 865
16 463
160 148
175 222
87 310
46 673
112 367
127 363
122 190
71 35
162 370
166 994
127 175
158 616
158 929
42 59
124 420
114 292
144 686
152 740
124 858
82 492
191 492
33 159
25 212
61 799
187 869
18 255
177 378
92 381
54 119
162 294
147 78
57 668
72 997
176 717
125 570
155 218
101 737
35 991
164 696
184 726
96 404
77 178
103 210
167 375
30 265
68 463
200 401
38 547
180 593
7 760
10 476
102 23
186 656
114 866
173 696
1 958
106 579
6 972
108 266
117 738
77 891
169 980
11 878
172 499
121 539
158 131
162 761
113 864
108 751
159 710
93 320
148 926
157 560
80 809
118 396
40 604
34 921
158 293
137 710
50 995
165 690
47 499
195 121
190 864
62 377
151 23
67 295
16 881
81 936
122 197
53 731
84 806
29 593
174 777
153 277
106 853
31 399
61 785
151 864
197 820
53 9
155 613
187 818
13 701
158 714
121 336
179 291
60 748
88 175
63 875
100 960
189 219
40 482
116 298
64 359
65 311
60 988
13 494
91 264
65 970
34 799
83 558
169 643
70 828
136 654
106 204
179 741
149 532
187 545
179 800
114 562
113 419
16 287
82 544
55 167
24 76
43 472
117 284
78 681
75 707
22 774
81 869
192 261
133 377
50 253
87 158
70 389
71 612
74 482
45 747
50 718
69 606
54 766
67 941
159 664
67 601
89 352
71 543
173 700
81 827
158 770
13 904
193 582
184 585
54 124
152 22
40 321
103 576
154 779
140 734
5 573
166 52
153 283
63 354
142 998
30 62
86 826
155 99
72 747
40 921
152 287
45 626
193 581
105 738
23 493
134 809
145 657
99 6
129 118
65 99
31 101
144 100
126 210
65 947
168 164
158 987
46 658
4 307
110 798
30 502
33 974
3 563
75 551
19 458
72 626
51 511
76 352
131 303
14 29
125 781
165 441
70 17
133 228
38 611
27 184
154 353
183 784
15 46
45 944
39 442
107 209
9 186
149 616
63 336
135 607
155 586
118 413
78 739
98 724
74 811
61 937
10 100
56 950
197 315
154 17
58 84
71 324
48 865
121 713
153 548
198 209
25 326
83 505
119 455
46 387
21 357
189 22
38 698
151 925
115 164
92 516
26 492
192 893
60 629
73 383
92 674
134 268
88 330
29 279
34 760
37 822
190 694
197 608
74 700
76 329
175 434
189 197
139 192
143 453
73 242
105 57
96 367
34 396
81 668
155 142
64 61
162 357
111 952
21 821
114 372
118 716
168 743
190 718
47 533
13 777
160 538
117 888
40 902
133 753
43 428
67 851
98 785
154 919
1 486
63 966
137 406
185 979
155 723
129 315
132 612
87 633
35 324
28 807
120 842
149 562
50 877
105 449
179 453
176 197
18 869
49 120
15 474
196 829
197 56
97 888
110 446
174 174
1 928
96 532
99 776
32 758
188 611
27 957
136 487
70 942
98 467
126 26
149 398
165 957
177 61
90 392
182 604
170 320
86 225
86 890
188 707
169 451
165 341
98 513
147 215
83 998
118 189
8 183
125 572
121 536
144 732
96 819
17 757
154 50
128 377
49 332
95 229
180 261
48 734
165 364
106 478
182 464
182 706
9 11
34 979
55 559
144 211
125 738
108 548
111 56
106 13
131 891
65 760
129 221
23 665
75 910
103 541
169 207
141 585
189 65
165 752
122 873
174 916
19 802
85 761
75 320
69 639
186 730
3 629
158 414
171 806
102 578
198 506
66 391
184 251
87 5
184 859
169 711
20 312
28 895
68 25
117 301
180 62
141 464
99 6
107 581
1 45
111 848
60 419
44 982
148 340
71 593
67 64
17 469
9 980
176 217
101 405
153 7
72 179
127 1
17 859
172 882
187 244
24 952
158 690
125 209
124 114
104 913
46 2
57 956
21 527
167 65
163 933
180 279
71 69
142 206
165 1
146 341
49 468
80 828
131 129
132 544
9 275
198 212
113 428
9 12
55 208
72 920
128 665
96 970
176 102
182 693
38 907
112 332
62 174
166 564
149 524
164 405
195 188
52 441
36 934
57 217
4 6
69 734
156 541
154 386
65 506
179 701
67 500
140 964
146 875
64 911
166 382
17 608
132 333
92 561
113 606
135 485
51 432
65 838
43 803
128 472
191 520
126 514
194 894
30 179
134 607
67 960
161 275
92 604
73 449
8 124
148 135
105 119
185 632
185 235
94 659
168 901
43 347
37 769
80 374
26 711
160 998
103 394
199 589
150 915
28 975
97 957
194 379
36 892
55 785
100 922
141 842
103 853
44 322
144 175
7 586
172 832
160 391
11 408
49 274
171 459
9 578
137 260
82 189
145 142
21 279
188 553
124 906
3 392
79 515
160 734
83 821
173 820
61 656
117 669
98 750
109 131
33 415
21 157
17 892
85 561
91 263
145 29
11 93
92 983
139 936
196 26
113 399
88 637
138 751
10 760
180 141
45 397
39 746
9 175
85 622
35 857
154 984
112 148
178 476
46 21
37 777
24 48
18 122
199 316
102 905
90 127
31 833
134 785
8 930
128 820
127 74
72 458
40 142
109 863
72 186
85 408
95 185
5 458
70 894
131 109
8 552
115 526
38 503
191 131
46 516
63 396
54 646
12 904
186 737
141 144
182 182
160 176
6 321
163 589
177 774
178 798
116 791
56 803
94 458
173 173
114 983
13 800
57 983
54 683
168 578
89 781
177 455
140 150
116 306
171 370
176 748
168 128
98 711
92 468
103 145
106 659
116 700
194 689
25 670
57 323
101 738
114 603
154 213
23 766
154 746
128 862
27 377
159 256
199 409
86 340
39 349
78 624
200 244
69 852
161 118
30 216
158 384
6 133
165 403
75 763
11 90
192 906
107 725
195 796
27 134
5 471
93 588
60 576
