800
53 513
95 481
69 784
184 379
198 76
23 817
107 637
25 417
61 109
23 197
143 928
196 159
121 839
80 833
98 486
56 349
115 38
40 571
191 758
168 787
52 260
35 491
183 474
63 564
114 417
178 197
89 461
177 46
60 955
148 697
97 329
62 283
65 175
70 349
196 467
120 724
32 316
155 406
154 759
118 178
25 302
152 102
69 226
53 809
49 547
25 444
44 836
47 211
141 839
115 759
198 431
103 494
23 556
121 466
103 204
179 465
54 263
189 72
42 122
149 833
74 839
33 756
141 703
152 837
152 399
83 251
158 119
163 161
158 536
71 177
167 456
86 865
38 736
150 547
53 818
157 381
53 645
174 741
113 945
183 604
52 381
104 220
153 754
112 92
22 120
106 659
93 421
101 300
152 740
69 119
116 189
177 974
96 596
28 827
15 802
159 166
158 703
168 470
177 308
41 357
135 540
153 959
13 907
110 889
14 338
138 155
3 148
78 415
81 387
151 475
180 203
124 890
12 771
158 654
80 881
87 419
184 954
36 346
70 36
64 831
179 981
124 327
164 796
24 594
46 415
159 149
158 377
200 235
153 662
24 711
155 908
17 374
153 718
157 994
8 959
73 42
47 40
125 303
116 735
172 667
102 287
198 857
66 160
182 469
104 396
4 48
15 927
88 614
21 549
47 110
146 933
104 958
182 221
16 944
7 617
48 948
24 732
40 859
20 180
148 384
107 928
195 497
33 459
173 187
13 935
28 481
17 904
37 181
168 460
86 558
1 525
93 462
66 522
43 51
52 418
144 815
129 489
100 307
122 260
144 941
151 530
170 597
28 845
140 954
118 296
23 851
76 36
144 257
22 276
31 926
154 90
154 697
47 368
2 8
14 949
64 279
57 279
198 602
183 560
156 143
192 658
125 839
128 749
194 902
37 343
99 319
109 536
22 889
176 639
139 529
13 765
109 403
14 190
84 761
15 664
133 994
150 684
122 304
136 810
94 549
126 938
48 393
49 739
40 10
105 942
178 141
50 308
156 534
85 362
109 326
137 469
94 872
54 166
15 200
128 807
29 146
158 51
151 769
196 332
134 182
50 262
29 174
146 648
9 1
31 825
68 419
25 576
50 514
48 46
180 628
143 803
58 837
75 846
129 732
124 959
136 388
84 309
111 539
149 253
49 434
61 46
157 66
111 652
137 94
7 39
70 558
171 486
142 200
173 28
145 487
92 263
66 216
15 453
135 808
15 852
17 433
21 411
154 567
38 49
197 789
44 942
176 679
195 103
86 575
26 349
61 186
134 650
130 342
160 381
147 924
3 757
5 174
173 697
188 165
54 924
168 699
117 196
173 10
55 114
4 327
47 713
158 768
37 369
94 744
159 425
193 479
133 894
91 193
41 397
108 614
114 326
195 736
154 512
173 704
88 500
21 981
135 517
114 341
11 860
116 195
179 794
31 581
2 891
75 257
197 705
54 114
152 266
66 520
33 647
116 993
89 26
6 873
30 253
125 197
80 376
15 497
200 741
27 497
60 89
76 24
200 357
47 487
81 206
121 975
27 998
143 327
64 32
200 13
120 975
62 39
78 96
169 667
5 660
95 424
55 372
24 273
139 690
98 569
125 986
194 394
127 693
172 411
53 189
99 914
167 712
178 851
150 816
90 14
176 963
64 982
34 435
57 249
160 189
105 450
74 750
148 324
16 453
72 469
92 874
9 369
156 62
187 234
170 308
178 473
144 951
41 810
168 476
88 522
61 1000
54 949
18 881
116 483
71 254
137 886
47 471
191 595
27 588
102 345
171 39
159 405
138 164
24 219
66 994
153 19
104 291
170 734
48 282
81 640
85 175
134 797
16 597
32 683
169 305
2 307
35 366
167 779
24 932
122 502
163 493
38 4
124 412
101 198
170 912
35 406
113 405
74 68
90 650
34 97
68 315
144 238
195 797
65 259
75 227
68 394
2 875
150 876
31 380
60 345
199 847
94 219
121 434
147 303
38 388
14 437
128 533
60 118
24 370
1 17
46 872
186 529
68 897
141 475
121 273
190 531
163 173
42 167
174 471
189 361
4 898
46 415
7 475
52 359
174 108
183 457
194 780
57 612
150 495
90 673
3 69
100 462
122 916
193 969
56 770
36 640
101 622
110 710
185 969
84 160
177 425
57 97
123 265
7 739
16 923
187 972
8 608
147 139
73 841
143 951
159 11
70 794
22 889
98 512
57 117
125 62
77 345
200 369
17 440
75 64
135 627
57 291
39 313
151 491
121 389
90 75
157 123
21 862
64 812
67 670
114 297
105 479
86 832
83 398
105 603
183 600
186 932
69 128
163 737
178 766
3 890
129 32
122 798
81 69
145 854
146 245
34 465
30 187
55 774
149 207
121 252
11 511
49 638
171 596
168 582
110 677
191 221
151 650
175 637
153 553
73 223
190 635
138 787
103 877
100 86
123 606
77 134
142 880
124 901
198 860
186 998
4 39
80 224
68 76
31 946
89 497
72 62
60 629
97 212
61 178
136 23
30 573
151 756
128 536
93 790
169 722
107 526
102 58
15 747
30 616
193 761
199 997
186 581
172 216
96 501
153 837
167 799
119 116
34 930
118 916
124 536
27 891
96 329
181 68
112 193
85 357
107 906
79 538
117 227
156 51
160 40
142 679
193 191
181 636
120 938
128 73
177 200
121 956
57 64
130 155
2 474
3 30
187 804
93 168
181 757
189 665
27 306
59 430
16 749
192 241
60 582
157 33
79 433
181 44
172 276
53 906
26 835
113 420
116 138
63 601
21 670
114 241
69 183
109 322
26 410
154 171
61 17
172 884
33 419
52 112
32 517
13 296
69 352
160 328
24 865
178 178
19 761
139 964
168 135
126 745
28 550
183 875
191 130
150 677
70 892
12 831
51 856
146 508
151 381
184 725
193 626
112 658
88 180
63 225
191 599
144 456
129 92
26 451
173 129
131 213
16 221
55 117
3 841
94 431
36 33
124 325
62 320
50 719
143 30
73 790
74 101
79 215
128 855
183 336
164 455
37 888
86 996
12 394
14 643
12 55
107 824
86 558
127 281
191 976
192 268
60 601
135 66
97 275
96 581
152 746
89 793
156 839
86 201
22 220
12 31
170 339
114 57
172 18
150 766
5 693
43 386
40 628
14 371
182 513
118 344
159 931
180 106
134 814
56 246
105 815
56 80
168 946
49 379
1 20
89 896
190 521
158 673
123 387
186 280
154 985
79 205
24 421
67 787
25 624
105 468
16 943
36 831
126 825
123 893
2 635
1 713
62 389
57 574
176 342
176 151
18 294
61 205
106 2
45 665
164 710
194 133
19 986
150 687
109 569
74 94
125 833
124 647
154 80
45 322
151 53
175 254
57 755
12 567
173 706
104 569
157 631
146 780
182 1000
100 475
162 109
35 278
25 362
192 19
66 450
114 171
99 830
185 651
43 881
53 502
129 829
125 663
189 53
93 66
93 92
153 826
198 189
64 621
112 834
142 690
8 884
46 194
14 167
151 136
196 134
88 80
190 253
120 30
74 925
119 827
92 436
24 634
123 595
43 102
32 612
68 352
119 877
149 816
96 772
95 427
84 167
81 634
67 733
