800
158 767
26 863
92 758
78 458
167 581
167 687
159 404
2 80
180 908
171 625
42 804
30 365
7 538
140 144
66 334
51 647
99 58
54 199
123 93
87 81
135 802
88 659
89 637
189 564
152 534
12 404
55 704
61 748
171 241
146 280
173 358
191 212
119 448
22 529
177 897
189 129
30 5
200 572
95 162
27 249
106 259
64 942
124 405
76 131
142 483
188 371
81 776
187 637
11 754
115 749
87 622
107 460
88 118
103 494
83 151
140 162
137 540
162 523
160 754
140 46
44 984
71 538
83 518
2 846
125 634
56 974
22 684
191 318
74 627
45 124
10 731
4 792
29 445
105 504
85 646
127 977
84 290
164 993
190 324
145 213
59 660
44 338
55 598
3 137
16 680
124 847
143 68
108 716
65 63
70 377
114 563
131 844
161 640
157 997
70 441
156 165
140 532
160 556
81 664
71 147
58 79
82 542
197 35
200 474
191 449
153 592
118 530
135 681
198 16
194 980
124 779
7 320
93 308
22 234
130 588
165 429
9 284
168 425
184 976
32 202
108 929
178 848
93 222
24 36
21 353
48 370
61 8
194 886
85 559
51 840
111 753
167 673
26 563
48 274
63 348
111 914
86 965
63 970
90 435
18 301
41 751
93 285
144 658
120 513
54 641
165 635
5 646
164 156
75 178
63 973
65 937
89 234
134 797
82 331
15 588
175 803
132 572
71 216
166 555
197 302
151 177
198 406
162 656
104 614
89 180
38 62
165 779
101 540
175 281
110 572
75 210
25 125
134 620
84 610
56 682
18 346
174 686
199 719
109 157
174 776
37 660
68 926
12 862
28 200
36 96
147 940
34 165
158 851
101 366
162 787
142 976
163 276
125 208
153 663
175 973
175 680
184 16
100 742
119 607
49 463
81 118
59 711
49 97
15 626
51 327
65 580
3 589
74 306
113 606
96 451
87 396
106 92
154 133
19 988
65 660
188 962
31 519
127 9
83 749
93 768
168 671
169 316
145 648
113 13
48 481
37 508
34 65
29 896
70 635
43 183
85 124
64 670
74 427
152 526
77 188
62 948
21 925
60 108
84 943
46 97
37 851
79 868
97 44
32 869
189 104
43 791
52 619
96 186
75 483
15 465
53 562
148 14
54 207
49 852
125 120
107 467
88 879
89 418
142 351
94 528
169 276
179 105
142 402
135 950
95 319
110 200
189 658
84 301
53 839
30 926
128 622
28 913
122 99
192 784
144 888
199 706
150 645
59 88
86 338
73 233
94 866
119 113
156 868
162 380
142 252
196 98
108 236
190 610
20 112
153 247
33 822
29 822
33 302
188 707
34 868
181 71
110 60
72 672
12 964
197 382
154 451
50 412
38 803
146 484
166 430
138 30
54 68
35 112
114 781
128 9
98 777
144 415
142 530
130 484
3 640
170 733
58 606
121 226
163 972
161 631
139 628
141 594
80 292
3 494
47 728
66 471
37 80
9 680
117 33
123 895
124 812
193 650
156 992
3 420
11 818
57 335
165 625
183 835
5 972
115 796
189 821
50 322
38 433
152 955
75 786
146 263
135 824
17 564
80 656
35 806
189 180
113 59
70 782
173 798
15 113
151 291
151 815
140 839
186 641
184 972
1 292
126 714
52 863
76 712
187 557
118 339
76 40
86 606
151 188
155 697
200 975
63 319
44 951
76 672
115 791
138 971
94 617
92 292
199 115
29 972
166 840
39 165
200 521
50 78
101 708
81 277
46 832
69 627
141 798
169 608
100 159
145 205
148 395
38 937
34 122
197 466
56 292
148 885
140 866
54 9
148 554
42 25
83 740
87 260
188 264
95 958
190 266
39 947
53 667
11 290
183 602
154 418
114 3
193 757
43 450
154 75
3 773
133 731
20 177
79 102
86 364
48 208
64 551
102 720
147 130
117 644
18 932
16 39
154 773
147 393
51 183
196 106
118 310
54 933
99 446
189 636
77 202
56 796
4 735
72 501
116 157
119 853
135 501
54 95
107 828
82 325
127 950
144 355
142 549
77 405
198 553
89 765
53 990
56 860
27 299
155 507
15 661
16 329
97 570
173 113
39 621
175 15
70 808
72 980
90 364
33 289
163 964
30 923
57 611
160 676
87 947
179 257
94 101
47 264
125 885
110 113
3 144
121 743
124 194
41 397
109 250
10 585
131 722
78 331
196 927
5 34
54 945
195 744
83 677
97 542
21 934
166 477
135 999
39 726
168 540
88 97
49 997
57 840
163 33
12 784
128 642
36 343
126 856
6 322
74 802
94 151
196 606
149 200
133 216
134 820
43 490
150 602
197 880
3 336
141 217
136 914
90 603
181 554
84 985
200 913
26 766
102 987
18 717
13 624
113 757
176 72
155 843
133 253
129 709
42 14
69 135
139 894
175 194
30 993
169 996
2 973
77 245
175 444
74 80
31 336
115 950
132 833
72 476
126 200
94 184
39 656
15 364
99 104
15 961
1 387
123 139
196 414
19 189
105 254
124 457
194 147
87 741
113 988
176 290
169 434
31 922
129 815
13 106
96 453
105 869
50 650
184 705
194 377
46 591
103 632
116 433
66 773
60 209
28 837
195 304
200 696
169 777
65 73
128 847
59 287
100 461
132 940
78 368
55 5
112 268
95 935
58 802
68 603
146 634
66 973
1 690
15 738
85 467
122 269
122 49
58 405
155 608
165 878
74 187
60 623
54 734
45 934
193 718
180 580
81 65
63 455
185 138
183 300
118 838
43 532
110 412
55 665
190 237
186 577
110 849
45 646
200 371
129 805
115 62
63 667
193 854
25 923
36 945
119 379
119 55
60 957
112 1000
136 667
195 795
78 113
1 734
149 746
77 994
145 606
74 478
11 412
73 606
149 525
106 400
195 409
174 826
78 653
109 929
86 71
151 566
10 623
142 385
26 811
140 39
160 43
166 332
153 344
69 938
165 364
115 720
151 983
116 141
83 116
131 270
7 483
31 545
155 842
139 406
19 120
161 762
74 540
18 169
89 795
94 695
82 297
173 621
37 227
132 264
50 570
41 709
64 962
199 412
190 284
75 556
108 359
49 969
51 307
15 37
64 709
48 822
43 750
66 629
76 919
126 181
64 333
57 227
136 396
198 213
185 603
176 21
114 633
104 284
177 688
40 412
160 281
33 579
59 335
196 148
113 285
56 815
174 86
63 156
169 832
22 417
77 257
56 971
40 973
105 190
99 476
124 588
62 231
150 920
181 460
42 991
79 376
77 924
8 905
193 622
37 899
64 823
98 117
128 75
12 656
167 763
39 568
99 859
137 124
161 587
176 152
74 908
29 593
85 925
15 679
195 327
138 58
111 224
117 262
127 145
24 777
22 958
110 637
138 901
133 934
16 132
27 254
149 488
32 345
11 702
154 786
157 931
60 115
177 517
106 941
126 322
141 909
17 350
105 394
105 720
64 16
41 8
50 193
170 560
187 823
8 476
21 854
35 547
37 641
186 550
189 509
24 192
43 882
152 124
149 926
35 117
56 552
159 500
16 103
190 390
170 405
1 686
175 976
188 621
68 513
62 710
133 857
17 881
97 339
143 981
39 460
165 9
140 823
31 98
11 529
65 863
142 62
