800
180 45
3 388
86 497
157 618
149 576
177 294
52 304
130 187
24 898
127 813
127 773
139 949
125 385
58 403
196 179
119 1
57 224
68 444
80 299
58 299
145 204
66 876
158 702
105 142
113 90
121 253
144 297
198 383
65 159
111 408
187 494
86 88
40 122
74 831
112 908
176 565
51 949
110 560
116 91
133 39
182 551
49 355
156 375
128 644
74 60
140 784
87 371
136 633
64 897
141 277
144 883
96 535
17 885
179 459
39 570
139 245
150 459
112 382
183 32
10 224
143 591
163 279
29 701
175 227
55 285
47 916
93 248
15 605
4 248
101 740
53 991
177 646
138 207
157 73
37 794
86 818
119 715
44 664
166 736
121 742
73 9
14 224
11 861
171 35
70 454
129 981
88 387
64 817
25 870
140 521
111 622
15 747
9 46
79 846
44 875
186 846
81 932
17 720
40 960
20 654
62 933
200 190
30 785
143 979
4 132
104 869
158 325
159 892
114 201
65 973
25 547
135 273
147 380
172 648
150 645
138 206
98 454
50 193
192 201
4 308
2 966
30 77
65 289
196 736
13 158
23 50
88 241
97 135
135 159
31 529
113 267
144 346
48 702
67 321
84 234
121 728
94 172
76 826
92 797
161 959
60 510
120 741
19 538
167 876
130 921
45 961
73 197
169 551
92 37
60 810
114 455
154 975
2 379
95 889
193 778
186 12
17 608
5 255
196 897
118 708
8 415
175 6
29 137
138 542
48 372
27 791
158 18
150 774
175 885
41 458
151 742
60 516
193 887
45 55
114 261
185 778
117 342
175 699
120 375
82 458
120 323
103 741
87 453
87 120
129 729
128 431
28 724
13 384
78 767
116 801
50 674
71 208
32 255
162 385
70 765
91 143
71 503
93 647
20 254
8 71
132 77
20 958
84 141
108 179
120 519
54 996
69 554
136 199
175 102
10 286
79 878
186 354
102 370
130 601
77 114
89 138
119 464
94 30
132 591
118 844
123 448
131 546
141 83
33 644
186 874
131 705
159 381
17 243
148 383
88 812
53 580
53 71
66 964
31 755
39 960
69 965
93 321
43 694
53 543
122 616
195 333
35 52
178 543
54 693
9 482
31 927
122 14
14 747
89 502
75 468
97 598
16 487
101 544
80 467
77 193
199 882
186 658
82 532
149 878
196 111
184 737
64 990
136 178
12 18
138 886
159 673
189 313
16 100
104 54
33 475
78 600
191 337
65 390
84 299
149 491
81 111
2 812
20 154
113 643
38 364
101 699
127 143
91 789
37 750
173 371
140 967
159 334
198 330
24 288
115 5
56 509
63 592
72 287
103 627
52 574
33 863
84 203
171 499
72 702
66 38
131 386
112 918
152 947
26 188
27 885
141 400
110 923
105 933
182 536
33 775
135 704
94 215
104 583
174 528
107 804
61 392
139 588
64 429
114 766
30 741
176 814
51 650
112 712
92 570
177 94
98 637
162 667
56 701
176 982
114 456
166 591
2 722
65 248
40 368
167 543
135 687
127 74
118 830
75 356
76 639
120 577
121 556
73 649
55 855
38 372
110 464
128 642
117 987
22 764
174 294
33 604
96 918
78 230
166 499
155 116
180 29
115 748
21 265
146 448
24 599
178 146
63 154
52 701
158 777
133 940
48 152
166 685
47 247
67 115
56 995
198 99
104 265
30 51
185 485
195 785
124 780
62 812
12 818
122 821
90 144
3 969
190 313
18 256
10 148
90 543
31 325
76 777
125 416
123 826
112 966
131 710
35 200
128 129
165 834
21 425
144 305
119 978
185 639
136 39
100 594
56 838
46 843
150 574
168 965
172 997
51 371
103 78
163 247
180 515
126 857
137 712
90 890
116 373
101 584
49 918
60 510
67 672
34 671
25 15
99 320
179 15
122 570
197 682
162 468
116 945
55 839
124 125
196 205
13 610
52 530
24 80
40 850
191 922
169 67
16 255
189 683
200 205
116 32
63 973
88 604
8 49
36 313
172 735
126 151
189 956
152 17
199 94
138 296
128 900
59 959
123 844
50 747
141 712
111 796
80 12
135 713
193 187
111 616
43 337
29 592
107 558
146 523
53 545
129 85
33 648
123 9
12 363
9 891
124 623
86 921
121 299
133 971
71 530
23 405
94 156
72 768
28 480
135 402
97 249
170 98
179 509
101 863
200 750
184 49
28 246
168 147
44 640
167 124
85 781
75 809
166 906
129 537
51 329
112 445
42 484
122 348
26 968
112 179
11 500
190 797
127 130
166 694
138 942
19 268
43 74
111 893
95 589
188 520
110 108
29 173
30 884
103 424
79 284
145 499
159 552
55 693
157 319
71 125
22 573
18 402
81 422
116 524
24 287
15 507
30 617
170 130
58 62
48 644
48 989
124 811
186 836
42 629
129 755
36 458
197 9
45 240
69 970
53 892
54 465
184 205
164 18
89 933
92 193
189 808
195 686
89 392
187 802
145 814
166 356
88 767
93 538
89 186
80 934
95 320
73 146
164 285
26 112
71 254
13 730
53 558
174 510
15 464
138 886
38 500
111 733
175 415
162 614
114 606
48 394
80 147
89 207
21 364
153 56
105 321
43 107
72 123
125 360
81 5
69 670
64 453
10 500
172 122
133 688
109 755
111 672
57 81
70 171
20 794
96 886
137 29
83 983
23 98
119 286
173 308
4 488
54 845
68 587
126 222
109 775
66 960
98 103
89 755
146 807
1 760
65 138
147 447
31 651
72 176
149 699
168 275
123 167
27 245
164 510
99 38
7 334
115 314
67 681
159 240
123 895
100 791
57 750
98 909
40 679
125 447
55 438
128 99
88 120
87 158
160 697
41 875
85 546
160 886
29 821
93 763
164 811
131 734
85 992
90 958
16 978
107 852
182 580
84 92
147 881
32 187
87 975
143 185
56 47
92 828
119 683
111 878
23 606
95 40
129 8
47 29
34 93
74 879
108 97
117 775
184 526
151 611
90 515
147 846
41 68
6 503
105 403
131 291
162 140
58 895
89 803
92 541
179 117
38 590
88 240
126 902
131 392
61 504
135 750
34 898
42 443
22 761
83 793
25 759
190 390
76 966
161 540
198 42
170 15
36 434
21 368
175 754
21 947
153 581
12 670
41 509
118 463
41 648
157 532
132 496
148 18
83 64
183 884
167 551
61 325
160 651
108 65
106 415
173 811
37 606
160 929
186 803
1 148
118 75
153 23
88 669
103 22
190 452
141 500
138 304
64 945
58 467
153 146
73 384
197 438
82 954
124 342
84 873
124 781
172 818
165 240
168 89
45 646
75 604
18 288
45 90
94 2
140 394
25 216
64 609
135 748
94 617
88 773
156 810
32 169
61 525
93 393
20 770
189 949
12 662
42 284
104 896
137 870
97 734
196 26
69 504
89 489
13 320
123 664
66 69
30 580
100 620
163 527
18 365
127 625
62 940
109 30
176 536
67 406
135 183
47 577
163 206
6 455
115 689
7 196
126 830
182 850
66 546
161 159
58 963
80 316
42 63
104 297
86 830
199 852
77 512
172 925
17 465
179 471
52 905
10 916
58 621
108 787
122 768
44 656
87 436
156 863
20 763
87 39
159 168
71 257
158 561
