800
11 475
190 764
57 36
84 644
79 882
80 394
167 414
33 578
170 475
7 208
32 540
176 856
138 646
132 864
73 127
47 448
200 218
49 452
14 184
171 106
132 810
113 207
139 82
158 328
78 265
20 124
178 528
102 78
155 178
130 679
133 28
18 681
105 477
25 637
185 110
56 997
163 239
14 292
190 995
80 616
80 584
70 966
10 364
99 407
172 332
106 729
36 978
151 533
82 991
157 832
155 176
136 443
96 36
189 635
122 631
107 244
86 905
109 942
131 163
105 482
61 285
102 508
11 67
22 871
194 620
167 553
145 108
63 361
40 44
199 618
191 425
151 721
76 265
162 75
167 390
135 138
83 174
95 641
176 142
123 711
22 879
19 714
28 334
57 454
142 247
106 901
39 191
38 453
180 228
111 532
26 810
138 828
188 232
189 431
160 94
131 887
78 44
113 927
187 328
157 219
186 202
11 523
10 150
3 281
160 413
86 204
39 806
177 384
136 56
64 106
29 764
128 648
7 329
88 514
18 689
84 716
180 588
127 452
167 251
171 720
119 844
117 646
92 887
161 249
186 808
41 355
96 802
140 760
124 286
122 103
159 348
177 442
75 515
73 494
189 650
99 671
46 610
179 963
126 413
123 894
85 946
178 587
124 680
198 389
80 335
189 266
145 580
61 117
108 803
18 974
20 103
46 477
90 721
35 776
99 498
137 274
140 983
104 600
116 507
1 408
48 355
11 222
64 243
11 838
123 777
124 791
7 639
110 699
50 340
70 717
4 557
18 374
78 908
109 222
177 462
52 169
66 412
186 439
2 334
68 521
176 990
27 872
150 466
26 831
13 80
42 471
199 814
34 716
38 438
128 828
67 895
170 602
29 181
200 901
69 246
12 136
107 214
121 537
112 75
22 643
148 655
188 342
11 661
129 631
99 794
76 661
18 528
132 182
135 665
168 755
140 701
156 744
15 888
109 158
2 970
128 531
117 502
189 24
167 863
164 950
87 461
144 773
63 662
85 971
25 793
18 390
15 807
92 266
80 284
34 232
142 503
3 829
119 548
79 354
4 693
118 899
56 935
153 749
97 526
10 313
158 762
66 4
119 162
106 83
132 64
65 938
149 799
58 850
196 848
126 360
170 780
168 331
168 482
119 191
191 553
20 480
131 688
7 139
63 562
31 205
142 169
10 558
23 393
129 352
194 978
127 943
33 628
2 112
47 462
68 901
126 373
46 70
25 296
187 199
184 948
146 64
141 181
29 539
78 232
106 722
47 257
31 450
91 284
42 937
98 847
23 639
40 226
7 58
103 216
190 984
186 649
8 541
14 884
176 489
171 498
65 880
111 304
192 957
13 450
156 701
9 690
94 2
35 544
158 828
18 268
83 615
65 720
78 577
189 637
129 684
63 957
40 506
84 301
17 502
91 273
54 808
150 803
21 681
1 52
174 787
162 16
128 682
132 242
84 606
77 384
40 813
86 183
185 812
171 603
193 836
177 561
112 931
144 857
99 202
49 737
49 595
99 738
1 808
27 96
8 1
177 357
75 241
190 252
68 806
34 373
51 870
34 448
155 36
148 105
83 437
169 244
23 113
120 352
22 761
184 660
54 634
131 751
164 990
123 941
11 647
175 81
194 638
177 478
64 108
136 447
57 608
138 316
88 59
179 993
78 736
89 278
118 710
64 902
30 151
32 34
124 929
186 829
52 73
4 718
60 832
183 83
98 662
12 563
175 126
52 278
160 932
115 270
122 126
136 657
34 560
10 953
172 89
98 930
59 66
180 150
26 610
200 308
96 858
57 393
35 312
80 466
4 136
103 184
124 385
16 532
145 821
4 828
137 533
23 204
5 960
147 467
67 103
7 156
187 577
103 643
194 562
69 870
85 374
134 629
188 134
137 889
64 531
174 169
16 946
169 796
98 193
98 946
80 641
118 759
77 494
198 332
26 763
71 170
115 639
98 426
65 942
128 238
153 85
158 685
84 38
192 252
13 504
3 482
163 162
178 959
161 17
69 779
68 369
41 716
40 109
195 554
56 811
76 238
119 921
107 274
81 924
48 149
67 239
109 820
48 88
10 633
102 708
114 25
173 421
177 953
200 729
22 167
186 575
143 270
142 760
181 62
41 710
37 505
8 242
180 917
2 670
34 551
111 700
92 669
111 999
125 940
14 144
86 327
184 41
199 833
103 523
175 293
65 428
49 977
75 560
167 797
16 363
152 162
195 906
56 754
174 959
34 382
70 902
164 656
151 672
61 189
155 97
164 285
162 57
49 301
99 720
185 302
79 449
39 856
139 659
138 477
116 93
83 492
16 428
93 997
7 189
75 117
23 497
88 776
72 176
189 509
95 788
7 531
82 467
57 382
88 261
21 139
13 932
26 985
34 899
115 461
180 21
42 338
21 319
36 94
91 822
180 825
103 561
143 211
55 355
181 993
45 311
154 540
180 810
7 89
62 282
122 550
26 829
141 74
49 741
55 770
159 801
119 299
139 164
70 452
48 453
50 974
191 112
23 218
63 260
70 686
137 82
25 897
20 983
100 438
122 268
117 677
65 593
178 975
119 85
153 923
21 981
35 524
115 956
115 775
30 423
109 407
186 547
26 402
23 113
131 47
182 385
122 257
23 498
21 777
30 169
70 455
12 318
104 676
142 985
71 837
148 491
150 694
196 301
139 95
158 402
61 976
11 204
124 930
9 546
54 732
159 757
66 912
55 908
188 478
98 427
137 580
7 948
62 203
17 87
142 483
14 196
142 148
98 123
59 484
173 301
23 291
126 664
129 345
182 457
146 438
121 687
62 140
46 551
190 549
14 7
18 808
26 479
182 408
55 6
119 969
67 44
191 243
96 70
196 243
126 759
122 712
111 632
129 546
81 811
59 203
15 594
56 358
198 690
94 767
1 810
71 516
79 323
85 283
82 272
15 365
52 507
46 179
169 964
114 951
41 993
66 136
12 905
85 522
25 25
80 60
124 27
173 688
14 905
106 712
82 433
51 632
121 461
134 486
163 250
43 642
137 553
127 966
177 580
168 358
152 183
25 983
2 484
83 654
123 243
104 465
190 197
50 84
106 12
129 662
199 761
184 93
5 655
29 154
106 228
84 39
148 881
48 277
46 77
182 226
9 735
45 311
7 791
53 41
56 921
175 584
151 688
103 86
140 385
46 812
195 984
139 696
60 493
77 434
187 338
140 83
111 618
31 779
30 598
94 197
41 454
38 670
98 10
47 726
164 133
165 75
172 286
199 8
79 668
187 948
39 73
151 326
181 554
146 730
177 860
183 230
60 713
100 83
31 74
127 20
173 241
164 315
112 896
53 415
200 151
116 42
186 292
26 331
24 830
72 306
82 147
116 847
138 381
175 199
158 286
143 166
187 624
141 968
141 146
198 764
49 791
113 725
179 701
43 602
10 619
4 423
47 792
90 542
187 185
32 292
43 957
110 55
53 639
131 110
181 56
161 527
31 996
138 263
172 408
23 73
90 924
193 579
111 600
171 927
179 428
196 734
90 446
172 374
20 568
132 852
80 318
161 351
84 254
121 585
168 599
189 246
181 230
180 969
50 27
12 143
195 286
159 764
134 811
143 220
54 887
