800
32 702
33 14
192 475
181 646
22 626
162 400
6 879
84 303
110 188
146 572
16 39
200 17
198 322
96 916
51 171
124 315
93 481
37 909
124 267
27 509
173 227
95 112
196 644
37 687
108 281
128 112
107 63
168 763
47 743
36 965
85 344
165 976
48 495
157 504
17 819
103 83
63 408
127 808
192 687
156 555
143 718
161 249
126 660
172 193
102 681
158 402
145 238
118 475
115 973
34 448
128 295
51 559
68 803
147 74
68 480
59 553
140 967
175 769
66 622
103 498
41 893
30 120
94 570
143 305
185 639
55 602
97 188
140 156
165 474
43 735
83 238
186 526
126 156
48 739
192 903
100 256
42 974
105 922
122 403
164 43
79 995
92 687
116 669
77 765
167 986
140 718
173 371
157 875
149 129
30 124
63 9
174 513
176 455
13 534
98 409
45 965
100 460
131 981
42 116
99 215
68 807
148 396
125 470
75 222
107 174
55 809
12 440
18 753
110 588
141 774
54 221
4 229
147 623
148 230
120 819
163 178
99 705
119 428
155 562
80 347
69 251
8 878
185 608
9 284
163 241
67 585
81 108
56 47
117 807
136 736
143 517
56 604
20 771
177 284
57 331
39 61
170 941
97 40
55 302
76 56
81 944
91 334
175 704
7 6
180 473
182 674
182 887
55 288
82 895
158 254
22 983
134 144
185 782
151 369
158 398
80 10
51 262
196 858
36 468
51 432
113 511
80 929
95 226
186 831
186 383
178 999
102 400
124 127
125 158
173 680
191 870
137 227
31 10
139 500
100 203
66 711
120 42
50 456
90 663
183 743
190 409
175 450
153 142
179 851
195 825
5 438
56 822
188 96
165 962
77 906
191 651
178 106
9 601
137 465
19 170
155 274
141 187
163 736
80 972
113 496
4 516
42 423
1 89
114 470
188 642
85 926
95 794
165 491
155 761
185 657
51 323
156 120
1 982
180 979
38 184
198 569
30 961
10 933
173 952
198 287
124 570
175 397
185 47
48 263
172 941
5 800
55 877
181 266
68 150
9 804
184 788
7 382
185 898
43 172
191 504
54 531
37 887
163 450
60 410
194 469
38 645
31 305
149 477
184 803
97 205
190 978
20 221
53 81
124 3
97 968
2 645
104 568
138 831
79 671
137 348
122 194
77 819
63 186
23 243
117 86
26 439
97 880
32 72
150 616
128 517
9 747
89 228
17 42
1 475
151 977
126 861
180 161
151 683
185 500
7 822
95 734
199 547
177 572
115 726
121 871
1 291
53 277
23 761
13 379
108 464
21 668
132 216
4 449
116 163
100 652
200 694
155 354
150 156
186 505
143 684
144 595
185 307
194 389
11 607
67 983
111 81
164 409
20 558
126 128
52 371
74 152
90 792
81 834
75 343
50 37
96 897
161 964
121 411
41 216
128 58
130 264
195 829
138 174
42 111
144 214
122 67
130 793
91 54
138 641
119 38
182 206
119 672
150 833
51 313
162 754
188 316
61 576
8 539
120 600
174 102
186 898
127 743
66 709
32 458
50 377
174 255
42 736
159 846
77 252
54 615
153 103
4 610
177 713
146 683
147 504
151 961
61 31
76 409
84 473
55 121
37 741
175 193
47 659
2 661
130 133
162 786
110 260
175 5
187 251
199 303
58 110
104 200
41 316
72 914
79 887
32 743
56 629
144 450
85 482
6 717
178 903
44 982
88 542
54 412
159 791
132 121
181 676
195 762
55 284
2 830
186 522
180 861
185 755
40 410
71 249
31 433
87 295
57 235
161 232
132 850
73 128
20 606
110 375
157 706
83 360
11 297
109 796
30 190
13 38
42 230
198 685
128 495
41 980
54 699
160 881
193 834
25 848
176 51
149 652
188 344
8 417
163 589
104 869
139 971
129 534
101 301
69 656
68 203
104 428
50 985
9 716
136 562
112 80
87 744
117 715
50 368
152 425
111 114
161 383
58 942
128 738
144 898
16 988
108 898
76 77
76 261
157 3
127 857
190 296
169 458
34 991
144 217
166 745
172 174
90 352
19 950
98 943
148 829
30 144
113 473
120 720
72 990
78 477
53 919
98 992
37 294
84 762
63 267
3 708
135 605
12 370
15 252
174 17
123 892
86 620
150 472
86 933
140 394
111 896
125 356
68 145
71 811
108 706
59 239
25 579
178 604
159 247
26 374
61 698
143 435
154 75
97 373
88 637
110 756
80 803
60 162
91 732
117 761
43 201
95 805
73 178
130 499
139 143
187 797
114 132
50 373
134 318
87 515
162 505
177 338
192 476
104 151
11 275
57 992
147 542
70 68
137 285
145 283
193 155
151 624
105 859
83 673
61 638
74 827
156 276
142 867
11 994
89 355
112 848
25 866
52 817
167 731
164 976
193 160
116 878
18 448
82 712
146 53
50 293
4 510
97 356
146 55
83 897
176 891
115 738
165 774
179 586
47 594
184 741
73 626
82 138
169 754
65 46
5 816
11 834
76 394
33 100
50 881
159 145
35 787
20 709
83 707
164 956
40 204
77 960
197 71
187 688
10 139
91 820
97 538
81 407
95 285
166 382
70 375
116 846
64 555
66 13
138 667
93 817
9 501
164 848
33 546
7 873
198 249
34 903
158 234
187 426
118 995
146 835
76 455
190 491
17 141
173 9
13 598
58 784
69 937
19 903
137 580
140 347
30 475
110 681
195 171
188 510
112 993
43 216
158 820
150 558
164 21
110 449
160 877
18 828
46 259
161 971
163 444
185 58
79 430
22 13
142 985
112 712
166 803
75 240
81 964
114 571
161 151
196 843
195 237
30 702
157 148
138 907
48 469
117 654
174 376
25 590
121 311
164 31
61 844
79 599
7 713
109 703
133 237
81 672
28 168
16 988
155 134
127 214
173 460
102 412
135 315
12 214
180 183
110 816
37 359
39 796
172 848
142 965
172 697
176 3
105 207
1 558
132 165
118 63
9 855
39 394
42 846
70 93
67 417
122 96
30 22
125 999
167 634
19 721
38 432
139 738
5 936
52 14
116 151
3 42
91 55
89 497
87 587
63 164
179 309
73 618
7 339
70 927
4 259
23 512
92 334
182 865
133 639
103 882
136 58
132 702
133 949
85 126
38 899
36 363
18 136
75 179
48 470
173 36
78 892
133 974
192 385
191 708
66 852
122 697
74 418
133 688
42 553
12 522
119 613
82 509
21 221
34 355
106 158
86 861
61 326
52 755
177 807
164 617
118 507
71 524
54 155
89 200
192 99
84 605
15 801
153 81
119 257
45 293
10 646
98 669
31 742
9 734
55 462
74 312
186 231
163 523
130 82
155 526
33 411
80 997
146 587
172 774
172 873
146 574
54 172
122 98
153 77
198 68
153 681
35 262
85 356
11 474
19 753
136 466
99 943
167 717
29 27
113 22
83 118
153 913
84 604
101 352
60 492
200 100
138 135
58 80
118 770
65 470
33 677
158 23
104 289
87 426
112 814
151 597
109 479
198 113
171 560
63 835
148 816
149 194
71 296
51 775
106 924
35 175
16 128
25 121
7 528
123 603
137 289
97 903
181 444
93 393
46 772
60 850
133 695
129 937
103 567
55 187
138 478
189 339
92 310
9 942
