800
105 234
25 515
151 139
30 214
161 18
36 774
88 687
95 659
191 515
89 925
91 305
22 823
51 147
89 848
121 55
62 74
156 336
3 763
37 414
71 651
167 315
22 590
131 810
47 539
114 399
29 141
137 250
73 976
97 536
75 706
18 773
40 861
159 954
37 400
52 953
22 701
84 835
177 711
115 122
39 112
68 50
155 937
47 3
162 46
27 844
133 532
182 882
73 201
30 898
37 886
64 875
57 795
166 604
175 302
24 26
40 731
198 751
98 301
42 254
173 287
31 181
77 502
173 182
116 759
7 823
64 687
173 562
96 671
52 124
15 706
140 171
19 244
106 465
94 666
199 282
81 573
9 10
169 188
180 533
165 907
158 8
188 386
64 745
160 117
128 288
183 205
1 861
183 513
167 399
82 280
157 532
9 906
141 996
165 607
101 652
2 426
110 442
131 695
68 782
180 540
85 247
151 866
7 398
162 412
1 942
118 995
164 522
95 800
62 617
19 523
52 926
181 225
68 727
2 931
194 755
160 878
149 297
67 374
46 256
141 996
116 821
103 638
138 452
127 479
109 546
109 374
104 206
6 578
52 86
35 735
87 544
11 752
175 384
57 504
94 986
65 841
101 881
45 914
7 103
98 408
143 833
61 670
14 544
158 399
119 231
58 362
76 857
46 373
108 506
56 556
83 434
69 29
79 681
97 663
109 431
21 372
94 414
17 3
116 614
193 231
86 605
114 629
73 645
14 659
163 117
196 654
116 23
79 785
146 185
168 726
126 819
85 495
103 324
185 351
95 181
111 380
64 660
93 771
115 37
22 137
84 473
68 318
47 617
105 711
167 999
174 512
106 669
23 726
134 47
93 419
48 197
50 732
57 82
32 812
136 708
83 186
38 936
95 348
92 157
98 551
99 135
80 670
168 847
102 432
80 84
190 617
185 973
154 479
120 708
34 105
80 185
194 887
43 103
175 871
9 558
123 369
104 217
114 388
136 620
95 534
79 475
24 93
138 958
121 368
22 613
28 738
68 233
6 863
102 816
2 265
47 485
71 690
148 344
185 875
111 772
99 913
146 769
3 44
12 561
177 444
13 145
27 945
167 166
101 679
76 2
89 251
179 789
143 889
74 789
173 992
23 167
60 942
22 648
64 704
193 415
43 251
173 150
113 348
199 67
65 89
159 408
78 962
107 105
197 956
95 266
1 161
164 240
161 677
174 260
180 194
116 951
192 106
110 491
9 273
159 686
158 899
64 799
91 226
162 369
154 126
32 674
128 205
102 946
118 720
4 62
82 347
37 164
84 522
63 835
16 324
183 738
200 377
98 293
157 473
136 285
94 26
43 819
171 494
61 649
28 836
23 336
113 46
97 714
65 35
77 188
96 605
91 527
162 644
51 811
27 844
55 769
158 846
26 183
190 317
128 474
86 513
110 44
173 329
111 138
65 791
101 477
69 936
124 659
61 146
136 411
25 705
126 321
38 665
197 210
136 694
50 250
45 6
123 451
181 978
85 966
157 549
125 445
5 898
118 614
26 295
35 986
162 908
101 60
66 941
103 546
139 154
73 511
71 630
46 430
122 941
194 156
157 930
52 377
171 987
185 557
79 58
23 775
122 822
38 400
16 597
27 434
100 238
1 385
99 351
49 23
90 792
45 880
21 730
98 117
42 21
106 690
101 479
138 785
39 160
115 635
32 659
144 843
32 338
61 318
137 582
1 295
44 824
121 268
136 576
191 621
102 452
56 758
87 175
69 254
154 369
108 419
193 537
111 846
107 921
92 116
68 743
184 235
155 197
111 174
129 49
80 384
75 991
165 11
117 826
181 251
188 564
168 854
40 446
117 952
126 567
59 590
14 91
69 778
80 470
108 594
82 173
12 443
184 306
13 237
185 722
22 739
95 160
194 869
49 415
107 278
182 463
41 354
7 955
165 400
84 906
105 442
181 30
193 386
2 552
58 905
65 722
25 301
157 950
64 911
150 337
36 787
121 227
196 989
174 362
173 138
149 631
65 823
189 879
104 145
140 358
200 789
171 744
97 134
11 327
1 662
163 738
178 322
13 283
170 127
27 336
84 331
128 49
80 35
148 584
170 507
62 539
141 672
103 703
36 398
11 283
194 137
95 52
68 460
100 310
58 660
162 161
15 268
136 233
15 989
139 830
113 173
107 867
200 18
90 665
156 433
123 394
155 20
44 706
162 837
193 358
175 452
153 452
2 991
54 842
152 925
179 516
137 638
48 668
63 135
31 243
125 587
106 434
41 686
56 336
56 111
142 617
96 988
103 877
160 525
79 460
39 488
126 308
52 179
179 725
136 825
138 130
122 117
65 812
148 232
173 863
192 692
38 639
124 581
163 530
153 909
67 981
59 545
149 358
23 990
5 650
94 51
163 917
32 963
66 699
121 654
41 706
170 671
115 522
14 308
2 702
52 108
127 42
56 882
30 747
133 788
146 339
116 171
5 828
11 651
107 247
43 405
83 387
145 946
173 425
47 383
194 910
126 448
76 134
33 274
96 681
125 965
69 16
185 503
118 599
9 743
95 625
187 533
147 883
11 879
5 441
55 666
154 1
51 129
87 972
59 60
130 875
72 617
26 408
133 686
52 746
12 900
112 538
186 644
175 917
122 740
12 505
119 548
65 602
54 742
55 180
45 702
183 946
139 175
73 867
113 244
181 692
3 426
152 322
47 385
157 88
1 236
5 733
136 83
52 708
188 105
41 608
85 136
50 897
160 879
193 697
31 482
85 537
107 528
41 212
182 103
172 950
151 357
195 552
22 497
116 754
178 329
93 862
34 578
72 568
2 170
10 294
144 910
186 404
143 50
127 314
61 373
176 256
16 252
104 894
30 123
179 855
58 943
180 264
11 568
84 461
73 73
29 593
102 251
167 221
74 137
107 20
142 873
27 442
165 914
100 119
150 298
131 912
59 507
176 185
42 480
131 852
110 535
73 431
97 137
97 94
51 190
9 141
19 709
26 632
130 569
105 630
181 723
68 519
199 898
73 874
148 852
51 281
61 848
33 934
70 897
97 435
45 942
200 17
183 884
134 987
57 906
51 8
9 857
95 167
44 939
1 272
171 586
30 948
135 839
108 514
197 517
68 119
155 922
1 353
154 91
55 685
5 358
110 630
82 256
138 343
107 350
134 363
48 346
109 249
99 872
132 51
74 651
23 285
57 73
25 258
30 536
35 679
128 681
83 108
106 863
189 771
5 114
199 732
84 285
158 589
49 110
107 403
3 876
145 957
82 934
29 737
18 37
121 774
80 420
103 475
198 742
96 185
92 981
88 699
170 958
127 588
90 663
22 53
34 739
149 538
122 958
56 847
74 163
128 890
150 629
144 477
67 384
110 34
54 127
178 693
105 429
29 126
28 539
9 709
144 598
99 161
3 957
136 224
134 233
26 321
14 79
66 765
115 702
136 183
34 385
171 322
77 804
188 556
76 342
72 929
77 500
56 214
12 674
10 680
64 70
72 295
171 76
171 909
122 555
99 898
191 983
10 331
43 465
166 349
12 45
182 174
175 27
27 236
165 931
194 318
114 86
69 691
77 662
58 618
180 816
92 221
160 595
91 838
182 977
171 26
