800
114 356
78 452
110 519
128 757
144 669
189 152
81 518
22 484
177 513
26 327
182 576
87 98
179 276
135 195
187 769
181 325
11 207
123 50
79 647
116 975
21 690
25 356
178 84
101 66
175 670
189 168
118 537
44 358
31 197
111 33
61 664
181 783
139 919
186 362
26 6
164 628
145 547
116 679
134 304
48 755
32 170
35 429
173 853
141 840
72 327
51 304
162 180
139 778
173 282
33 208
82 491
18 955
76 572
125 316
179 76
22 183
146 401
69 704
71 81
118 780
64 381
30 282
56 770
41 820
155 58
82 844
1 421
24 379
26 574
66 463
139 332
180 598
190 75
14 970
106 383
190 70
162 720
71 458
127 576
174 534
119 384
165 914
193 703
20 172
48 853
32 69
84 952
136 531
105 804
198 489
75 578
194 631
78 300
138 977
135 743
189 86
130 834
114 493
38 627
96 767
21 226
30 963
45 909
159 989
57 296
171 117
154 943
128 430
171 949
77 369
103 77
80 436
47 262
2 35
116 77
58 122
126 734
154 45
84 635
63 840
97 674
5 99
3 354
180 150
82 950
182 156
146 806
156 826
144 133
119 826
153 107
171 111
111 286
53 726
34 734
45 707
187 726
116 235
146 462
62 719
91 726
113 54
31 69
108 3
35 792
151 13
31 517
68 389
133 761
106 871
104 943
169 151
99 934
35 172
108 399
158 864
171 439
46 847
143 232
40 976
51 318
15 375
105 747
188 21
184 998
78 772
41 40
64 898
135 57
24 307
21 629
38 749
134 426
38 100
89 545
67 163
182 30
10 656
197 939
52 940
195 259
67 657
185 272
168 695
21 419
4 465
175 426
100 440
184 483
193 770
12 951
86 99
16 131
124 859
27 130
29 373
111 98
190 181
52 320
174 677
42 566
120 903
62 268
153 747
178 934
153 510
180 577
30 85
57 147
6 235
177 814
93 697
164 49
170 970
118 421
183 176
147 575
65 133
171 562
31 237
41 736
115 540
43 881
185 610
33 477
45 327
121 522
60 182
101 235
80 354
199 241
159 870
98 491
77 521
122 62
23 796
136 311
115 221
40 305
110 517
46 818
143 488
120 809
96 358
62 645
46 486
171 414
18 503
120 380
9 638
119 999
125 761
89 767
77 465
48 899
172 639
51 192
107 704
61 131
137 310
189 873
18 861
192 808
126 466
186 280
27 927
117 583
51 614
119 745
13 702
168 764
82 558
168 760
101 49
142 331
150 590
155 612
13 127
61 193
1 868
141 565
73 253
44 254
1 34
99 550
43 586
133 948
134 245
40 621
39 642
108 796
174 15
135 754
7 620
75 661
157 854
12 72
83 215
30 231
103 76
22 540
153 256
27 215
86 971
31 695
9 484
38 889
198 497
80 989
174 635
62 55
17 96
127 364
181 141
77 510
176 883
74 584
107 983
173 197
133 932
69 823
139 468
27 918
32 920
143 882
2 545
114 826
157 900
92 641
24 779
77 960
152 937
199 665
43 824
153 950
60 331
198 766
5 997
181 125
20 59
159 398
137 373
121 36
114 520
121 258
19 321
41 372
106 788
117 311
70 805
177 705
112 549
113 872
196 944
113 23
128 579
12 151
73 288
200 659
157 31
33 532
45 59
24 336
129 420
200 856
80 757
45 634
134 28
26 210
66 4
139 255
66 944
71 543
142 127
113 934
128 917
169 833
158 100
29 96
84 860
38 319
15 513
193 47
66 977
91 964
129 714
27 241
44 30
151 601
30 715
77 565
156 328
57 39
162 68
32 522
39 553
24 614
54 948
122 787
130 467
142 218
155 410
25 316
41 866
114 545
185 939
161 686
192 454
188 64
195 367
159 512
174 799
107 27
157 858
194 887
55 598
13 520
6 143
198 269
5 23
109 929
56 837
111 799
168 812
174 239
103 650
197 394
99 679
3 988
30 204
122 193
19 435
149 953
115 392
23 836
46 605
73 146
58 252
147 499
21 565
86 911
183 149
6 492
107 888
69 931
11 56
185 755
16 636
126 188
184 329
167 372
149 813
41 493
7 867
28 820
190 635
152 440
173 12
175 373
153 937
88 381
87 364
145 393
35 582
118 451
54 773
77 844
64 623
111 479
80 507
144 931
183 739
126 498
183 956
49 298
152 176
102 89
58 218
20 779
98 473
157 636
145 266
179 827
146 859
69 711
170 616
158 574
37 333
3 865
55 165
68 851
80 735
99 910
42 950
107 713
84 685
152 524
180 982
26 938
176 914
73 795
62 467
196 820
16 979
178 715
29 788
90 781
30 587
186 621
21 488
82 50
182 310
60 363
100 381
57 662
102 149
96 592
81 26
93 99
62 801
184 868
11 900
177 118
53 723
177 879
38 248
155 164
28 175
191 358
193 956
48 903
81 845
104 229
136 560
37 758
108 483
100 222
120 442
94 83
101 213
147 951
84 610
178 409
48 418
57 960
48 637
200 479
77 167
182 964
102 708
149 443
121 92
10 432
113 419
167 370
199 261
51 669
3 856
72 790
167 926
36 288
195 792
107 42
197 24
15 513
17 934
88 814
148 35
72 579
87 929
116 774
81 588
169 258
9 541
136 169
95 210
138 306
30 638
138 60
39 627
96 532
122 834
122 508
129 445
197 719
165 238
5 53
129 940
153 95
131 442
35 480
38 606
181 660
45 250
52 867
22 712
33 673
61 840
77 725
180 294
170 735
2 53
175 894
78 942
149 937
160 953
188 62
153 685
165 871
198 589
186 64
74 508
15 934
63 959
39 570
158 608
150 560
110 697
128 443
73 9
197 583
147 732
2 680
98 675
131 67
128 868
136 822
14 87
131 742
93 681
72 366
90 342
185 994
165 30
162 856
96 979
131 203
54 11
24 277
2 646
54 806
80 325
160 430
114 23
25 472
86 9
82 907
105 177
89 493
35 841
7 829
147 399
45 217
1 970
57 934
197 301
71 587
183 870
78 859
101 15
169 502
175 796
88 436
17 125
130 29
158 541
172 478
50 910
143 470
127 95
7 133
151 157
68 220
159 585
21 754
93 314
200 286
69 887
38 17
186 269
111 86
9 314
83 712
181 479
105 716
22 19
4 919
170 642
20 845
141 464
3 76
4 216
29 239
43 420
190 188
40 152
7 681
137 39
177 45
68 868
11 730
60 211
36 276
177 336
143 104
54 87
132 235
163 627
52 502
41 26
135 350
178 635
70 229
118 276
135 503
189 704
109 469
99 152
1 549
191 50
58 312
152 48
17 95
169 994
82 534
168 483
21 308
122 508
36 828
89 506
173 343
36 684
51 548
55 353
15 552
58 500
72 398
76 786
75 464
35 674
179 385
41 512
179 840
151 394
181 497
89 933
99 993
66 700
86 784
26 506
3 238
96 91
135 19
124 219
58 644
127 901
106 132
79 622
18 3
182 284
23 718
145 19
131 905
22 665
160 416
89 456
102 828
3 666
162 773
33 766
158 985
77 402
78 159
147 450
109 266
141 66
172 156
114 413
97 1
113 330
160 338
16 787
103 183
93 604
198 436
84 93
151 877
165 6
137 363
39 74
53 413
141 416
98 206
98 734
196 876
94 76
135 693
78 317
164 478
161 647
