800
144 644
153 285
186 323
60 737
82 587
99 562
1 158
32 618
151 753
98 278
69 702
106 97
33 700
184 548
88 785
142 324
187 972
73 400
29 172
47 31
90 221
25 212
129 115
23 905
135 183
124 769
70 609
25 975
99 815
31 803
111 208
5 668
141 647
150 155
194 144
168 786
162 761
76 60
25 932
156 795
81 709
5 254
137 774
110 511
19 927
100 333
159 690
52 838
1 769
158 590
182 25
1 822
17 123
102 517
116 706
23 859
160 750
192 117
148 15
71 654
111 468
194 695
70 583
67 94
162 370
78 72
4 68
66 70
93 888
59 823
54 936
158 826
4 870
76 318
48 953
98 383
85 463
74 534
131 772
106 992
106 343
18 533
5 114
67 72
35 613
76 139
106 400
21 168
152 145
170 586
183 856
14 519
38 532
23 997
66 115
108 681
53 739
152 837
110 821
174 345
4 622
69 127
115 369
195 320
166 499
65 863
180 92
197 774
45 146
59 977
60 985
188 785
89 209
147 481
102 180
65 560
135 285
9 545
76 803
139 975
40 848
73 256
84 570
155 865
199 351
21 237
40 782
61 532
87 942
14 488
117 752
175 764
166 17
151 864
52 616
91 961
6 127
98 563
44 438
180 168
20 803
51 464
68 619
93 595
64 372
165 935
164 885
52 99
159 193
23 500
197 146
12 367
114 532
73 306
60 53
79 302
2 183
105 971
43 21
64 444
89 950
137 796
190 501
49 563
194 927
83 465
25 204
101 982
68 276
131 333
182 613
148 859
35 143
156 336
21 924
93 8
72 931
37 122
52 712
125 59
159 276
140 797
149 949
73 957
156 792
78 447
163 670
106 564
51 805
195 849
89 449
168 539
9 365
53 361
163 981
144 733
137 257
120 456
97 257
64 780
178 940
78 341
64 631
127 353
156 359
143 778
169 666
99 18
65 430
187 726
114 391
187 904
98 930
168 326
60 320
51 358
170 856
40 720
190 663
190 130
15 724
144 662
152 432
199 216
5 732
53 267
24 71
172 909
136 467
88 692
86 199
93 886
43 409
146 921
67 565
16 290
186 623
101 817
171 976
147 252
64 488
18 176
108 338
88 882
76 954
43 92
65 803
72 341
64 818
160 314
81 325
103 659
24 847
52 312
199 693
173 266
39 147
192 404
142 473
114 155
29 425
14 373
106 726
193 561
177 360
48 659
24 993
85 845
16 76
113 338
129 853
32 314
28 834
6 700
11 977
67 539
87 593
173 528
188 860
51 573
46 22
16 382
148 560
114 179
129 839
13 80
58 224
117 544
33 787
66 34
184 902
137 720
158 481
163 714
197 470
61 852
120 561
68 427
90 383
121 992
159 864
47 612
111 205
7 406
181 243
196 728
36 311
115 867
179 382
7 135
91 238
110 452
195 258
53 873
117 391
48 133
170 317
91 195
70 283
61 236
11 354
56 563
134 863
78 62
28 988
165 788
168 439
163 886
95 649
153 816
23 672
49 858
66 565
97 590
3 611
89 125
107 618
167 498
134 291
104 80
9 722
196 643
72 267
163 292
75 180
149 553
195 155
186 28
91 711
120 211
67 98
153 806
86 881
55 811
154 295
80 495
153 81
88 87
156 896
76 570
146 684
119 672
145 149
89 460
129 464
70 512
165 841
18 107
186 732
79 60
50 994
153 126
61 475
180 615
154 76
113 916
18 463
63 73
12 908
115 30
127 370
35 966
144 808
198 107
181 56
118 916
176 304
179 628
17 319
171 786
189 846
143 43
113 939
172 601
81 787
174 849
56 639
189 183
97 962
167 356
24 490
171 3
109 513
136 975
60 157
183 59
151 21
172 179
69 347
178 968
16 837
169 228
148 206
89 776
48 440
115 279
6 815
146 164
74 166
52 660
54 55
188 365
168 630
143 9
56 807
65 869
58 313
94 332
78 448
82 372
134 530
53 830
92 162
47 686
59 450
154 653
8 418
125 268
27 149
151 789
14 324
13 467
190 506
176 758
10 614
178 217
30 71
154 734
193 400
153 354
178 189
171 163
170 818
101 457
116 681
48 815
78 711
99 858
120 858
199 96
93 307
198 401
168 412
163 981
178 763
154 637
177 756
69 79
150 324
44 470
30 57
122 866
82 529
172 920
172 241
102 763
31 906
34 230
90 508
157 722
161 269
3 906
3 475
112 947
110 676
32 580
152 451
152 441
141 485
12 943
197 75
164 870
164 655
190 810
43 531
28 445
111 620
120 541
62 378
63 416
10 914
149 247
69 63
17 895
90 880
5 389
198 338
196 208
87 687
17 513
79 734
197 975
116 837
138 273
187 762
75 791
189 155
8 581
143 818
70 714
73 703
149 452
100 260
13 887
192 446
180 170
105 519
106 524
34 340
45 803
148 895
42 412
2 542
63 797
69 840
77 716
52 289
53 673
14 793
191 709
101 31
134 621
176 450
111 360
68 970
41 475
58 98
191 761
169 58
137 189
179 923
123 477
26 295
129 356
157 203
25 486
80 38
175 655
18 929
175 346
190 449
5 315
41 582
115 345
134 552
98 922
196 608
148 409
63 263
108 476
7 677
42 900
112 449
16 216
147 261
112 521
180 951
153 21
164 50
132 115
141 210
189 257
38 552
102 755
9 146
126 752
182 965
70 591
164 891
40 409
153 693
113 136
97 71
134 834
136 701
13 630
113 739
43 844
189 492
30 733
144 173
143 53
60 106
52 597
20 835
103 921
116 149
44 342
168 657
111 960
53 110
82 515
99 345
30 486
131 450
158 901
77 826
49 575
36 839
58 956
194 530
131 18
70 955
119 868
200 303
40 414
154 709
168 852
59 730
25 368
13 236
52 418
19 305
106 608
72 606
171 932
51 162
144 958
50 546
156 465
12 592
94 67
163 307
29 929
155 731
122 790
124 961
179 414
183 57
168 561
12 1000
84 669
3 41
14 953
15 611
112 328
150 83
75 815
51 393
165 837
147 738
84 435
54 619
81 767
41 147
69 536
195 859
122 256
171 648
82 597
72 680
103 10
50 91
176 784
99 348
170 47
149 518
116 771
186 999
60 549
158 129
180 10
98 350
109 451
66 1
177 64
198 618
194 593
21 564
185 698
25 111
14 939
66 946
58 348
186 685
105 487
36 395
2 771
158 661
105 245
64 939
118 670
60 472
126 681
21 456
56 985
37 360
118 90
132 494
57 760
144 561
53 44
170 46
38 132
33 232
140 399
25 984
160 691
19 780
80 49
106 410
79 652
187 831
156 482
136 916
183 926
79 766
82 567
19 5
9 872
107 293
52 985
94 229
40 5
173 494
117 805
30 578
125 141
85 210
68 129
139 22
141 680
63 571
6 815
88 885
43 787
118 334
72 274
98 710
73 591
91 417
183 119
169 756
70 669
189 41
90 981
102 573
77 458
40 800
178 192
2 522
110 491
192 30
73 491
81 44
31 271
143 156
100 409
118 646
121 377
178 552
61 573
158 362
76 365
92 207
48 584
135 975
55 209
1 616
14 755
160 786
40 223
158 590
34 527
129 468
44 479
47 982
166 39
98 793
115 741
176 982
14 453
60 629
61 998
92 146
110 500
144 946
57 632
107 716
90 640
