900
115 806
120 142
109 103
81 878
79 574
158 233
161 908
47 123
16 247
196 317
17 521
79 370
158 127
159 795
217 662
122 272
128 616
223 285
87 948
136 57
167 135
102 595
82 742
2 214
145 902
50 965
192 884
171 670
38 884
130 619
198 775
132 986
29 270
37 959
224 919
187 841
15 703
183 375
75 86
83 209
193 168
114 479
181 584
2 208
28 235
129 873
106 27
71 531
210 813
88 585
35 784
48 798
180 311
91 991
224 395
36 815
20 112
12 835
136 498
186 262
4 740
28 142
102 991
59 590
212 841
134 381
84 682
114 51
85 250
83 394
35 642
204 520
79 114
105 989
31 909
58 935
159 314
55 8
223 571
104 570
190 567
113 827
128 59
145 79
40 217
114 314
198 236
189 27
154 187
169 566
60 106
43 779
142 895
46 448
189 741
123 631
128 101
86 938
215 368
14 95
48 672
197 841
88 768
140 775
209 625
199 920
133 872
27 34
131 396
32 198
79 208
164 371
47 204
74 256
116 305
150 53
209 317
178 31
36 805
188 65
170 70
14 345
138 580
181 404
84 694
58 301
203 615
190 833
223 172
15 874
221 817
47 960
214 661
64 949
107 990
147 674
175 75
220 749
61 400
49 929
26 410
85 537
139 859
224 690
43 513
39 749
140 336
156 729
66 553
186 72
77 63
203 590
129 433
52 225
126 732
213 377
105 362
105 92
39 662
203 404
157 323
67 148
23 129
107 906
77 313
8 338
204 555
26 611
171 479
59 584
42 839
83 883
14 392
66 928
211 470
3 629
77 894
121 684
88 241
3 852
3 784
213 336
149 245
131 335
167 906
204 908
168 510
184 9
148 838
180 183
20 256
129 74
134 229
82 865
182 482
25 41
193 920
216 440
140 325
216 6
99 541
126 835
169 766
17 963
199 8
191 797
63 788
215 677
97 329
4 959
150 156
132 312
139 961
4 767
6 925
36 768
79 624
205 103
137 333
216 120
192 637
87 697
78 153
51 226
84 176
130 230
182 971
62 539
179 524
197 974
108 421
162 475
115 302
221 337
221 37
62 145
103 900
158 712
25 998
155 503
34 122
62 840
154 968
217 584
222 957
181 930
19 569
17 194
184 454
12 987
24 852
140 334
211 206
62 963
42 722
218 720
92 229
96 473
127 795
174 359
224 133
210 29
142 425
91 25
120 475
206 797
162 899
128 689
21 470
157 618
92 998
32 638
204 234
170 121
169 147
203 808
28 575
134 870
30 493
86 964
178 841
118 735
86 533
118 397
11 37
127 400
93 55
153 415
60 727
135 330
117 385
80 531
193 46
183 140
214 679
33 314
211 566
26 670
65 655
172 751
111 331
154 298
5 49
112 786
179 580
11 99
220 509
52 358
113 169
51 432
191 204
189 521
126 137
220 548
42 987
26 728
190 349
135 661
145 710
159 396
200 237
144 613
217 523
203 991
111 736
73 583
172 42
64 361
52 697
130 175
170 858
83 251
43 167
138 197
102 352
150 121
222 900
5 15
151 713
52 365
50 399
111 212
128 16
220 184
129 890
59 975
150 262
94 765
57 161
95 954
136 989
164 314
124 255
32 799
105 734
52 510
63 735
124 562
5 560
201 431
92 467
25 945
170 601
151 102
37 425
215 807
193 820
198 576
134 623
61 970
59 914
69 346
211 117
36 530
159 646
184 860
187 277
60 791
97 732
215 255
157 3
183 651
129 376
79 453
23 590
29 162
220 57
95 721
162 392
139 791
161 397
43 289
44 527
110 71
44 302
74 158
186 561
19 792
43 226
216 489
163 548
219 790
117 700
115 379
206 747
109 639
216 198
109 439
12 962
148 397
110 401
219 237
134 889
132 469
26 497
78 976
141 883
148 795
149 490
50 861
24 502
24 219
18 674
6 643
199 66
173 840
120 287
162 226
193 854
165 31
14 554
209 493
122 747
92 846
176 706
1 608
142 559
94 681
98 914
82 345
66 752
121 176
26 286
199 286
136 319
88 634
32 912
94 277
224 74
64 568
222 6
113 940
106 380
208 114
217 142
26 775
9 16
101 329
126 554
77 817
140 550
133 673
123 292
173 367
195 141
165 956
78 900
5 308
88 74
1 160
109 912
192 303
114 495
90 811
34 30
30 875
89 22
101 477
150 697
61 454
200 599
14 767
12 473
83 681
114 914
14 184
222 390
148 5
189 267
100 521
70 535
65 75
24 730
200 484
79 38
211 261
17 310
94 635
121 165
84 109
35 718
202 411
190 407
63 949
191 481
40 339
198 847
158 836
192 983
79 494
220 282
214 684
107 1000
139 101
133 354
10 127
208 817
187 849
214 590
110 873
207 958
74 990
202 118
95 368
24 570
126 264
55 359
87 172
148 943
175 549
123 800
14 193
163 350
176 227
206 355
216 189
44 680
209 133
64 44
148 441
137 128
39 443
77 589
134 550
183 117
129 391
28 89
96 198
164 956
21 689
58 318
160 920
206 550
149 151
100 632
49 582
103 695
212 836
124 828
27 481
208 204
92 928
216 659
35 382
198 844
83 695
216 120
40 831
20 263
185 932
104 369
68 82
142 16
164 995
217 934
185 811
204 989
111 610
46 202
152 230
26 8
141 214
134 939
40 808
5 673
116 558
157 340
167 312
13 839
97 691
81 6
90 930
97 707
153 796
110 32
152 365
192 471
191 846
43 814
76 617
57 358
195 443
189 380
101 715
155 869
215 916
145 248
70 307
160 120
203 300
3 472
174 717
203 930
110 710
20 573
199 99
33 510
93 15
171 470
62 374
125 494
88 461
86 952
115 514
208 972
208 708
36 600
168 840
176 114
61 928
34 418
66 802
209 290
113 672
203 788
12 220
119 835
31 252
36 989
153 140
127 884
115 50
101 308
1 817
32 11
153 1
140 170
25 486
120 262
56 912
116 739
11 298
101 998
10 651
5 293
136 370
176 554
111 146
164 201
195 193
33 865
109 353
101 199
28 321
6 937
101 241
51 259
56 123
3 718
86 433
196 576
148 645
84 169
154 75
196 272
218 89
197 406
201 280
17 433
62 546
9 224
26 671
203 298
162 42
116 413
4 108
55 647
214 714
87 876
171 763
214 731
117 545
124 160
216 279
31 739
155 36
122 725
146 469
9 260
172 69
193 618
217 925
131 233
150 77
59 748
139 444
218 306
28 816
67 730
92 899
92 187
225 902
68 910
118 199
168 898
114 369
113 390
186 563
51 935
211 192
164 627
108 935
47 362
116 619
71 152
156 182
104 895
73 198
106 669
144 520
90 407
147 23
171 983
85 452
12 253
161 525
188 460
126 840
62 66
153 717
123 876
184 533
187 286
134 865
200 935
154 833
18 273
117 270
17 916
26 184
141 235
175 96
5 240
17 550
60 414
29 748
153 715
51 92
93 971
169 238
183 761
138 832
9 960
199 572
113 31
39 315
217 326
207 808
57 373
124 505
64 429
116 917
195 808
225 16
136 260
190 690
211 539
130 983
31 313
216 482
4 389
148 720
9 470
14 30
149 873
55 445
15 868
21 978
213 735
123 460
37 368
116 663
56 450
133 504
57 654
190 327
202 112
90 665
159 108
143 345
223 417
141 608
172 723
62 587
79 75
144 773
159 916
7 609
180 889
177 577
211 147
193 67
10 4
223 793
51 959
162 767
188 924
130 744
95 694
37 814
127 501
91 596
214 534
222 177
189 302
63 893
224 420
121 118
32 338
112 117
111 819
178 807
220 300
124 547
142 252
14 507
201 762
126 664
62 461
105 495
57 461
4 923
12 981
86 811
81 686
122 120
123 517
135 540
45 952
116 911
45 967
27 324
185 149
175 233
202 990
108 553
48 147
38 697
80 284
199 386
134 177
217 402
27 837
8 17
170 566
113 132
124 518
209 124
154 612
95 897
72 387
212 115
6 62
212 545
104 257
133 350
9 259
6 141
174 108
122 533
214 120
199 61
125 215
179 650
74 130
112 807
103 396
222 152
182 544
100 655
188 829
225 615
143 982
1 377
42 882
132 893
23 230
83 438
127 851
198 633
