900
72 592
7 974
82 487
107 76
194 514
58 362
133 784
24 183
54 815
69 61
9 922
157 976
84 884
100 855
57 871
58 137
141 60
221 930
37 277
74 141
93 135
61 333
113 523
27 731
150 631
174 132
50 118
83 499
217 437
57 158
79 543
69 226
160 557
119 807
203 784
90 822
183 624
179 938
137 320
4 431
76 789
116 822
206 761
77 748
193 345
89 270
82 762
62 677
135 327
157 778
178 840
90 681
215 463
176 280
198 89
129 606
72 236
172 485
144 996
161 455
9 566
199 144
123 980
122 71
1 613
149 373
192 680
181 313
88 613
59 165
31 657
7 945
27 510
127 733
8 135
225 331
43 189
171 797
111 302
218 384
82 308
195 738
51 277
150 442
48 730
45 229
160 294
101 751
177 336
225 509
87 607
83 589
5 752
167 455
4 973
210 333
168 413
16 886
3 469
1 385
56 644
223 143
184 342
200 526
181 93
21 993
145 353
51 852
208 296
109 714
70 319
126 854
20 649
133 347
125 250
51 92
35 617
204 621
166 703
200 112
74 85
129 702
220 888
93 394
45 314
125 440
65 842
85 333
32 229
86 79
171 667
34 675
217 533
123 792
122 597
176 759
85 671
1 775
14 254
52 937
118 678
93 196
65 784
206 814
65 378
1 368
191 130
13 818
14 516
14 118
82 181
118 191
176 1
77 895
160 223
101 776
44 721
79 286
59 863
21 581
35 856
111 718
88 658
143 362
61 227
133 144
135 487
162 617
132 445
111 938
111 131
100 750
91 309
185 297
209 260
107 7
186 451
42 375
225 763
155 806
43 104
199 387
155 746
146 17
29 821
20 659
157 996
129 711
30 522
54 749
31 420
107 564
144 385
77 429
195 549
63 337
203 824
194 808
197 327
185 198
51 406
191 315
164 568
89 131
201 489
131 609
17 937
20 112
139 980
59 825
216 80
206 63
201 647
66 971
89 870
211 540
176 890
198 384
133 595
186 516
85 571
113 487
10 436
60 377
30 482
115 987
166 725
175 414
73 340
162 884
143 320
172 489
170 963
82 572
72 16
171 71
135 956
10 455
95 760
80 252
21 357
211 412
66 139
79 416
55 576
161 480
96 675
220 552
19 902
130 746
128 38
135 949
117 443
111 716
34 289
128 987
22 676
208 233
121 826
84 44
101 869
74 991
125 730
182 66
103 508
217 385
203 965
188 998
1 492
206 983
21 105
46 135
21 913
15 636
88 296
16 350
129 476
33 793
72 750
48 316
82 784
195 571
149 334
18 866
207 305
91 662
222 321
179 792
87 423
7 818
97 6
84 712
225 637
122 849
80 229
175 52
81 608
30 224
137 341
196 666
82 184
217 359
148 242
136 922
56 301
207 269
201 599
97 767
145 547
217 497
13 378
97 737
143 742
59 565
20 598
188 700
201 444
59 589
56 817
72 265
179 634
215 332
152 722
188 663
177 279
220 980
142 640
208 267
211 949
144 639
147 402
194 596
74 92
1 319
105 256
102 818
117 190
57 864
214 903
160 281
56 614
214 428
185 763
174 163
140 867
83 118
54 27
3 680
174 697
174 119
84 809
220 344
143 62
168 537
123 241
152 232
206 1000
208 530
19 393
22 900
177 803
210 814
52 534
63 643
174 430
188 115
46 627
7 112
10 599
9 996
222 158
184 659
8 962
13 52
98 671
157 289
79 445
77 213
195 458
52 991
46 273
60 713
85 700
181 599
103 886
121 922
61 918
94 655
170 750
154 900
25 870
30 538
2 584
182 782
121 380
92 48
192 453
105 16
133 71
153 796
7 287
203 764
197 62
28 318
129 361
39 387
121 824
120 831
106 725
126 661
54 988
138 980
141 555
30 406
121 785
36 176
33 204
195 886
105 846
53 73
154 749
113 313
71 289
141 127
189 925
220 11
180 22
23 893
63 884
56 385
111 810
207 222
140 594
3 526
48 161
159 823
115 571
97 321
28 213
167 966
128 302
165 817
149 173
22 997
175 269
218 846
121 626
138 208
59 689
95 502
100 38
3 584
105 312
205 567
164 247
202 829
106 137
118 603
126 566
212 329
11 652
72 743
154 427
6 372
127 227
165 508
112 198
195 427
219 789
44 328
148 639
121 989
217 152
23 23
184 95
7 519
60 427
102 767
217 520
130 759
174 767
37 256
115 143
159 1
188 84
5 677
91 946
107 187
113 300
180 974
4 357
113 813
46 830
127 675
30 657
2 633
6 514
149 432
85 388
98 186
81 850
66 194
192 393
43 430
31 43
145 681
151 410
49 808
152 379
185 995
59 153
71 644
216 393
206 939
66 275
210 264
90 623
98 891
167 81
89 448
193 187
28 204
111 713
23 307
218 732
19 27
25 742
211 818
196 81
70 845
15 292
121 312
151 505
62 529
146 104
121 105
41 855
15 434
168 92
224 833
120 219
136 623
175 978
179 770
130 874
43 340
93 686
31 260
154 299
211 758
40 701
212 902
225 426
198 12
112 824
133 947
113 476
162 588
84 995
151 263
24 592
77 170
81 411
25 766
22 526
1 790
25 132
66 787
117 524
8 684
88 859
216 94
89 404
207 546
130 103
160 227
201 398
26 185
77 989
73 197
53 624
33 198
13 452
42 355
179 621
68 274
14 338
44 158
97 214
132 483
64 359
54 125
101 335
132 134
72 950
4 848
88 703
168 501
205 343
59 606
144 886
28 108
72 798
161 403
167 120
200 796
186 585
109 292
127 152
45 816
168 212
161 364
87 505
35 369
216 796
112 291
103 243
76 512
189 526
11 586
46 375
214 266
61 909
115 155
224 821
30 253
144 53
37 325
162 875
129 154
41 443
146 399
155 798
151 221
97 235
207 234
225 538
177 639
163 810
167 401
20 717
28 308
27 471
1 635
86 861
174 11
191 596
183 294
99 323
155 179
81 462
209 734
67 146
121 840
172 380
174 561
4 489
6 105
6 314
175 537
2 389
192 528
189 138
218 79
195 408
51 454
131 299
14 296
55 563
148 954
212 891
90 556
101 954
152 291
154 798
163 19
103 776
130 759
113 275
78 814
217 332
63 625
53 137
207 26
161 292
141 161
135 642
112 315
195 758
9 256
91 308
34 358
110 819
209 479
198 876
53 277
181 544
51 344
222 919
108 988
181 824
29 437
183 129
194 575
80 46
182 792
156 696
211 46
216 596
134 166
115 524
191 807
36 828
68 227
60 781
150 72
108 441
105 316
134 722
176 169
71 445
176 584
148 410
205 6
211 496
202 227
22 864
95 953
158 264
88 342
133 377
166 509
142 354
85 116
46 377
169 591
152 133
51 508
95 28
140 528
26 556
79 691
47 790
110 757
11 869
101 861
127 138
46 563
100 735
215 397
203 608
76 440
202 150
142 329
16 728
148 801
204 910
187 972
21 574
92 613
172 310
42 802
114 215
207 20
100 379
210 661
216 105
54 239
3 932
67 354
118 216
102 37
196 82
29 998
3 979
31 488
177 784
167 992
35 729
30 76
217 443
204 289
101 20
72 94
222 306
48 281
159 45
62 287
42 891
93 346
41 203
28 631
71 301
52 799
44 218
171 314
144 179
213 407
117 779
137 274
99 383
207 550
153 973
104 900
47 979
29 868
198 792
101 609
186 927
104 168
93 212
81 19
100 672
179 129
107 36
114 776
73 668
86 79
87 156
11 772
133 536
99 865
214 886
97 965
167 279
218 745
178 339
26 608
54 874
89 702
225 721
62 908
220 6
39 128
83 356
221 403
39 688
152 350
70 973
5 587
63 902
80 740
205 640
84 831
225 549
110 210
171 392
190 511
146 138
120 82
197 253
67 406
166 275
206 298
189 669
114 744
193 209
225 299
201 998
14 102
91 112
18 203
181 686
155 639
140 590
220 152
14 40
222 451
27 370
187 870
108 848
36 2
1 88
77 101
80 657
61 443
58 647
8 132
111 110
16 491
45 186
177 511
184 310
187 649
91 230
159 902
6 846
12 419
21 398
185 963
71 92
89 710
34 19
29 337
56 885
217 367
172 754
61 963
173 716
31 371
