900
169 76
196 216
174 12
20 554
92 934
178 778
95 598
131 756
8 609
123 905
4 771
155 13
17 985
129 553
215 86
41 759
106 825
200 569
144 145
216 990
159 162
73 212
78 955
41 726
110 708
93 192
135 54
184 762
79 553
75 694
24 501
170 152
52 317
208 307
186 63
146 953
31 174
21 639
73 378
201 293
140 363
91 908
104 573
63 55
44 232
18 474
140 696
123 217
188 793
219 712
194 804
115 691
211 26
112 396
123 108
85 250
110 222
177 553
187 707
222 254
183 483
146 973
64 180
79 298
149 458
209 344
198 384
93 326
27 33
51 238
212 361
26 26
191 80
116 375
113 412
200 370
62 141
138 541
145 24
136 46
160 597
102 676
109 808
147 739
215 267
70 985
67 407
213 943
186 296
158 842
128 175
120 666
136 320
220 857
140 518
73 264
51 55
100 145
150 33
108 300
207 200
141 533
203 435
83 399
93 718
147 259
24 864
117 218
29 881
109 834
48 310
60 792
138 486
71 540
200 194
187 604
196 432
144 864
153 949
191 540
46 147
37 1
106 764
172 418
218 958
216 724
55 352
135 736
96 241
92 270
49 896
169 769
167 79
163 304
213 560
125 304
201 971
214 552
213 755
50 350
129 92
46 727
169 483
30 319
185 908
133 778
71 589
114 129
119 355
5 292
215 924
162 765
34 156
83 144
200 674
215 789
37 234
7 830
185 382
114 356
34 184
31 382
120 157
199 812
172 110
23 893
50 504
188 471
18 276
127 676
74 714
191 242
169 223
66 660
67 548
59 945
183 681
174 800
19 123
68 577
224 796
46 740
206 988
132 329
184 522
25 3
181 324
151 198
133 231
220 168
184 529
74 760
214 810
112 574
89 881
148 81
214 96
223 120
162 208
102 939
188 221
43 453
57 527
183 940
7 575
41 156
170 657
205 908
32 733
50 576
193 428
32 77
159 709
38 481
86 191
204 537
52 797
74 937
43 412
25 944
112 811
103 971
141 333
168 987
24 292
75 695
2 416
31 185
134 873
1 862
126 220
40 884
155 969
10 687
184 802
26 545
211 937
83 878
25 312
37 484
35 797
175 62
119 677
191 459
91 619
163 982
197 428
113 414
196 743
39 758
191 569
107 688
90 773
41 763
198 675
141 432
66 973
35 317
64 725
13 892
58 150
92 477
35 93
160 269
217 899
74 146
133 928
106 524
108 625
202 423
41 958
170 302
205 904
75 60
197 690
157 508
109 520
105 174
74 404
107 118
162 422
25 862
11 569
109 951
35 517
139 87
94 1000
8 917
116 194
54 638
166 11
60 181
169 727
133 642
68 396
136 237
190 263
11 468
216 441
80 215
18 738
200 486
146 54
182 587
186 781
57 264
94 620
77 563
107 282
64 258
31 60
163 247
160 51
167 891
77 396
6 299
164 584
27 81
74 987
170 67
97 882
162 564
67 827
223 788
208 506
208 291
92 988
133 708
47 295
3 736
8 251
70 58
40 998
121 904
181 426
78 137
38 439
141 475
18 899
170 324
200 436
69 327
194 472
179 15
53 973
212 460
125 436
74 494
111 367
123 114
87 236
130 548
220 168
175 825
116 684
116 144
211 446
118 267
24 394
110 106
9 964
76 937
192 1000
167 639
174 15
25 159
204 7
6 137
116 693
89 166
75 370
7 313
80 937
46 764
175 891
110 207
198 511
112 132
110 781
65 523
177 372
31 300
8 924
18 635
27 482
23 161
128 633
13 506
193 896
224 536
182 835
19 712
23 984
118 665
148 143
110 95
68 109
159 736
174 337
133 561
192 25
86 743
16 616
112 517
59 891
20 118
223 192
171 417
218 861
149 812
184 218
68 892
12 822
75 262
76 701
136 76
115 790
184 938
96 679
151 342
97 439
204 233
147 900
131 879
132 536
83 136
150 318
107 772
60 61
164 834
81 981
127 449
81 499
37 752
79 142
193 798
28 965
26 80
221 394
63 346
204 421
142 996
110 446
80 113
56 221
174 480
81 65
40 570
169 775
194 433
123 731
213 673
29 308
6 738
148 667
22 547
171 762
10 2
117 919
50 553
157 860
96 170
213 10
153 277
153 523
162 40
39 187
146 325
87 437
144 301
179 914
35 494
161 142
118 162
151 366
122 555
220 943
79 17
62 301
5 324
214 783
20 562
170 570
178 573
22 277
211 238
27 7
37 75
168 220
45 301
35 722
71 863
5 76
98 874
51 467
61 301
199 256
94 419
210 383
115 256
143 749
181 173
89 282
78 630
74 576
143 681
101 858
32 788
131 782
106 385
176 832
225 312
209 594
25 385
37 711
163 279
66 647
215 713
41 188
197 829
38 998
114 506
87 988
71 703
96 283
37 838
7 268
113 870
66 160
25 30
137 250
142 11
132 87
218 67
73 162
110 700
218 853
211 290
64 579
213 536
121 885
37 700
219 605
94 359
111 91
49 305
135 771
9 792
39 318
205 30
131 712
152 764
164 3
54 656
145 158
176 852
129 263
185 704
89 150
73 657
190 631
21 938
120 322
2 962
150 668
11 500
206 683
63 135
190 993
129 500
183 434
91 670
224 470
184 642
179 835
106 880
154 226
137 274
7 363
105 601
147 125
216 28
89 474
11 919
156 547
208 494
192 671
206 343
191 379
179 657
217 389
99 773
38 520
159 792
55 975
128 22
112 321
15 811
82 976
189 752
159 289
218 829
85 448
132 688
103 443
55 150
85 650
186 868
90 571
152 392
109 868
70 782
71 606
157 172
94 909
169 102
49 906
19 994
191 44
72 162
182 561
15 676
202 791
211 983
72 314
125 734
13 62
211 624
154 532
105 563
200 387
146 550
156 59
38 6
24 579
191 851
21 531
145 124
119 485
29 113
124 1
154 285
147 876
41 467
175 356
181 412
173 959
96 863
28 174
62 151
156 845
26 149
104 241
194 44
113 419
195 428
79 90
171 604
100 244
204 363
97 176
103 716
118 647
220 993
139 648
156 238
127 578
119 46
215 16
36 286
220 208
137 815
136 806
124 507
26 560
116 573
42 693
128 694
83 709
30 936
52 293
118 392
96 916
65 430
18 338
156 520
192 64
51 816
118 849
138 225
123 939
91 501
176 96
212 32
128 698
24 186
30 102
205 937
183 336
111 784
108 765
141 425
213 376
49 147
39 30
127 350
175 40
40 340
45 858
195 605
146 14
82 852
60 681
146 986
133 958
208 250
169 877
121 359
160 957
49 192
114 812
51 371
222 442
96 350
13 367
50 975
125 311
118 201
222 643
219 797
122 146
43 766
126 61
30 900
123 139
224 970
221 492
35 4
1 678
82 846
1 615
143 257
108 563
223 922
96 581
7 878
165 204
50 724
136 175
210 582
180 648
91 855
73 878
18 532
191 951
64 236
62 289
22 831
151 741
73 61
194 506
206 7
220 331
16 709
172 479
198 742
217 501
182 869
93 210
123 523
179 378
125 731
108 251
109 290
130 512
145 368
181 665
151 737
137 594
107 108
54 884
11 163
179 531
61 464
112 629
100 597
164 596
51 680
11 190
201 446
70 356
80 341
177 624
208 90
13 280
223 747
107 343
96 428
134 923
196 326
168 433
7 113
2 656
205 308
189 441
180 714
90 541
8 974
190 736
22 959
12 260
128 681
118 240
23 735
56 292
201 897
29 151
179 808
137 20
102 332
129 821
195 624
185 719
181 231
195 965
209 252
200 256
168 465
97 971
223 744
159 449
220 690
178 358
49 735
49 601
189 442
17 271
176 962
65 771
189 399
185 921
59 685
185 146
127 369
165 283
219 317
86 141
167 12
58 294
190 372
139 299
225 73
66 474
152 711
85 568
168 98
218 487
139 652
34 617
218 869
223 289
150 941
5 717
154 742
147 897
142 664
6 211
137 855
48 95
193 117
28 856
199 351
77 79
20 973
120 480
77 779
47 995
193 848
155 50
164 720
28 466
118 836
49 356
105 780
125 932
157 593
87 882
156 427
199 526
184 331
115 693
6 826
205 259
134 171
62 724
79 331
80 680
83 913
156 60
44 7
