900
217 851
167 871
49 659
191 846
32 735
214 704
10 595
174 709
137 93
171 557
32 315
17 764
197 119
212 756
62 496
12 87
198 222
85 6
59 151
202 832
102 789
136 124
225 181
115 887
75 36
214 885
78 828
144 597
125 919
128 123
133 539
52 239
178 235
194 33
132 49
26 93
47 509
33 966
127 919
115 196
6 315
211 520
152 796
180 601
2 602
166 169
203 992
54 278
90 934
165 9
6 351
111 430
71 840
158 222
101 237
3 129
152 813
82 250
111 244
180 299
145 489
156 779
45 479
214 37
200 670
17 938
154 197
25 233
81 709
165 377
207 452
74 595
63 567
58 651
18 118
48 578
120 207
3 940
179 417
10 666
124 699
134 527
46 394
12 48
109 842
156 279
175 240
37 546
62 349
8 702
162 966
112 156
161 770
14 755
215 750
99 909
182 966
36 127
98 961
92 939
59 678
61 291
133 258
96 504
169 10
3 688
120 140
154 514
169 326
210 437
161 994
48 874
132 515
139 852
197 438
20 928
57 763
208 371
33 409
117 36
55 527
178 458
39 292
61 476
219 377
149 957
84 189
166 697
152 765
112 751
154 58
93 506
168 102
129 979
80 623
37 873
30 657
217 493
55 791
23 69
64 614
95 973
116 407
105 88
127 821
5 830
110 612
19 318
34 994
179 455
111 601
16 319
78 566
224 90
1 233
19 897
184 434
102 210
217 270
168 97
127 633
194 425
52 614
29 93
2 54
180 823
62 633
14 247
142 731
170 875
85 684
140 125
195 432
1 407
116 276
13 30
117 266
222 720
90 525
8 418
180 320
142 641
175 371
178 589
170 767
219 879
92 319
103 713
225 390
133 940
119 911
195 724
112 776
71 271
168 808
202 852
222 984
7 716
141 382
151 379
13 815
150 365
206 776
186 984
196 169
55 674
200 546
13 238
182 484
99 209
222 521
51 666
81 260
188 541
183 377
61 548
168 101
25 39
168 212
13 34
76 135
134 493
51 69
56 503
98 428
193 353
44 746
174 740
211 69
98 333
169 408
99 663
140 716
205 891
114 107
66 300
179 232
47 539
143 608
10 346
63 500
99 50
212 983
126 172
64 260
170 832
211 161
36 117
133 602
7 502
91 725
198 928
88 436
25 453
48 208
176 894
118 388
104 604
221 734
26 888
81 930
76 905
93 710
116 359
58 370
6 101
162 122
191 567
179 50
169 341
67 134
116 639
23 772
42 143
159 129
21 773
137 20
181 14
218 649
34 436
58 920
127 104
167 507
181 291
26 60
24 692
181 635
84 870
23 613
76 794
106 339
90 722
118 256
195 487
133 267
123 424
145 280
55 914
95 869
164 515
49 706
67 501
42 108
146 171
3 265
72 75
169 838
60 342
84 514
77 247
119 756
23 37
85 825
144 637
89 109
37 703
189 324
152 596
202 785
67 325
46 434
73 859
137 19
163 831
211 143
224 354
63 269
211 782
128 581
131 331
121 184
135 132
214 623
103 454
143 448
60 72
182 534
163 426
220 360
197 463
137 376
147 453
120 25
32 323
43 482
38 556
148 676
91 949
22 569
113 618
201 469
99 579
80 890
117 939
49 332
172 175
202 932
3 12
186 169
149 641
202 619
86 455
87 118
42 852
171 256
130 37
85 510
123 333
208 443
87 239
62 100
44 670
37 203
213 161
151 81
9 320
95 780
204 778
159 717
173 31
65 220
39 900
42 397
158 549
102 559
178 726
206 32
163 420
223 397
93 995
200 619
198 139
143 396
96 747
151 753
74 350
57 487
217 608
64 775
215 893
121 33
106 212
32 398
168 854
114 876
51 480
20 770
95 788
140 754
111 248
145 223
87 272
168 335
221 832
187 859
168 469
10 175
120 457
167 361
212 247
199 226
26 388
88 748
183 426
113 569
190 151
110 920
223 233
15 444
33 741
129 561
155 256
135 987
60 658
69 369
32 586
122 30
96 562
79 930
33 872
186 929
114 822
189 657
24 98
185 15
162 731
61 454
186 535
92 115
94 686
122 378
91 119
52 338
121 235
181 778
120 551
30 901
89 23
119 120
15 156
10 363
173 798
167 905
166 602
17 257
53 67
79 249
35 689
126 263
125 187
62 613
135 729
73 883
82 664
68 670
186 183
85 27
139 25
28 945
17 461
4 298
146 213
66 700
61 977
79 172
101 319
13 658
150 661
92 433
200 438
101 386
133 586
141 830
206 83
165 949
99 796
9 763
137 282
92 284
24 299
154 544
32 579
69 170
27 255
129 849
40 199
102 618
33 638
120 940
133 858
52 173
82 362
109 374
81 387
35 310
173 460
55 819
150 413
43 399
107 4
193 274
194 449
66 929
45 886
83 913
99 113
160 874
149 366
115 324
118 922
169 877
119 496
143 201
108 536
61 675
150 497
118 519
171 310
224 876
183 498
165 956
215 488
167 603
13 528
167 1
198 351
157 351
182 927
141 996
124 511
140 18
188 9
158 703
177 872
12 194
49 753
25 26
46 409
47 110
198 306
48 742
152 815
77 615
199 115
134 547
94 31
32 70
40 188
7 223
94 235
11 949
128 507
95 44
44 380
103 470
140 472
81 542
36 449
97 341
222 26
16 10
84 488
18 673
137 908
89 441
93 879
141 30
59 814
25 606
140 730
89 551
161 870
171 651
103 840
138 423
96 590
103 648
129 170
64 630
175 496
110 870
111 25
174 372
106 990
123 831
100 971
28 395
28 629
122 88
158 208
147 456
13 921
171 404
56 628
119 17
167 250
184 83
154 915
73 250
157 713
27 176
113 879
47 46
161 80
209 314
214 347
2 789
62 891
175 591
81 130
32 169
171 52
112 420
206 841
65 24
213 868
39 864
138 893
221 398
157 405
111 565
111 725
6 889
185 543
14 878
85 751
160 414
79 935
39 986
112 693
120 214
40 554
8 635
178 785
181 106
184 495
97 841
2 765
224 894
40 599
220 65
192 603
208 932
191 563
166 271
130 113
72 563
197 843
33 990
36 933
151 173
77 935
7 390
111 585
23 512
107 771
71 525
170 148
134 945
168 550
144 220
27 535
199 62
79 445
135 298
215 977
131 757
41 664
134 539
27 204
127 427
185 724
39 468
191 687
41 150
102 796
187 134
37 84
181 970
159 124
20 221
28 997
178 908
17 312
37 999
107 99
37 316
155 76
185 118
191 78
129 55
148 835
163 470
166 204
156 934
165 323
86 77
192 716
185 749
145 865
65 930
130 346
41 150
195 30
117 181
62 349
142 525
104 891
56 586
10 436
67 564
205 828
126 914
42 309
100 459
131 59
30 505
90 955
179 527
156 340
99 49
153 552
132 65
10 501
75 165
196 500
26 14
194 323
114 235
21 218
129 237
184 998
91 442
33 621
158 584
98 302
144 107
181 686
72 394
79 60
176 69
171 604
70 431
6 791
149 261
179 63
74 221
58 239
57 651
155 14
198 715
215 257
187 106
106 666
120 721
165 280
82 71
104 579
144 340
159 389
225 45
54 196
63 2
19 86
83 480
201 244
145 965
183 239
145 15
66 67
153 629
157 258
214 98
91 857
111 631
61 585
55 233
156 137
52 587
212 703
15 89
48 118
108 659
147 198
218 943
21 859
45 395
202 4
55 840
147 379
160 715
158 84
212 652
33 730
160 238
59 25
200 168
146 151
47 41
18 905
8 890
198 48
224 82
91 929
81 220
134 815
160 447
31 462
135 790
4 946
20 214
6 65
25 975
48 214
139 172
94 533
124 461
184 697
128 330
124 827
16 868
184 731
77 158
208 493
100 180
80 856
55 138
205 503
213 66
18 713
223 648
137 917
31 290
117 793
22 772
21 932
113 892
78 111
48 587
192 532
95 548
11 963
152 424
62 917
207 752
98 881
77 448
24 566
99 203
58 159
223 93
217 997
58 288
3 603
12 597
34 784
160 338
169 853
97 342
42 347
155 575
97 788
68 544
70 796
141 45
18 147
84 690
39 246
110 912
176 469
51 186
194 677
225 761
196 988
171 250
64 337
93 744
57 746
165 386
166 579
