900
51 240
143 4
173 165
178 402
193 188
46 700
55 879
7 874
25 722
15 613
97 591
156 109
59 178
112 557
205 556
94 141
129 937
113 157
195 446
72 455
136 551
53 784
148 971
203 534
163 207
105 57
52 14
207 691
116 268
66 181
110 534
103 548
121 270
224 579
197 407
77 757
30 398
105 891
160 815
188 460
217 574
145 144
21 521
181 514
143 241
135 514
140 311
41 925
177 328
89 947
175 299
167 390
189 233
190 863
40 730
146 804
117 678
185 732
8 837
208 525
179 181
178 27
168 880
183 573
159 95
38 623
157 408
35 483
57 243
27 316
26 48
79 275
145 213
16 366
138 906
50 35
109 416
96 908
54 202
29 110
131 744
48 767
79 529
18 185
206 959
152 277
147 940
125 529
145 302
123 439
106 865
200 835
17 401
118 515
142 889
47 477
8 613
158 446
91 549
223 518
60 697
70 603
140 424
183 983
144 579
189 235
29 266
140 504
212 198
119 873
108 647
26 968
118 451
59 564
102 811
106 989
29 903
28 488
109 367
85 104
196 940
172 550
154 950
71 387
18 80
133 39
137 894
130 942
112 415
71 688
188 303
17 226
159 276
13 663
130 571
61 399
195 443
196 854
135 817
214 986
202 321
83 756
172 161
204 962
40 778
194 391
35 2
60 197
186 38
207 623
109 92
189 45
80 586
223 519
6 76
123 542
61 14
66 859
110 395
131 773
206 491
182 73
119 39
118 221
28 277
18 186
131 844
148 877
38 164
90 161
131 619
33 517
53 99
87 783
88 367
67 372
71 495
34 831
142 294
219 832
178 902
65 499
76 938
63 60
182 501
167 369
120 566
192 522
135 685
34 642
165 852
189 910
7 423
47 959
213 402
3 331
26 490
20 90
111 113
12 522
164 180
54 274
180 831
56 248
154 973
88 187
124 846
144 346
179 181
85 238
140 741
55 556
121 544
194 603
109 668
157 135
59 417
39 873
195 731
24 37
62 72
57 132
102 66
91 144
16 50
126 499
221 520
206 643
5 791
118 440
91 738
58 229
62 459
7 474
111 478
97 429
71 351
90 531
23 214
34 232
167 712
103 275
124 995
104 872
44 124
113 579
224 832
119 985
103 930
131 914
207 257
60 950
67 850
157 869
137 416
198 143
94 9
177 677
76 197
187 912
82 772
51 357
12 380
68 90
213 538
28 305
152 169
2 310
161 133
176 751
134 845
156 825
224 224
30 824
160 791
140 371
155 49
225 980
141 255
115 962
192 834
95 745
104 281
89 545
203 771
59 878
130 834
123 192
150 151
33 837
212 714
87 355
113 227
167 362
108 429
11 51
121 349
223 32
39 67
104 162
210 926
186 286
16 576
163 947
170 724
148 531
27 394
85 66
216 700
65 696
87 389
6 257
209 182
185 75
162 955
138 955
64 801
185 158
12 271
57 602
107 193
196 761
184 597
147 520
114 20
50 350
210 556
184 484
152 906
44 36
123 184
201 174
141 829
207 544
135 570
104 525
41 427
102 252
161 478
141 772
91 321
190 634
83 391
165 255
180 281
193 225
110 11
93 574
198 520
89 864
68 60
215 961
33 871
87 998
146 231
57 82
193 354
93 43
14 755
191 682
214 782
61 398
20 36
214 586
3 702
57 633
76 64
158 177
71 380
38 964
196 201
205 47
29 163
15 195
18 12
150 614
155 452
106 277
193 522
194 561
188 35
146 173
191 352
99 64
73 358
107 771
105 328
158 566
87 523
76 175
82 109
87 860
142 800
41 418
134 471
201 584
104 296
134 354
10 250
49 162
183 924
122 516
32 530
175 54
125 354
132 205
213 141
223 450
43 813
58 727
49 224
53 444
180 696
135 581
193 350
202 839
138 667
3 314
67 1
6 450
67 246
124 212
159 301
215 776
159 938
217 249
57 536
193 241
93 399
154 887
47 198
112 984
170 696
194 174
85 1000
56 976
111 243
27 787
189 724
149 873
19 415
129 386
110 267
18 724
217 592
156 567
161 515
224 239
50 810
221 522
225 127
90 253
171 61
115 825
109 431
219 418
197 850
58 251
177 459
182 2
152 805
140 373
77 380
74 324
95 443
207 578
24 150
221 693
111 722
29 179
127 762
120 560
121 747
71 334
45 600
187 647
105 91
70 242
27 540
1 821
79 549
167 47
94 465
178 80
99 376
81 614
65 1
162 831
88 641
216 490
114 582
3 987
2 808
57 212
64 327
50 504
34 117
166 12
132 479
145 154
161 323
54 807
57 63
154 683
160 166
201 170
30 344
89 207
164 465
31 217
32 899
86 310
212 531
45 647
39 488
179 328
193 851
179 387
83 456
104 882
131 669
79 795
187 523
139 264
159 394
132 448
136 726
67 582
91 286
11 558
183 674
43 40
162 969
27 530
32 15
41 661
58 325
22 113
209 712
162 165
85 491
133 992
78 224
173 712
48 674
77 448
18 371
115 801
48 729
94 467
194 91
80 321
104 387
2 521
37 145
113 713
107 931
56 601
115 322
53 809
31 968
177 291
8 13
47 97
51 723
142 239
132 225
166 195
172 473
194 544
146 198
23 911
96 9
2 86
42 45
219 806
197 395
40 597
82 523
63 207
112 604
51 93
209 37
103 383
119 762
217 636
100 432
134 547
174 771
108 38
151 1000
9 450
46 782
79 596
49 890
181 706
147 222
106 995
58 345
166 312
212 206
185 156
216 266
52 917
24 748
125 680
28 853
170 473
47 281
49 169
123 860
62 917
152 767
205 970
159 327
202 689
163 502
161 400
158 682
209 954
52 483
210 861
82 801
57 333
27 101
189 993
82 525
51 588
156 538
203 254
151 607
69 704
46 58
17 448
79 672
130 784
70 408
17 433
181 226
27 48
147 752
88 632
82 303
135 832
47 620
52 391
119 135
141 525
93 314
141 628
154 350
148 448
220 145
136 371
179 17
118 502
106 810
194 431
14 378
212 903
64 510
17 847
54 809
85 921
46 324
109 763
16 697
208 226
225 757
167 466
179 828
73 133
221 821
181 371
102 527
19 358
84 708
160 432
150 473
60 111
69 354
170 663
131 684
37 415
182 594
65 825
173 844
23 646
82 18
179 839
214 310
131 956
192 831
82 336
182 3
38 101
123 281
152 778
160 20
126 522
44 837
89 558
219 578
84 364
205 603
224 685
48 51
82 938
22 473
167 476
139 654
120 785
16 79
72 95
91 667
138 361
113 301
89 495
1 743
16 889
222 605
222 204
73 486
128 894
86 505
105 227
38 876
25 837
5 812
149 15
89 208
166 565
68 781
115 139
138 983
67 944
122 15
133 998
35 927
4 950
122 237
101 957
132 480
82 101
98 373
27 937
112 309
11 922
27 978
166 202
20 721
220 177
132 928
113 974
97 321
175 675
70 101
23 156
218 737
156 912
191 426
165 689
181 521
46 495
113 12
199 734
114 977
42 61
74 905
116 307
22 141
141 693
141 446
168 975
18 640
77 45
145 330
132 108
59 42
171 706
60 40
98 984
147 997
105 374
210 306
44 99
177 326
54 83
144 829
66 204
223 330
76 163
21 992
174 635
98 765
43 184
182 679
145 962
66 291
223 704
167 768
162 787
14 454
127 543
52 876
180 120
64 149
193 433
25 64
152 789
153 28
78 623
213 198
27 567
132 482
210 622
95 658
123 349
154 348
37 328
161 771
209 286
217 152
215 522
101 973
137 343
61 192
56 806
70 441
163 820
84 909
133 322
144 16
167 886
208 726
146 471
118 352
157 504
36 458
121 68
90 474
153 608
79 195
29 684
126 788
161 304
92 299
203 166
112 199
70 708
209 172
10 685
82 386
100 354
206 548
39 793
75 207
4 79
141 159
201 780
8 893
196 80
56 281
58 484
136 934
122 674
70 952
32 659
142 976
71 142
124 997
65 239
134 943
110 37
216 476
209 279
191 231
144 351
46 884
124 728
132 170
224 779
10 857
36 352
80 769
194 12
169 167
53 58
48 979
133 479
89 403
127 368
201 463
183 852
32 333
150 806
86 483
77 382
115 110
132 12
