900
64 858
46 59
203 25
38 190
101 162
147 740
150 114
9 300
203 494
165 131
169 166
14 607
179 132
125 777
44 217
205 351
56 436
128 14
39 370
140 249
195 80
16 644
52 168
74 998
33 832
51 435
28 102
177 863
104 910
54 183
9 104
108 277
190 898
31 122
193 502
34 954
211 168
24 686
35 528
70 663
134 862
107 605
116 254
148 354
7 761
107 131
188 399
203 680
176 605
137 390
45 933
16 189
143 487
97 690
183 587
128 465
25 254
64 843
69 112
56 719
135 5
5 993
183 692
58 985
81 841
196 738
157 824
65 222
92 638
127 670
213 814
125 815
85 451
184 64
201 863
67 198
94 621
170 556
199 612
145 492
205 310
49 76
196 388
93 888
117 279
63 939
140 856
106 785
61 754
130 143
210 468
73 867
151 601
33 216
3 162
17 580
39 753
16 107
18 791
56 58
114 591
40 247
216 368
125 537
24 882
25 757
101 609
22 978
121 461
145 844
160 871
178 500
170 514
121 380
39 568
133 49
117 944
185 516
15 963
139 718
70 233
151 324
117 322
19 220
98 836
111 274
92 295
195 41
193 90
67 667
33 585
219 425
71 207
78 983
143 932
27 728
194 140
180 429
188 249
66 179
175 479
205 635
159 586
80 846
66 930
154 673
214 26
71 417
198 329
7 531
169 415
78 782
200 269
12 416
124 25
161 181
114 844
26 726
55 301
90 564
94 545
46 614
54 993
27 10
173 825
174 199
119 498
95 622
27 999
38 191
191 923
35 898
41 457
108 327
183 653
133 89
184 161
105 840
39 299
73 18
135 682
62 374
15 264
31 360
30 268
48 592
147 685
53 143
215 943
27 296
77 937
166 558
6 652
67 543
185 576
144 304
57 113
54 951
121 362
225 454
8 178
1 908
209 237
92 860
128 802
86 137
67 97
224 361
182 68
204 217
100 541
71 660
56 470
215 235
127 240
105 48
191 728
105 385
168 53
207 842
178 49
223 945
69 647
170 470
99 896
66 410
49 86
105 560
99 692
202 964
50 701
16 37
8 219
132 622
91 661
213 621
4 596
93 845
54 467
202 106
113 629
49 811
135 542
54 558
190 399
215 926
88 987
149 171
32 608
74 950
110 285
93 164
160 117
9 878
7 52
133 248
188 981
157 858
8 532
21 130
58 442
67 160
180 340
82 658
26 107
143 653
161 973
160 885
146 529
124 786
17 687
46 259
211 160
101 764
70 836
8 402
213 841
133 695
128 325
208 719
79 673
13 338
124 726
79 285
206 256
132 594
168 296
4 486
32 783
37 911
90 305
78 802
77 733
35 442
89 257
54 373
198 904
24 281
184 896
213 101
37 770
83 965
114 357
1 117
113 440
93 288
113 561
19 164
203 153
173 964
29 372
200 817
13 512
144 991
112 513
160 268
30 651
163 548
33 710
188 976
215 885
100 656
165 579
69 418
144 50
45 891
111 215
96 249
112 415
110 859
89 49
102 515
78 197
97 384
76 887
203 841
129 321
119 895
83 994
158 280
208 965
151 76
205 818
10 262
196 856
60 160
201 82
139 92
68 256
221 208
168 997
151 309
222 191
52 421
170 804
224 38
127 12
145 931
126 494
160 517
32 288
221 202
153 255
79 373
74 311
41 508
218 844
88 358
155 9
113 411
83 817
5 392
6 787
102 952
203 461
184 407
37 499
200 252
34 721
170 39
155 386
25 116
35 659
72 795
56 336
68 574
173 188
73 694
6 669
219 901
171 212
87 522
52 579
82 533
100 594
2 265
132 802
89 628
148 376
53 458
209 737
137 982
53 607
155 779
151 434
118 120
112 696
120 673
132 971
159 258
1 647
70 271
222 289
213 455
149 795
112 72
13 345
19 146
115 875
147 562
166 11
93 163
160 671
205 658
117 356
160 846
114 376
144 474
83 15
138 911
15 501
186 506
48 994
49 631
206 472
101 346
84 350
145 800
186 878
217 681
31 3
219 330
19 861
77 669
92 201
85 891
47 808
131 880
189 741
183 492
178 830
96 707
65 507
142 219
129 685
103 848
198 626
49 787
171 151
96 792
59 704
135 141
132 118
21 800
73 860
180 412
74 511
88 771
42 592
100 925
40 51
83 759
95 360
99 415
93 119
78 846
119 582
40 495
47 132
42 638
55 556
119 23
79 643
217 950
202 140
130 236
180 872
120 600
8 761
136 136
136 925
181 738
99 196
194 922
98 409
23 160
119 843
187 828
197 217
189 356
134 186
63 772
168 97
133 548
208 600
186 928
111 187
201 222
142 305
110 690
67 24
136 689
85 751
94 389
106 863
132 445
106 129
108 872
193 52
188 127
160 946
40 537
38 530
99 118
87 612
62 690
99 368
178 608
20 400
61 63
165 552
88 810
111 415
168 241
168 465
45 708
102 207
164 495
38 788
47 579
65 997
52 410
170 986
98 869
169 460
34 760
224 307
47 361
187 699
155 301
139 515
157 958
15 857
170 504
172 390
41 132
32 145
80 409
151 706
190 671
80 375
201 734
159 291
24 583
203 28
68 131
11 574
83 670
118 458
182 240
29 482
36 932
89 511
161 827
27 188
54 774
191 263
52 268
51 289
15 312
198 490
113 113
127 587
167 372
89 991
200 813
191 394
81 686
86 697
32 689
165 755
178 586
212 830
3 65
41 850
27 363
170 409
72 945
185 990
62 32
78 56
223 103
222 628
122 213
51 892
168 229
111 794
23 974
95 384
209 366
34 119
215 106
32 971
20 261
211 207
224 135
202 285
147 791
223 603
126 939
65 833
40 192
140 5
47 605
52 699
213 895
67 289
178 751
124 361
41 428
26 840
85 364
195 643
61 162
160 453
61 161
99 763
178 87
137 515
55 76
187 863
49 989
156 460
42 285
20 57
27 929
84 937
200 821
208 350
98 146
135 707
25 375
123 834
94 122
214 586
107 16
136 617
168 926
140 713
108 916
63 130
214 919
41 98
113 638
221 236
74 185
126 257
60 934
164 940
53 245
60 981
75 174
204 171
57 975
155 780
225 717
140 19
93 558
131 7
110 155
143 565
144 165
94 236
225 882
86 61
7 438
117 484
119 145
117 838
217 41
55 81
43 768
154 601
205 479
81 197
125 782
133 53
142 814
51 603
142 445
91 16
6 930
148 790
154 926
188 509
96 730
21 190
71 507
16 996
119 21
78 6
25 214
219 844
70 720
31 816
94 918
10 890
165 511
212 594
209 277
159 296
126 180
203 539
188 275
221 81
133 911
84 223
174 421
57 887
37 205
159 844
222 185
117 241
74 528
30 249
110 315
12 608
31 396
27 889
218 140
93 241
88 402
218 350
138 322
191 693
67 890
195 788
40 642
177 863
215 534
212 472
161 656
45 969
36 689
179 671
53 429
166 218
217 103
169 852
225 908
201 578
105 819
183 414
35 925
212 640
55 658
13 1000
161 728
24 654
95 202
205 643
140 240
149 701
115 615
18 60
126 660
207 219
119 364
86 816
166 514
148 85
162 770
69 116
148 145
150 496
94 484
168 653
65 809
216 298
144 671
194 334
124 305
19 435
121 28
90 372
42 787
136 437
199 985
47 567
25 612
145 874
193 302
3 698
199 578
107 161
92 365
178 835
18 105
49 146
151 142
119 421
44 834
192 383
142 683
196 409
147 74
104 716
72 617
222 594
81 532
171 75
175 631
212 339
99 173
165 139
90 288
57 3
214 920
46 758
178 539
204 764
97 13
102 921
192 706
30 855
212 297
2 464
208 161
189 393
202 207
23 609
36 520
175 174
179 723
160 762
20 829
26 871
181 752
213 602
70 662
107 355
143 401
130 310
47 654
52 210
76 318
133 98
163 357
198 57
44 279
194 388
211 903
201 978
200 700
115 81
29 485
3 930
54 149
95 602
67 972
159 728
167 986
179 377
25 599
80 795
211 423
99 227
65 144
86 806
15 645
51 868
66 18
74 615
94 3
48 523
203 945
136 422
148 714
218 343
162 216
107 791
161 833
213 797
24 49
205 863
80 394
223 247
191 576
187 779
149 469
