900
194 386
148 129
210 145
141 201
134 927
207 771
39 320
171 244
149 893
170 330
69 478
77 947
103 970
25 580
36 832
103 362
117 377
162 911
194 423
37 755
131 828
153 564
35 572
35 654
56 300
189 837
126 413
8 14
190 387
16 316
125 401
168 11
118 51
41 604
71 904
139 958
59 772
17 570
141 202
77 268
187 363
156 504
157 314
14 139
30 31
138 227
200 145
216 594
44 789
77 964
87 566
129 93
197 149
67 801
10 71
101 673
206 58
41 324
148 889
51 75
179 528
12 961
48 639
193 141
50 380
2 688
142 63
68 470
157 384
7 26
74 913
117 571
126 473
106 531
4 910
173 896
6 153
165 788
90 927
102 247
72 137
76 8
2 304
94 776
137 109
62 962
204 10
125 664
195 761
217 856
36 61
191 696
125 338
36 686
84 873
106 276
123 754
149 701
134 286
119 47
181 484
117 457
36 380
215 997
129 500
166 699
191 151
48 280
16 996
209 628
154 386
169 987
67 793
20 29
218 577
59 38
174 487
172 363
141 376
26 915
7 932
166 203
81 552
56 993
173 630
121 717
189 667
42 441
32 27
111 733
91 755
170 819
50 909
94 599
141 841
202 935
157 793
21 316
96 725
30 194
133 670
146 46
175 87
43 60
26 460
171 658
120 821
167 154
158 661
13 865
44 959
195 533
121 299
46 746
104 504
95 748
158 559
164 354
21 254
101 613
56 831
61 75
121 86
164 73
1 123
60 745
94 963
24 351
107 243
184 193
150 826
108 47
30 55
167 126
191 951
60 359
145 52
162 26
80 187
51 910
202 707
106 984
25 342
137 293
136 38
26 298
45 368
8 607
2 315
159 227
82 579
51 309
194 23
209 288
7 610
49 327
169 785
15 929
142 856
99 913
116 643
96 823
68 639
116 907
74 539
68 337
103 6
83 501
183 387
186 686
129 773
151 517
32 738
88 400
178 653
121 281
2 819
15 519
108 257
169 806
179 612
107 42
205 662
127 66
27 478
85 220
161 478
29 210
53 88
190 610
79 893
38 239
179 633
145 100
217 832
55 120
45 386
177 396
40 942
43 272
209 34
35 848
11 507
120 794
24 767
43 680
142 669
138 315
108 655
188 582
147 458
132 942
33 388
41 536
106 307
153 509
217 681
124 866
149 482
211 528
18 747
159 792
95 739
41 627
185 375
14 842
74 552
90 560
42 580
173 284
215 702
51 760
66 555
184 536
90 396
59 385
35 631
115 914
114 533
116 837
64 170
147 239
201 590
152 74
127 978
33 197
112 708
150 315
17 228
86 769
135 589
173 268
40 195
54 479
136 398
96 823
100 879
152 762
58 108
60 884
11 966
218 331
151 398
125 540
119 442
225 963
209 658
159 57
67 292
208 700
39 954
173 941
145 545
124 778
131 461
183 45
145 521
24 447
206 408
153 526
48 710
63 391
175 750
99 825
14 668
191 762
92 161
81 187
144 451
134 489
38 126
172 259
211 542
29 540
112 106
138 854
11 917
125 292
13 194
37 557
50 289
36 787
71 136
49 604
131 229
219 971
160 455
143 15
16 621
199 17
140 519
45 730
129 78
177 905
168 442
57 815
176 849
194 236
223 529
129 60
144 986
131 739
103 218
196 633
212 471
161 945
52 413
190 710
136 786
52 634
25 546
114 625
61 538
117 740
204 814
107 90
216 875
89 1000
210 109
76 780
16 592
133 782
136 81
77 714
107 551
157 255
90 136
14 878
69 179
197 985
86 367
20 226
217 475
199 60
27 878
62 558
51 313
13 144
153 399
164 18
14 149
133 780
182 973
149 750
53 876
181 198
120 955
122 854
87 175
20 809
197 543
153 962
33 633
224 90
147 796
205 248
47 508
61 146
12 902
170 479
68 874
151 727
70 410
8 172
156 481
27 693
94 792
44 38
37 375
204 995
173 997
158 911
61 852
81 351
130 217
184 861
39 495
204 129
153 239
213 260
120 274
76 507
216 546
88 636
77 926
31 306
122 810
7 596
93 387
138 968
146 869
170 200
185 872
56 391
168 602
8 210
11 883
84 227
5 227
172 947
158 104
169 707
35 679
94 785
118 80
64 944
209 478
39 988
60 567
133 497
11 549
95 68
44 227
96 434
109 524
63 878
185 403
95 795
55 167
94 848
110 223
2 995
109 571
157 261
57 15
78 799
134 131
183 527
215 557
41 984
55 674
121 444
104 231
214 899
28 12
148 81
71 657
89 195
39 261
187 299
191 1
58 545
207 133
156 12
123 632
13 297
102 184
132 899
106 521
199 121
116 75
37 587
80 680
198 546
107 649
146 532
177 846
150 695
97 254
69 917
5 765
201 133
4 678
109 760
116 213
34 539
24 345
112 368
104 61
175 331
52 379
213 951
84 604
138 721
54 282
44 615
174 344
58 541
161 922
176 495
129 56
198 457
87 563
103 235
143 471
71 759
78 921
90 692
139 86
81 740
92 823
20 725
198 354
148 313
139 106
109 486
63 997
36 206
38 699
47 184
37 357
114 612
91 422
107 162
100 882
45 519
9 541
195 795
148 884
36 712
39 295
61 145
168 387
88 739
157 410
115 426
56 57
151 198
134 257
139 344
59 377
95 780
137 551
43 357
85 845
189 589
170 234
215 730
20 343
134 561
137 180
98 424
93 185
83 334
85 303
54 166
120 719
108 525
129 970
76 959
49 481
71 760
212 589
99 81
36 939
138 237
69 121
154 260
200 844
158 941
205 266
170 663
204 261
29 787
106 65
18 371
155 570
43 176
45 889
54 752
156 910
141 598
215 381
34 69
143 577
146 20
184 945
124 756
144 741
14 559
187 757
35 381
80 100
160 3
133 63
22 329
104 915
75 996
107 515
164 337
66 349
122 447
86 499
216 147
16 590
97 176
6 947
68 116
101 625
97 519
54 425
214 291
210 895
216 220
23 350
41 43
193 753
95 511
46 324
117 565
3 467
202 568
167 326
210 32
153 609
169 530
159 784
47 781
166 902
82 302
51 831
160 44
182 20
202 609
221 536
2 406
196 316
66 745
186 107
50 539
101 219
178 83
10 823
49 269
92 411
130 373
45 738
41 401
202 15
221 138
96 635
21 170
184 549
165 771
162 854
135 273
22 487
132 393
167 655
102 31
46 943
200 791
184 899
114 499
189 432
106 302
159 226
42 567
26 691
108 757
126 107
97 291
189 885
137 702
146 330
195 169
65 555
117 620
135 827
164 979
101 333
186 212
29 309
20 73
17 780
100 621
170 998
14 445
177 319
106 180
44 767
220 184
53 461
53 996
206 556
186 185
51 14
27 563
153 264
187 530
100 262
222 583
41 18
152 943
75 710
89 957
148 944
158 459
41 473
222 156
116 80
196 275
62 157
49 454
3 675
120 221
87 469
112 322
113 434
189 886
175 836
127 872
140 316
138 98
201 760
72 946
58 161
164 271
200 677
160 832
16 396
130 808
97 468
190 459
181 281
189 804
202 885
132 290
109 740
152 884
159 526
124 382
141 880
19 692
121 916
132 273
47 263
212 782
109 836
154 302
79 477
89 922
54 396
19 64
209 87
36 55
86 884
32 460
93 521
119 593
171 681
212 506
23 276
96 582
86 132
221 784
46 27
125 901
54 799
214 362
119 114
111 170
57 153
2 679
7 505
10 663
116 774
146 571
92 186
134 818
149 706
85 329
186 459
185 203
217 530
138 771
161 204
112 667
199 583
171 152
122 692
28 927
107 852
32 915
12 618
163 697
7 612
153 421
156 465
192 472
96 347
80 793
41 757
50 310
32 453
151 40
169 896
217 67
212 144
88 423
75 777
142 336
40 16
62 440
147 567
53 140
48 620
214 484
151 522
47 113
119 963
128 663
47 320
157 350
221 631
68 912
136 825
154 940
77 544
136 98
116 299
52 608
83 916
96 267
144 791
200 981
77 322
180 624
195 47
69 425
38 390
184 877
159 51
87 26
192 881
19 197
86 464
139 946
173 806
186 292
154 640
175 930
83 5
44 403
153 199
49 832
89 380
189 807
190 674
220 919
