900
73 839
176 316
153 551
37 421
142 114
183 25
106 983
28 840
89 338
215 888
77 427
27 709
4 576
46 944
205 884
64 586
224 137
112 465
145 444
46 174
41 963
161 418
12 173
218 167
69 83
158 729
90 115
161 617
1 771
1 527
7 371
61 336
38 70
21 987
60 576
71 8
153 189
4 153
116 402
54 692
83 188
30 608
28 916
202 400
210 926
74 639
162 802
43 795
164 971
30 992
118 694
74 649
134 268
174 421
24 478
89 681
157 448
206 700
138 385
180 838
130 118
117 448
53 89
187 131
16 606
27 974
136 337
61 335
88 19
149 929
120 62
225 771
77 867
173 191
53 453
70 459
132 660
26 847
186 829
6 869
27 844
202 706
107 789
85 38
27 692
70 247
71 23
219 689
121 944
113 485
218 800
189 751
47 25
133 858
79 885
125 283
155 843
202 179
215 162
175 985
103 888
214 592
143 924
188 135
141 39
204 486
123 22
53 558
25 852
98 439
216 652
8 396
1 672
41 267
210 897
208 214
195 621
222 93
148 601
92 73
115 215
13 63
148 486
123 890
77 449
69 821
80 228
174 663
124 602
43 169
214 884
197 276
99 973
155 106
205 340
221 477
189 532
107 323
222 81
221 266
141 806
161 587
221 862
97 820
198 606
136 789
150 585
16 929
17 26
124 49
138 481
221 988
83 586
24 681
131 464
99 506
6 555
140 814
6 810
122 59
113 426
21 174
93 997
125 444
69 789
181 838
71 328
157 493
143 398
184 917
89 642
158 82
212 881
68 165
20 540
67 147
189 820
145 810
93 608
131 908
168 573
82 738
225 407
72 395
89 385
54 478
124 854
116 939
64 114
187 247
170 563
8 182
27 147
82 942
32 863
38 959
81 743
150 718
217 453
24 900
162 623
179 441
102 576
172 43
43 931
127 906
153 955
4 198
87 743
40 940
211 263
141 30
56 109
147 304
59 235
182 278
146 894
225 502
213 665
83 912
43 781
32 859
13 956
200 115
24 714
22 857
221 299
85 743
101 176
84 743
210 96
137 209
62 821
56 245
204 741
92 694
16 894
104 515
52 6
76 334
61 687
185 546
56 513
24 412
82 658
51 544
101 447
100 991
94 443
131 398
1 799
4 312
52 710
92 365
207 85
37 276
124 331
213 945
105 564
30 229
111 916
215 585
136 641
131 807
225 3
195 415
103 717
86 757
119 337
98 736
66 2
9 774
121 716
90 205
11 784
29 486
141 419
66 900
51 281
116 315
143 291
107 158
176 465
47 241
100 618
62 122
45 563
111 638
178 829
207 235
217 710
94 31
137 302
223 679
13 720
6 739
16 519
82 413
156 734
175 457
10 765
120 498
138 960
60 464
50 529
134 633
134 488
180 349
91 328
115 475
91 64
135 936
157 699
166 497
97 73
71 185
10 466
72 12
163 514
87 220
100 880
131 430
104 896
59 665
139 711
110 34
219 243
192 706
26 997
77 986
159 1
71 83
55 349
14 28
21 686
23 275
112 725
222 962
11 756
137 539
68 751
19 903
116 173
98 771
220 226
27 363
47 179
5 11
57 375
140 438
206 871
21 415
33 675
120 87
93 798
142 818
14 702
192 616
108 687
193 598
100 232
84 493
118 720
55 384
210 23
61 409
90 490
124 964
28 558
214 983
135 420
108 749
16 108
100 537
204 205
207 70
182 351
205 451
58 862
218 186
225 377
28 67
53 289
112 275
221 411
75 883
223 17
209 924
77 710
87 617
217 617
174 51
27 435
162 702
141 859
4 389
78 763
209 682
200 661
220 189
169 315
187 47
50 379
80 987
62 439
166 129
150 797
194 778
63 635
201 544
21 972
111 346
171 394
91 280
121 8
113 191
199 152
49 720
170 224
193 620
207 44
174 724
155 768
105 882
57 951
156 176
120 990
101 192
186 312
190 435
154 657
153 281
100 592
58 713
93 652
170 391
206 27
92 980
2 873
213 308
57 999
70 143
54 482
113 979
9 476
126 288
23 505
162 371
71 581
83 810
98 932
110 630
16 268
14 25
53 711
158 668
27 566
127 946
225 832
33 731
23 11
148 535
216 933
114 32
169 833
161 916
58 359
102 100
121 554
185 498
27 722
70 677
156 516
224 742
145 542
188 55
174 128
156 693
126 992
159 150
2 530
75 894
124 470
165 705
116 888
179 14
40 477
221 270
221 13
21 194
188 223
120 691
116 331
142 368
78 628
184 68
57 232
203 457
214 2
148 862
80 478
56 637
80 926
154 384
201 428
220 497
146 682
143 235
78 810
158 228
52 223
60 916
67 522
130 530
186 474
104 634
215 203
161 864
116 88
107 43
109 384
177 900
54 648
191 173
78 65
160 643
64 693
19 392
78 414
7 762
157 340
54 273
40 326
80 22
74 649
211 960
167 140
110 990
127 248
216 598
131 376
19 49
202 474
92 610
100 177
35 403
189 842
117 140
23 290
207 676
55 902
116 95
52 89
216 72
177 940
159 375
189 436
106 276
165 953
73 832
20 446
139 962
221 517
216 478
87 852
137 760
39 329
45 110
81 955
220 522
41 738
199 290
50 468
148 724
71 931
109 97
202 204
196 616
93 733
156 538
74 327
199 931
104 340
54 785
208 378
83 394
132 947
160 131
40 980
167 254
165 383
50 366
195 213
206 667
107 578
54 146
224 931
1 573
10 8
122 322
219 519
161 283
42 481
215 493
201 234
201 664
88 847
148 218
134 148
134 306
166 324
42 527
106 356
107 519
159 915
161 934
5 518
6 597
194 857
33 534
202 617
54 767
211 717
158 36
97 939
166 879
50 505
213 296
64 761
186 238
2 485
41 903
61 990
8 385
208 113
17 921
77 738
196 953
25 175
110 480
129 559
124 59
91 457
99 823
86 578
197 685
42 680
139 299
182 4
116 363
197 649
83 203
116 800
140 839
200 743
81 256
113 492
204 770
113 92
80 71
198 820
114 649
7 905
165 742
196 617
163 959
72 500
95 695
80 924
12 380
51 511
74 344
198 461
85 465
171 548
27 298
53 465
33 959
96 958
95 168
46 584
132 809
10 274
17 282
211 860
87 976
224 467
29 884
14 977
171 417
68 913
86 682
163 616
14 598
144 523
198 341
14 745
107 716
54 869
70 253
225 57
183 352
5 580
159 207
145 367
48 860
64 855
206 681
160 28
14 877
162 692
132 431
199 516
165 700
205 728
67 803
12 167
87 719
212 466
40 616
127 165
162 174
31 894
12 785
106 319
83 492
3 142
69 23
132 135
225 805
174 183
66 14
168 797
14 762
91 733
220 1000
43 652
121 44
79 603
10 32
73 999
113 80
167 366
44 168
145 639
197 116
157 80
171 733
166 314
28 375
90 880
225 565
5 13
120 978
179 649
119 862
162 597
119 217
53 134
71 615
119 716
213 593
4 293
80 339
70 867
220 705
64 50
197 583
205 66
146 43
61 254
200 332
73 14
24 541
136 315
36 787
163 501
54 521
141 226
218 305
151 923
98 440
20 876
74 437
104 902
113 463
67 90
204 658
165 662
92 15
74 295
108 128
170 29
71 358
67 938
8 276
30 595
24 304
34 901
38 6
85 12
84 219
200 571
81 180
148 819
15 950
103 626
108 879
181 462
106 667
114 910
28 70
199 670
73 526
162 749
27 932
218 374
161 189
212 79
103 580
221 254
60 258
15 366
157 10
195 452
114 453
153 986
45 478
164 547
210 468
106 812
91 671
52 720
149 368
89 466
144 898
150 882
137 328
211 835
96 379
54 482
116 636
193 62
115 357
165 173
160 810
134 463
58 453
73 741
41 704
15 91
88 52
35 563
133 945
149 608
206 533
143 446
73 447
118 714
43 482
39 926
8 714
31 395
137 549
119 739
64 292
142 264
8 499
132 711
135 196
179 747
71 104
200 188
144 843
135 592
196 563
100 371
205 206
55 19
120 758
14 807
39 605
102 81
128 771
9 601
187 308
103 542
79 484
103 461
139 354
78 293
78 80
205 456
174 397
49 252
214 261
128 990
81 754
156 443
154 774
