900
50 438
151 99
75 977
158 446
69 857
199 244
61 39
40 853
57 5
23 791
127 972
121 999
116 476
52 168
84 673
141 72
37 203
90 288
134 890
54 587
86 861
123 613
49 925
3 809
61 328
173 190
177 721
194 803
215 55
168 488
176 204
127 690
99 233
224 472
215 42
98 98
114 549
72 191
68 50
68 314
197 479
173 624
218 421
40 524
43 463
60 546
199 735
211 263
32 245
100 768
86 519
37 210
31 715
65 784
223 895
125 697
170 1000
134 101
96 518
87 811
116 928
190 321
130 686
43 767
110 561
209 512
79 601
119 924
58 391
196 825
196 947
76 807
151 755
171 601
172 406
93 19
74 17
132 405
18 932
119 614
27 290
96 731
24 998
109 450
175 840
199 60
11 663
170 872
93 686
108 684
57 948
88 270
138 818
184 486
2 789
114 356
194 363
62 790
157 712
164 742
50 963
38 625
215 396
50 990
218 417
162 478
192 904
217 438
199 459
173 821
194 481
105 214
130 646
194 552
121 529
41 805
169 540
140 915
166 207
9 753
113 63
176 531
80 943
47 934
128 548
19 352
203 435
70 903
145 132
72 320
170 39
209 198
173 873
78 710
32 560
133 180
69 623
150 908
95 358
218 352
21 70
131 785
115 715
222 750
75 813
88 99
211 403
62 257
148 260
113 940
206 697
97 778
147 405
34 971
100 566
223 392
95 946
120 86
74 361
27 15
1 39
181 160
38 922
58 530
111 823
222 233
136 364
215 693
121 667
115 862
207 592
188 503
127 931
182 494
114 667
140 42
217 96
68 750
110 7
209 937
29 847
112 928
150 76
115 943
93 453
26 93
59 32
159 13
108 897
100 531
12 974
94 144
191 807
101 531
139 33
137 602
8 34
7 782
100 626
185 472
68 109
204 86
174 10
153 962
64 844
127 821
108 224
102 771
67 325
124 874
172 247
42 119
208 414
59 545
86 632
63 614
128 906
117 699
214 172
71 835
39 953
122 708
191 605
30 842
108 610
155 901
21 315
115 538
51 42
4 997
163 620
201 211
75 480
64 749
211 233
150 313
54 733
153 171
29 600
196 121
80 595
69 513
50 875
46 927
108 190
123 968
3 33
44 90
5 466
178 80
198 452
207 82
219 429
75 258
110 236
212 383
25 271
71 278
192 546
74 726
132 778
167 933
3 756
47 505
95 428
110 857
26 751
86 908
28 396
72 529
1 170
209 5
139 385
41 990
88 193
1 81
67 301
7 676
87 638
114 947
90 689
42 772
123 546
224 919
9 327
172 75
175 559
172 842
135 593
218 511
181 105
162 665
198 203
136 900
95 32
56 707
55 449
197 429
159 494
156 78
32 393
86 307
201 592
115 95
72 895
40 584
8 33
18 230
136 575
30 316
138 555
69 581
94 939
222 445
111 883
142 70
150 858
119 270
86 375
35 222
78 35
180 442
25 64
86 911
110 375
163 149
197 230
135 349
172 773
126 294
148 794
220 789
98 368
55 461
191 843
150 4
130 983
76 724
185 64
43 352
112 554
81 900
214 193
159 478
163 648
63 712
70 144
223 115
171 691
139 428
138 507
97 164
166 76
131 850
168 287
66 274
127 43
149 531
59 942
128 518
207 675
12 200
109 304
45 647
110 165
65 789
92 276
59 151
89 881
127 718
152 324
70 936
170 292
50 454
186 173
72 104
5 436
35 604
202 907
14 622
18 223
141 215
225 149
204 966
170 651
142 373
28 986
160 37
192 676
53 620
109 842
191 795
225 912
121 892
144 925
105 373
35 497
221 856
198 429
38 533
203 262
202 475
132 610
38 445
133 561
55 996
175 992
118 934
157 350
24 261
173 884
46 201
222 796
221 993
154 323
94 386
100 33
166 504
79 543
79 786
109 882
215 502
126 133
101 260
1 700
163 137
129 380
186 974
71 371
133 752
221 919
106 378
1 880
81 409
183 103
167 566
193 933
134 984
108 482
68 417
220 87
99 611
23 806
214 432
76 638
56 571
201 467
145 55
186 223
204 859
189 130
51 240
97 562
35 231
118 239
201 894
82 814
58 475
171 30
38 147
104 137
108 49
58 622
74 182
164 490
215 15
46 518
210 308
178 844
159 682
43 935
130 272
202 917
89 91
136 259
191 762
108 273
47 246
7 431
81 7
103 960
189 562
160 816
205 81
9 406
209 846
145 770
186 436
90 938
119 363
196 653
175 618
82 58
139 249
133 642
55 195
100 386
100 707
145 755
41 299
119 563
93 456
104 91
177 362
190 206
89 917
113 365
137 637
70 776
2 766
144 294
61 104
29 296
107 911
155 50
157 643
168 272
57 812
114 29
223 842
154 139
12 691
190 343
158 855
19 915
113 253
38 816
25 852
149 90
45 344
109 459
9 956
50 577
158 986
173 658
8 45
87 198
52 20
159 889
120 525
147 708
150 646
175 894
175 781
72 245
171 16
28 927
21 875
94 919
138 343
152 19
99 723
11 389
107 604
30 847
50 124
223 633
22 880
45 103
215 656
208 426
148 434
41 567
39 588
64 802
51 301
128 476
150 104
79 87
134 205
43 345
66 548
190 920
93 330
195 826
196 120
216 454
183 612
134 60
186 865
22 213
83 675
100 241
158 889
116 600
172 321
145 800
215 690
37 207
114 15
138 649
220 818
196 410
16 686
20 24
217 123
172 96
20 833
20 804
86 655
132 753
217 977
42 778
118 275
203 856
2 360
164 816
62 106
205 87
122 323
198 37
81 388
69 341
101 93
27 291
99 47
225 969
179 623
12 703
124 133
10 442
170 496
223 171
12 326
116 176
78 28
121 171
203 503
121 709
149 242
100 607
86 907
90 27
45 882
173 83
139 463
224 513
150 494
42 480
47 977
163 996
28 529
39 500
58 980
130 730
29 215
149 120
183 420
131 439
117 662
5 734
78 890
67 85
171 367
197 639
32 690
208 633
157 273
101 335
146 293
198 74
3 242
2 200
134 525
163 716
35 222
63 887
211 204
182 407
206 470
166 335
132 252
5 791
177 595
219 157
183 905
55 828
56 253
10 49
70 94
133 398
205 106
126 848
27 865
163 144
82 420
120 71
135 489
115 476
203 293
145 827
211 487
210 262
117 580
80 196
215 929
175 93
154 188
76 555
52 277
78 548
119 150
97 150
183 238
180 211
217 656
201 700
90 440
73 887
143 70
26 86
57 789
127 393
143 920
156 145
160 728
209 393
77 676
206 250
57 977
178 653
27 559
100 780
141 341
136 938
120 208
4 769
150 886
54 195
138 962
43 856
46 808
68 650
111 178
25 557
128 769
42 412
196 723
54 432
185 11
21 453
120 52
204 584
161 419
76 729
191 879
41 657
83 220
77 33
91 325
62 850
170 101
89 523
126 95
4 772
38 989
201 829
199 119
94 37
188 73
187 337
59 739
56 886
19 510
139 688
126 674
28 110
128 910
136 908
63 417
219 744
136 865
55 163
30 606
204 186
187 306
144 546
64 354
222 683
205 221
112 989
168 203
86 738
202 164
113 540
120 349
174 25
9 219
144 551
75 935
214 372
28 447
195 286
51 556
3 941
99 880
176 882
94 188
80 319
85 4
81 5
33 217
189 190
199 683
121 999
210 151
44 12
122 163
32 955
8 516
86 448
137 27
122 595
134 832
40 394
57 985
183 323
1 64
101 23
87 202
119 832
89 680
82 88
122 46
196 678
186 384
155 963
7 252
50 742
2 566
115 120
159 216
106 362
171 981
100 779
116 766
205 618
207 640
169 689
108 320
8 820
193 561
153 112
130 549
181 275
77 761
117 143
203 918
36 202
211 720
181 490
27 5
3 957
126 888
82 123
213 361
26 479
70 250
217 960
174 151
52 107
107 16
139 121
101 963
166 51
7 441
173 419
108 69
170 533
100 498
11 67
130 844
1 854
62 339
186 862
215 15
54 799
91 872
206 810
153 545
108 992
96 192
140 297
140 702
143 745
111 206
47 485
5 364
18 146
62 938
208 337
136 987
155 256
134 890
102 88
109 2
103 444
83 904
192 324
219 606
