900
93 472
134 282
214 140
88 963
3 358
44 149
139 482
12 143
157 501
45 836
47 30
40 178
96 237
32 230
132 299
37 590
186 874
24 42
49 556
41 443
200 811
39 863
154 701
87 982
20 75
8 177
74 628
56 368
51 309
104 29
105 123
195 876
75 32
220 951
16 88
73 555
225 992
30 344
51 429
121 489
117 151
29 796
103 58
152 421
217 891
216 735
19 659
7 280
178 687
91 494
154 134
164 511
36 89
146 916
9 13
152 248
168 82
101 750
168 831
223 529
178 727
1 4
193 206
131 831
203 680
110 593
199 784
29 630
118 713
44 540
142 159
2 800
143 963
219 973
21 999
32 715
76 276
118 826
58 878
206 213
18 280
34 151
160 822
218 949
111 361
192 433
209 458
138 476
94 482
171 332
71 227
166 707
122 24
44 768
22 911
94 209
98 142
136 34
168 960
11 578
143 883
18 751
32 40
113 259
114 337
149 89
215 783
94 603
174 822
209 534
61 856
43 63
29 181
146 833
177 898
182 11
195 341
85 417
95 157
76 292
171 575
141 388
16 940
103 702
106 80
136 953
103 539
31 313
185 783
31 369
54 391
162 872
81 106
104 306
139 799
202 787
94 39
130 744
130 30
138 811
200 354
72 398
95 775
223 391
148 335
147 212
57 173
72 386
163 998
151 191
27 718
73 628
99 586
225 789
68 271
45 361
43 585
90 566
191 367
43 780
133 17
156 824
2 626
71 276
149 757
111 226
175 722
83 83
6 784
44 342
83 266
53 777
125 641
65 329
182 553
51 68
118 742
96 375
65 640
52 3
198 75
155 940
101 550
117 860
104 574
26 250
201 717
196 169
174 205
212 964
43 940
217 798
50 248
206 621
53 174
103 384
24 219
122 567
116 736
156 503
196 818
65 787
113 259
202 554
134 800
179 978
107 805
13 343
47 536
69 648
209 636
185 723
114 442
134 795
26 245
67 56
135 381
149 523
191 320
190 943
39 61
9 388
162 308
88 40
168 288
6 740
98 617
25 828
200 911
46 48
3 97
31 17
144 775
51 118
14 887
97 409
33 451
215 322
31 140
179 920
191 382
93 157
139 173
114 980
30 310
199 419
8 585
140 624
142 543
26 686
21 341
214 287
61 864
211 67
191 196
103 99
14 633
60 103
215 720
152 467
85 219
210 916
104 117
102 992
115 563
143 718
23 388
43 407
54 253
40 468
100 570
101 519
157 579
128 306
6 75
111 457
54 802
191 576
183 681
180 820
174 255
116 638
213 26
179 988
206 588
144 698
197 568
119 76
89 710
154 369
80 209
110 629
37 339
43 920
15 219
79 44
34 682
73 49
50 988
29 161
138 802
100 209
134 522
188 566
81 116
179 672
196 528
3 642
148 896
96 745
201 297
111 12
159 701
91 653
95 236
98 182
136 428
216 303
151 535
11 56
15 361
36 52
52 722
154 645
200 206
199 360
112 577
137 764
6 849
158 846
165 722
33 887
75 448
127 446
147 315
152 157
202 12
64 194
152 38
43 228
1 760
158 901
205 348
118 178
217 49
162 664
178 847
66 764
225 338
8 607
17 684
172 232
113 46
84 127
103 122
123 216
152 782
1 524
51 331
140 788
95 73
47 885
165 616
55 137
144 143
102 618
111 202
146 134
175 983
203 43
13 499
69 470
123 423
141 280
6 240
76 516
48 127
168 106
57 293
207 336
211 1000
125 687
133 65
101 260
91 972
94 816
17 943
138 607
193 171
169 592
171 561
7 986
57 286
162 530
193 887
117 936
134 495
141 580
90 991
116 942
8 294
183 544
90 717
93 321
185 848
69 220
101 76
35 316
164 36
131 130
32 35
211 168
163 664
182 365
11 606
160 345
40 436
7 144
216 774
74 254
32 456
97 439
133 633
53 171
72 259
137 580
51 539
40 527
216 385
42 938
199 693
96 476
153 283
151 219
198 4
83 584
88 680
157 544
17 34
89 466
86 516
60 705
168 830
79 412
158 254
110 221
225 796
59 942
200 896
196 824
33 188
69 650
219 431
189 534
15 533
157 970
20 385
183 716
110 535
100 798
13 742
16 291
60 374
68 924
187 770
124 830
66 556
159 731
191 414
64 507
202 181
62 964
125 911
70 788
58 59
48 561
17 347
222 128
66 650
205 588
182 112
125 317
14 988
218 135
3 38
206 794
205 926
128 891
181 108
150 176
185 907
208 972
119 498
202 898
177 542
41 83
12 989
109 785
206 423
88 436
219 26
133 622
58 245
68 739
25 160
179 596
15 714
30 981
103 480
71 525
124 189
39 898
41 770
216 534
105 67
4 347
16 78
22 627
145 129
123 597
43 141
48 254
33 955
18 916
144 792
4 391
53 892
157 905
67 919
190 30
108 513
206 946
128 270
145 151
162 429
79 914
12 203
77 63
138 229
136 956
87 575
15 885
87 40
112 572
103 191
28 206
136 856
192 294
218 194
62 703
190 297
197 885
197 71
58 990
53 930
143 329
92 702
166 981
77 927
175 280
180 477
119 919
7 314
225 688
206 545
139 159
117 264
192 846
81 527
215 496
222 206
63 239
148 481
154 183
168 75
48 702
129 47
55 518
74 323
60 94
192 544
195 792
23 1
156 446
14 107
172 913
178 724
145 535
2 902
135 276
25 492
181 377
103 814
74 880
75 648
171 735
123 981
213 834
196 776
63 698
51 762
133 207
126 883
98 619
132 699
93 655
88 240
200 606
136 565
48 229
13 375
151 636
167 451
194 563
128 352
157 298
108 955
74 845
194 695
114 709
27 643
211 285
176 673
80 492
215 509
172 377
177 951
120 727
153 885
23 904
32 788
153 618
103 985
112 763
199 414
64 480
31 569
101 611
25 240
37 904
211 386
161 471
111 996
220 937
24 630
144 798
166 737
177 533
47 225
168 240
148 984
209 503
37 718
166 236
94 407
14 204
219 1000
14 128
83 62
88 804
146 307
67 583
10 686
170 93
175 879
224 113
151 279
93 733
75 887
127 623
61 520
148 471
83 505
104 915
161 539
40 830
79 841
32 472
58 100
78 47
18 484
205 695
63 73
191 654
95 124
219 677
125 148
6 799
203 391
30 841
160 51
188 224
66 714
63 901
186 221
90 81
43 150
93 140
92 383
202 821
193 865
91 721
73 561
153 612
197 411
135 154
182 432
160 213
21 462
155 301
162 573
223 803
173 520
10 155
61 449
24 672
70 741
54 767
219 630
129 453
40 269
107 32
75 43
223 507
147 855
118 100
159 262
5 92
221 926
120 276
217 921
34 826
55 631
102 477
196 316
80 126
167 412
192 447
157 96
215 886
139 627
72 515
193 387
127 898
40 477
215 362
81 220
172 348
97 554
65 753
58 869
198 488
118 461
76 504
92 198
38 507
209 82
224 709
99 556
125 309
43 273
62 250
211 327
163 651
148 110
27 736
59 74
47 532
27 984
33 440
91 878
132 506
13 345
20 613
20 942
196 688
141 533
93 795
193 646
58 343
99 818
150 62
127 649
202 114
180 194
38 376
216 776
174 25
108 781
197 98
149 758
171 235
2 69
7 653
222 935
47 129
63 40
121 282
163 507
136 995
151 682
93 895
14 654
200 52
7 458
109 835
173 357
15 328
150 835
217 599
43 480
75 506
43 197
137 740
103 1000
129 194
82 10
170 630
53 647
71 95
22 766
211 315
154 483
183 322
65 266
183 773
213 913
172 354
39 896
200 230
173 976
181 580
29 219
64 302
8 439
73 335
207 965
221 2
64 916
80 336
140 161
142 593
201 751
10 577
77 46
13 834
183 222
146 828
156 865
5 230
109 207
52 411
51 227
29 606
27 200
175 82
109 689
94 173
218 803
142 493
12 887
201 214
203 742
53 80
203 491
19 648
154 356
159 268
106 898
128 932
46 598
173 382
202 272
95 970
83 589
107 621
86 916
89 644
99 206
168 906
142 423
8 726
165 450
50 374
110 167
85 679
47 840
4 273
56 297
83 374
127 22
34 105
204 128
193 303
179 329
135 733
108 28
181 557
158 909
169 845
