1000
134 521
20 627
227 277
175 939
185 584
156 640
73 699
82 383
203 645
195 881
97 769
39 653
159 797
240 999
128 302
19 259
64 366
250 329
26 636
176 926
81 974
14 364
24 80
67 959
122 629
231 719
210 662
228 711
69 82
14 834
144 413
21 578
141 594
183 532
249 359
67 707
104 482
15 178
137 185
95 514
67 646
118 260
88 847
200 12
111 638
180 609
53 938
127 161
49 194
87 602
78 869
123 770
43 17
54 936
197 685
144 297
102 813
196 686
68 682
7 418
103 831
103 317
175 609
226 195
5 217
40 191
191 827
106 604
123 60
71 883
162 664
168 151
201 765
102 571
239 958
190 25
75 52
143 596
154 815
111 363
44 319
220 723
161 591
114 623
154 916
2 791
139 200
108 551
183 768
127 817
223 523
101 900
103 238
142 259
172 651
110 984
121 575
129 844
207 343
68 921
209 911
220 929
27 482
71 792
197 392
75 983
3 738
145 638
225 382
81 718
165 424
52 331
190 580
103 354
17 999
148 848
40 430
42 236
84 381
131 674
13 394
65 355
194 568
19 270
71 309
49 218
232 905
76 114
194 584
211 319
175 171
43 25
207 647
84 801
22 170
215 103
61 630
49 723
25 379
105 263
140 632
112 794
186 34
40 106
115 446
168 681
54 593
40 404
33 748
195 518
128 710
153 458
47 807
65 743
83 280
241 613
78 216
4 693
158 122
5 100
58 283
52 754
117 164
215 161
37 896
77 617
235 528
85 984
96 785
161 915
9 628
33 158
222 488
156 219
196 619
45 117
40 577
183 844
206 933
63 979
29 600
175 42
89 316
230 799
103 690
96 522
40 214
224 415
191 161
174 451
151 988
3 110
34 1000
69 517
201 505
150 959
25 333
230 272
165 177
135 789
74 589
84 464
144 790
204 852
20 654
248 324
24 787
228 803
173 448
234 99
234 761
110 47
209 855
2 608
21 140
7 588
123 510
87 262
128 935
145 66
54 925
53 741
22 138
122 921
122 314
25 883
236 320
231 413
24 271
230 112
29 588
25 370
117 430
46 572
107 990
148 721
218 63
177 933
132 397
54 411
183 242
157 430
54 168
36 310
69 629
1 468
67 593
121 877
230 619
128 410
60 249
18 286
220 465
126 435
85 1000
34 454
245 743
95 828
216 83
173 881
182 656
122 738
35 516
237 255
92 666
86 499
64 24
78 303
31 427
217 368
125 176
160 93
14 207
30 265
87 343
82 435
115 235
81 367
2 120
56 364
109 976
13 807
201 124
26 396
248 144
63 924
92 719
200 96
107 377
41 797
164 870
180 678
100 376
49 88
40 630
204 400
118 287
164 404
175 482
238 557
145 458
97 881
234 703
182 293
67 625
50 923
148 434
179 302
224 855
31 617
79 422
59 213
39 456
76 688
31 854
28 572
206 880
100 849
44 218
27 866
177 315
128 657
32 955
102 729
46 753
35 311
219 30
94 835
89 951
100 398
12 913
77 599
238 437
174 592
207 936
35 783
145 776
118 974
72 824
182 923
124 69
214 221
49 79
218 729
199 552
237 446
196 982
164 607
181 641
79 598
15 635
144 344
39 999
34 83
101 740
228 667
28 611
150 795
65 460
85 410
117 883
2 263
120 897
110 344
231 60
34 488
117 5
225 498
57 232
36 216
132 622
65 838
194 740
17 557
110 360
199 403
41 639
166 962
142 911
110 585
110 593
79 782
96 605
141 557
188 291
100 933
233 263
222 127
231 481
229 162
170 618
176 519
60 631
175 267
49 685
71 624
114 205
226 432
195 261
229 125
93 6
132 987
206 567
154 393
147 185
99 7
55 571
44 88
245 288
248 68
63 797
181 426
197 560
168 627
128 379
238 305
32 525
216 164
32 259
193 171
157 936
140 511
69 769
199 700
152 917
173 875
71 158
149 404
149 193
149 575
149 281
166 75
209 690
28 880
125 130
237 504
127 690
84 166
6 990
79 786
195 406
248 749
42 175
26 927
128 784
5 568
81 557
38 703
52 100
83 987
217 249
167 750
108 380
103 82
78 375
78 48
139 161
13 426
195 976
239 235
39 71
202 737
38 588
170 950
187 61
81 233
106 493
181 216
170 588
65 971
242 257
142 262
111 32
227 823
160 334
240 83
21 320
51 84
66 721
174 908
22 607
77 533
121 829
166 561
136 326
166 409
89 736
125 731
134 816
107 26
115 384
230 625
238 481
208 28
64 598
235 605
142 616
114 696
111 135
51 907
179 235
45 99
1 833
104 467
156 44
63 649
230 378
69 923
85 134
146 985
142 791
106 78
109 718
127 185
165 306
90 764
188 609
169 295
163 637
4 802
250 61
209 203
131 81
143 567
143 159
199 44
120 452
118 500
115 173
155 673
150 883
203 532
48 607
154 128
22 201
54 694
161 332
216 197
17 284
201 812
243 42
114 402
123 561
220 143
194 299
11 218
6 687
194 170
216 907
48 88
56 95
72 825
209 594
50 901
160 111
193 227
169 307
91 338
2 867
211 712
69 968
185 713
177 180
226 351
34 10
250 662
154 917
70 139
242 148
128 893
42 450
30 346
158 848
196 766
88 91
95 677
179 845
75 593
118 627
102 60
130 634
158 481
135 577
1 172
209 380
171 774
162 439
86 759
93 204
221 613
91 185
189 458
193 837
2 197
81 642
158 235
73 955
236 359
164 496
119 834
97 608
88 978
7 27
128 397
59 210
151 152
182 859
147 324
161 168
46 343
44 509
243 659
63 777
99 322
159 476
250 774
109 321
205 397
195 520
40 744
227 139
95 436
242 893
73 852
79 302
184 190
241 239
227 483
152 419
63 508
134 57
193 924
60 523
3 213
88 968
67 451
3 639
111 231
106 568
194 975
13 68
69 750
19 201
163 454
10 448
86 266
98 104
116 227
144 172
21 96
4 422
232 391
181 66
134 334
163 470
158 999
120 236
10 474
63 666
74 706
221 363
241 90
109 414
133 460
235 91
218 871
193 452
221 490
245 941
159 929
83 43
82 500
15 402
59 579
106 421
117 90
194 100
173 472
35 819
48 237
113 115
121 458
108 748
153 100
68 168
227 251
164 532
130 752
129 183
63 64
31 675
130 153
193 448
109 999
181 429
202 275
242 713
43 621
106 232
122 928
141 924
145 369
84 521
141 741
42 12
54 65
99 924
70 32
10 257
150 653
21 822
51 325
75 62
112 926
189 48
244 457
58 782
158 495
127 678
187 436
16 170
224 856
31 360
34 149
145 241
47 356
168 672
146 462
153 834
10 513
61 425
109 330
228 641
157 122
186 528
202 360
35 21
136 78
128 779
195 954
213 431
213 623
171 703
57 259
250 560
108 855
26 207
172 704
186 81
116 801
15 193
10 597
76 421
244 378
55 959
157 295
2 380
152 649
17 881
126 313
62 955
95 153
246 952
144 355
180 52
239 11
158 50
19 29
6 218
171 646
20 334
48 536
143 17
104 356
9 124
19 964
33 856
176 951
143 625
49 797
18 941
241 45
7 328
38 996
203 188
27 56
52 785
84 192
142 85
56 416
224 293
134 981
85 54
221 124
138 670
164 672
198 899
223 617
206 898
198 683
75 365
129 210
104 969
182 485
26 230
42 163
86 761
126 625
169 938
246 948
21 189
47 63
185 298
162 266
165 390
211 735
218 104
213 447
166 214
158 240
23 56
30 836
117 303
19 890
67 577
224 475
85 978
116 113
2 792
205 825
7 502
174 851
108 176
107 722
220 631
206 280
148 564
37 480
207 42
207 991
174 129
159 78
119 149
209 770
167 995
183 581
60 76
213 248
58 848
107 228
103 540
99 186
68 592
67 224
25 639
27 125
115 346
83 897
128 518
47 583
224 481
223 534
152 897
82 728
126 862
89 688
198 288
196 578
163 744
138 86
158 759
125 380
249 300
59 77
159 662
234 719
207 415
62 635
95 982
161 64
180 568
54 184
26 482
154 49
216 767
69 291
72 628
10 398
16 138
194 146
79 932
60 926
21 963
145 930
135 19
124 764
243 651
82 582
34 137
139 726
184 539
167 728
214 343
237 586
72 559
208 485
210 570
147 942
235 560
202 712
190 618
127 781
168 344
142 763
59 454
202 870
175 635
7 457
90 154
103 431
91 126
221 9
176 279
239 35
71 778
54 969
35 18
82 775
231 252
1 148
108 217
160 280
195 488
107 356
110 584
196 646
69 60
23 187
71 921
190 556
227 537
146 248
26 611
32 584
70 671
158 346
180 576
65 51
179 902
80 492
88 620
73 425
13 808
199 385
155 561
55 803
26 546
57 981
191 721
4 902
154 58
25 846
239 840
43 173
101 417
203 759
156 755
46 273
146 414
156 320
152 511
230 660
101 261
126 547
195 260
17 489
163 724
77 346
217 914
217 710
135 45
236 812
68 939
188 144
38 579
150 471
180 524
53 87
210 829
198 883
97 406
132 742
114 128
134 771
184 151
123 525
183 143
109 615
241 628
135 220
