1700
368 502
63 132
7 752
19 421
186 981
112 650
198 566
162 258
347 855
100 879
176 905
93 846
195 127
379 558
243 936
226 956
45 123
112 278
368 718
61 205
414 713
418 488
85 909
105 969
419 526
120 629
370 907
413 883
24 688
363 444
198 488
141 967
68 991
108 987
394 347
2 273
334 909
370 945
121 818
334 279
259 184
192 49
215 741
33 463
22 699
410 389
269 548
357 765
50 815
207 999
153 609
22 840
113 329
353 409
202 792
18 721
392 133
116 973
293 976
219 736
184 637
197 599
357 878
24 471
364 883
186 717
49 397
400 10
127 754
358 809
410 700
125 917
57 573
23 136
48 643
247 556
67 697
261 624
268 70
366 246
402 159
3 573
218 969
75 223
34 545
306 609
159 20
259 912
7 642
121 739
125 66
345 946
418 973
376 625
414 26
294 989
339 915
299 658
33 730
114 680
379 294
302 711
322 405
115 464
389 367
257 989
41 727
369 660
43 680
117 952
350 732
274 242
398 217
206 340
112 114
338 949
50 846
152 181
80 203
287 469
348 608
259 415
302 430
398 359
46 877
307 293
338 705
253 477
11 425
183 479
66 539
164 629
77 322
21 244
230 198
51 300
61 874
111 26
286 757
242 840
142 223
140 105
265 709
239 999
1 604
405 195
412 517
350 904
32 382
385 895
204 740
74 390
234 61
390 265
81 260
191 458
232 235
39 959
266 529
22 786
252 119
58 372
318 994
134 352
399 864
302 148
29 609
308 55
336 787
90 551
200 678
175 823
384 85
168 436
270 175
184 695
306 461
3 39
323 457
324 53
91 639
255 266
306 569
234 494
211 615
392 382
15 328
400 788
399 461
211 146
147 279
377 704
383 77
259 911
63 37
245 559
29 653
46 90
40 859
145 421
19 978
359 883
2 366
331 773
191 605
35 310
141 953
276 146
315 766
369 628
292 475
79 483
50 642
362 95
87 576
216 483
293 69
273 730
269 111
222 615
123 737
279 401
312 61
66 543
188 199
346 194
55 405
398 639
300 196
80 713
118 185
56 811
35 310
39 611
162 727
394 852
80 732
401 879
301 345
296 987
247 966
86 873
306 464
368 685
230 527
239 791
25 98
134 232
388 922
197 570
22 776
172 405
23 190
184 427
107 560
108 837
418 926
257 709
318 870
49 893
223 19
314 803
240 915
182 100
333 597
361 24
173 757
228 2
279 241
12 505
202 471
372 688
6 831
119 952
48 102
76 680
27 106
63 943
290 682
147 983
79 924
412 205
285 722
208 496
386 612
140 61
315 246
293 171
411 359
2 303
76 513
151 649
93 469
98 207
319 149
419 590
13 805
18 556
168 635
288 389
81 774
352 624
80 431
252 782
109 806
274 127
258 949
23 334
161 303
215 359
366 592
123 489
75 232
174 233
226 670
185 823
197 705
214 714
214 128
119 706
16 851
375 973
166 332
394 160
105 342
414 543
281 129
143 132
200 746
189 504
300 443
37 56
127 878
188 580
107 74
358 390
171 493
305 72
129 302
365 882
374 459
361 634
133 485
57 798
191 920
265 382
243 943
28 600
394 905
186 220
325 280
276 561
92 666
291 529
411 553
297 590
116 528
178 313
209 976
66 934
1 407
384 530
321 825
85 55
258 586
23 2
215 899
169 705
214 991
120 686
337 646
403 21
301 698
88 436
398 75
2 338
356 650
43 615
160 347
389 853
101 636
301 535
55 765
225 375
204 709
96 695
371 712
48 551
39 3
285 366
92 842
280 82
64 416
332 246
46 402
260 873
283 983
232 474
289 640
247 964
90 442
129 882
185 975
181 880
156 216
127 34
267 467
82 762
106 79
4 803
75 457
150 596
3 573
416 783
310 155
92 757
99 865
26 289
221 234
105 294
170 230
17 204
320 777
389 774
277 457
78 446
47 353
81 74
329 204
187 450
136 584
15 375
406 880
149 883
55 899
13 37
182 315
298 408
420 174
294 911
247 816
364 315
76 219
280 266
56 562
189 67
266 316
230 612
270 158
173 635
285 525
423 326
266 19
340 205
290 130
304 13
256 764
366 504
137 427
205 829
127 977
261 362
302 724
93 739
352 48
54 84
90 63
351 8
189 408
406 832
20 672
413 872
39 799
425 168
47 138
397 556
312 263
324 575
224 433
360 549
244 17
7 768
79 454
262 245
266 976
35 379
43 485
337 900
179 988
161 112
22 765
150 668
117 784
287 334
24 151
203 582
283 751
224 960
16 398
3 448
281 862
137 866
35 434
83 713
135 197
134 620
264 726
151 192
186 646
233 189
266 416
141 733
195 939
151 262
98 259
333 137
177 603
372 873
201 263
13 798
386 460
16 132
32 533
296 460
330 664
59 685
280 736
325 241
309 146
336 828
31 89
274 968
278 80
267 621
76 414
406 227
374 475
105 211
80 378
155 323
422 558
50 803
420 739
280 399
357 697
221 57
273 554
407 327
375 272
25 504
334 140
406 930
102 203
181 845
138 622
213 592
306 429
157 512
282 839
88 774
200 616
279 86
318 113
93 741
167 286
174 453
98 955
312 163
207 24
101 733
352 667
264 105
407 30
311 679
90 552
74 378
241 878
83 758
305 629
290 477
286 589
286 74
37 546
352 496
370 159
68 739
301 629
339 219
246 530
215 50
354 173
118 96
229 7
196 496
300 479
322 511
342 954
202 213
331 69
233 346
320 209
374 62
336 399
91 785
254 292
200 763
391 911
40 6
160 888
315 288
380 197
208 155
175 279
274 904
125 99
366 719
157 412
41 742
260 418
402 867
363 696
397 537
52 270
248 80
64 231
88 230
292 232
312 100
396 289
53 344
320 457
280 315
13 979
243 982
325 450
237 367
221 866
135 441
325 182
128 249
83 141
399 228
240 342
272 889
62 385
393 241
174 963
274 300
67 87
221 569
415 239
207 881
12 688
195 892
25 783
219 235
424 397
35 422
296 648
206 64
328 880
3 86
212 647
13 364
29 580
55 952
379 128
403 559
192 930
361 162
31 536
391 664
402 341
178 707
55 582
393 436
32 245
307 907
224 599
299 673
29 454
371 52
360 764
384 824
329 747
247 816
113 767
162 561
373 976
171 24
237 141
127 322
68 768
157 513
383 155
145 653
355 922
291 36
78 71
124 679
179 154
131 116
247 890
258 560
110 274
163 353
319 552
70 538
368 301
410 73
106 625
143 18
187 111
101 972
231 173
353 236
46 962
108 316
393 55
282 490
270 539
377 681
223 764
66 25
205 549
419 103
32 971
17 531
248 945
95 314
348 144
271 425
232 779
259 87
379 250
91 854
89 253
404 432
404 256
150 484
39 317
293 690
189 716
418 390
146 882
121 720
271 67
125 754
224 550
420 916
394 179
146 782
352 336
189 872
225 255
377 944
100 8
386 766
120 464
119 941
326 588
80 877
23 779
385 463
363 190
323 164
311 496
8 395
220 400
259 459
402 958
39 441
233 46
314 465
224 391
137 557
103 80
246 962
301 863
69 157
392 939
361 200
4 276
409 85
68 747
128 508
409 148
310 443
220 141
1 587
14 227
414 585
320 76
213 779
3 482
303 300
130 233
385 55
131 510
145 315
90 569
265 401
407 11
411 658
422 831
12 988
137 79
285 583
97 312
199 28
176 350
286 717
224 240
352 661
287 646
254 588
34 244
16 669
234 528
348 397
322 331
27 286
205 846
286 1
318 474
351 598
143 633
37 154
356 225
272 795
260 409
56 382
224 634
52 83
233 498
160 646
231 699
25 899
106 873
28 454
379 391
313 765
13 304
31 99
25 964
2 277
78 383
400 145
424 886
324 142
322 987
62 209
316 75
391 963
13 469
146 975
349 126
339 106
104 200
24 252
374 662
236 820
210 94
80 780
332 528
169 70
383 98
322 297
279 27
14 386
146 370
115 959
70 719
317 102
394 458
46 931
64 47
141 294
323 91
217 177
173 801
214 402
336 710
389 298
280 915
15 330
334 243
104 331
333 750
315 148
64 701
383 955
394 448
167 362
251 678
251 968
7 63
403 56
105 946
305 648
208 886
325 688
202 399
318 259
153 971
378 338
226 21
91 607
374 816
141 369
381 629
6 777
409 371
378 484
274 145
39 417
328 408
311 735
310 203
212 540
138 397
241 528
10 68
352 169
69 131
365 801
19 57
61 434
78 346
20 583
422 45
374 664
259 837
310 967
249 813
73 542
110 253
179 339
59 298
134 947
170 749
149 850
331 285
102 444
346 90
169 229
310 472
367 116
165 568
2 787
254 869
107 146
21 159
358 897
78 101
166 44
422 777
166 389
231 144
36 970
226 937
298 987
203 527
144 914
325 104
336 682
331 280
330 497
22 194
265 217
28 788
220 68
387 174
94 592
384 571
257 516
367 538
292 196
15 552
313 268
101 601
392 335
356 127
275 696
425 448
55 396
68 266
141 275
134 910
49 952
68 971
138 604
412 183
381 154
322 285
80 541
423 271
146 830
42 924
126 258
1 292
71 692
270 355
92 680
31 672
319 868
129 844
92 624
213 309
238 749
292 321
54 17
406 8
20 812
422 857
362 918
149 303
399 357
21 911
121 16
111 312
148 542
39 385
257 295
382 620
201 621
247 629
223 341
240 807
147 852
399 269
184 37
214 766
221 821
110 978
264 697
231 865
335 24
158 676
307 933
278 322
409 260
187 108
248 540
384 561
111 467
423 68
359 320
387 305
93 35
83 472
214 797
388 909
264 730
178 503
335 757
192 190
235 267
176 926
214 530
391 688
85 722
369 544
116 892
155 44
300 256
358 577
279 286
420 57
188 221
5 308
62 209
164 210
88 470
327 277
280 420
273 265
185 804
12 819
121 306
90 276
167 330
2 147
187 295
15 515
406 172
85 361
258 480
371 934
222 832
163 774
420 238
284 763
345 175
203 963
10 675
402 507
415 39
43 3
118 180
95 790
136 829
351 300
390 246
381 723
301 44
373 769
184 730
88 460
100 731
140 223
273 780
355 487
264 818
189 24
336 674
4 262
412 577
380 817
139 356
374 926
405 798
382 529
90 396
240 326
38 755
254 476
151 323
205 661
238 165
21 482
314 169
344 192
223 339
311 197
60 429
219 385
101 516
340 202
206 393
191 297
232 464
151 412
41 100
273 924
109 692
332 486
66 192
188 104
307 287
40 447
375 555
291 762
245 71
198 579
100 557
383 397
229 297
6 924
82 654
145 115
298 254
36 652
118 573
273 435
193 896
218 639
369 134
216 502
192 368
375 552
283 166
136 715
293 531
317 608
50 21
148 584
166 308
3 899
301 791
366 936
300 340
149 315
315 829
109 650
235 903
279 946
355 598
56 791
187 843
234 27
294 797
28 830
60 744
53 988
398 618
71 963
182 306
395 349
296 284
319 434
396 444
302 101
310 1
118 996
277 78
382 317
265 764
147 146
241 167
119 212
396 638
75 802
339 757
328 764
25 614
394 151
152 56
144 572
242 11
40 267
80 824
137 930
246 374
130 354
262 731
102 387
224 563
70 483
405 830
42 589
251 924
213 200
59 974
328 272
173 347
229 591
42 897
342 453
384 37
111 808
176 995
179 124
406 595
161 103
239 951
367 584
125 880
54 69
74 690
156 566
328 763
389 622
83 522
349 761
328 862
305 736
416 904
77 906
94 45
75 824
59 613
192 277
74 5
203 32
28 439
303 46
236 13
47 441
387 305
377 159
210 820
418 562
347 51
362 932
65 283
351 970
182 958
335 886
422 709
185 565
210 553
92 229
293 380
75 852
49 660
382 688
52 133
215 669
327 783
258 184
396 419
139 931
81 240
371 381
325 580
117 483
361 336
204 248
373 650
127 75
411 30
328 976
198 997
38 293
310 846
142 349
57 844
98 324
104 286
195 757
22 290
282 524
294 951
270 532
179 739
269 157
366 535
44 768
267 241
384 641
73 652
33 981
55 235
402 698
355 740
331 825
69 609
296 272
329 640
243 308
272 486
99 545
66 146
45 455
338 535
258 20
5 619
86 867
52 776
319 236
253 321
240 85
316 323
386 454
399 705
218 171
146 100
118 206
12 411
74 681
110 554
125 965
405 518
197 836
326 966
153 981
386 573
336 965
155 892
108 561
219 950
85 155
245 839
308 245
400 213
21 663
83 983
273 671
337 53
122 659
19 958
289 50
290 268
135 796
220 11
13 545
397 439
53 34
92 405
113 683
226 882
356 109
396 793
226 901
27 152
319 136
227 969
96 791
244 358
206 711
357 418
43 65
266 89
44 982
283 630
160 576
175 551
248 18
104 795
179 322
103 496
93 599
141 828
57 945
228 47
127 201
250 665
313 476
74 742
84 765
408 670
139 176
123 235
189 811
340 44
46 874
28 458
210 314
347 517
192 316
212 37
307 10
216 797
317 956
225 724
409 379
309 34
238 12
179 769
151 387
372 805
316 716
399 804
196 988
269 436
262 374
305 176
200 628
365 261
64 212
332 52
353 89
363 342
232 133
243 165
201 517
321 416
78 796
305 16
36 847
324 590
273 825
36 631
45 156
120 692
257 220
50 723
63 130
187 689
351 807
193 664
416 194
151 26
120 718
57 382
289 63
301 12
303 193
51 977
28 78
240 745
73 384
68 116
185 116
314 170
4 1000
68 446
191 112
84 338
28 45
245 992
60 656
395 547
189 830
112 386
185 537
422 463
106 794
154 598
92 568
339 259
108 578
195 67
166 803
290 161
425 16
97 572
279 393
165 916
161 455
311 220
404 164
204 117
20 291
327 816
150 672
220 795
146 240
262 665
362 306
36 282
205 456
134 888
391 145
67 476
172 183
80 307
352 327
119 444
59 653
272 467
200 315
211 557
125 453
223 750
22 815
86 589
136 834
135 385
233 73
146 323
122 251
69 677
337 950
2 146
318 116
119 537
276 570
13 638
66 268
277 539
286 372
40 892
72 190
226 249
35 609
50 486
197 397
338 204
31 443
78 88
424 745
303 646
72 47
218 333
320 689
256 438
37 414
321 297
313 100
82 593
41 257
250 425
19 412
420 163
43 801
399 725
285 515
422 801
9 944
57 474
47 261
236 673
348 960
409 725
90 843
330 443
40 514
19 460
400 269
95 671
102 234
70 243
262 840
399 30
143 562
67 797
125 214
346 990
393 162
132 326
113 332
49 709
108 641
286 574
128 491
212 755
233 800
190 747
335 572
140 979
161 787
163 621
83 863
123 803
118 746
245 406
180 187
149 952
351 251
336 624
126 43
135 507
171 886
62 898
359 144
42 829
80 172
355 241
130 413
291 828
15 414
390 215
397 622
32 750
208 70
156 711
242 835
329 285
170 521
379 90
19 25
381 4
256 86
6 509
282 985
228 629
422 120
169 212
372 396
20 907
121 936
18 361
83 501
57 116
250 65
415 655
34 547
400 14
303 246
150 306
128 394
5 371
33 227
145 300
384 776
61 861
164 737
47 591
401 520
392 309
118 828
134 701
282 356
79 330
11 160
210 128
183 228
266 9
224 182
27 825
84 982
210 866
152 785
117 489
262 636
177 820
236 565
329 716
122 392
336 339
108 188
126 604
253 184
287 716
417 230
373 130
266 927
361 268
62 179
100 994
121 6
146 467
315 630
73 7
271 420
308 950
200 738
185 461
