1700
228 380
297 241
30 388
343 872
352 22
271 793
212 456
313 961
5 60
217 768
342 739
277 647
23 915
29 840
309 896
350 12
122 465
83 25
392 481
136 631
237 396
237 792
407 83
276 993
270 446
146 358
329 671
409 332
233 746
373 436
95 868
301 288
97 173
90 294
362 916
225 530
359 189
303 862
388 195
281 943
35 570
218 153
208 972
349 314
276 481
13 50
150 189
177 317
215 144
245 919
120 905
389 493
103 828
158 425
283 906
66 66
309 549
192 317
263 84
425 596
297 455
303 629
257 231
215 433
209 327
32 750
3 993
85 267
334 232
29 561
62 415
232 497
141 454
237 54
19 20
209 267
261 318
394 811
160 739
410 463
283 131
299 201
179 209
86 935
389 47
15 272
133 381
400 60
324 881
297 81
314 133
275 198
412 742
204 711
158 296
179 79
284 313
65 204
16 125
393 663
160 180
275 489
324 383
146 298
130 563
10 425
23 307
115 248
351 663
267 224
199 913
21 719
251 20
361 442
271 449
87 446
396 851
258 830
371 131
269 371
361 186
408 679
36 422
347 640
309 37
112 528
425 884
130 129
264 432
157 233
409 686
57 284
238 749
236 88
250 890
15 45
3 264
423 320
220 680
184 307
221 683
7 439
216 903
225 349
153 497
227 303
334 119
218 682
264 645
321 24
247 703
218 357
261 708
86 233
93 895
112 544
107 404
352 759
191 614
267 360
341 257
394 32
252 486
260 539
179 222
186 151
133 974
279 631
42 992
410 807
69 382
42 842
166 435
188 597
207 190
189 679
163 959
254 39
54 917
26 233
126 168
2 238
192 976
345 873
47 199
185 604
108 630
288 912
211 947
424 410
35 915
73 218
411 809
263 865
180 553
108 256
298 687
116 607
336 898
384 37
32 717
48 816
155 56
322 503
124 357
373 645
184 827
129 49
327 960
419 792
169 791
251 653
17 314
367 937
97 217
45 480
293 765
74 19
384 528
301 816
132 689
319 285
388 126
412 312
3 428
92 735
215 628
420 500
199 408
137 297
130 67
350 312
405 23
152 130
342 526
196 901
422 477
203 289
337 460
392 10
264 513
363 438
71 385
337 56
241 490
193 406
168 345
246 787
417 872
203 986
37 384
174 638
212 72
173 790
63 703
236 288
401 930
97 21
358 528
413 510
240 822
422 930
299 606
206 783
109 493
332 254
313 827
386 33
298 191
36 192
154 501
58 503
243 421
118 776
187 661
390 721
360 323
56 257
15 967
136 329
145 8
218 912
265 101
344 125
355 381
366 764
154 5
159 491
202 297
122 726
3 503
180 45
333 951
76 474
398 514
254 641
304 523
350 685
225 316
73 412
147 728
136 465
405 531
142 47
142 889
369 811
371 775
352 683
71 289
87 630
404 57
100 161
200 72
217 95
305 802
223 395
275 890
414 99
372 752
26 164
54 846
415 317
291 383
419 160
196 40
204 99
403 624
265 892
256 254
395 132
186 754
220 253
316 522
129 126
333 165
343 582
99 988
404 154
10 798
59 211
249 686
233 163
384 588
84 882
119 560
61 887
27 871
315 902
222 627
203 609
51 169
174 626
192 886
339 423
409 853
250 383
67 974
180 644
139 454
158 947
245 671
309 446
307 922
400 144
208 833
54 725
418 46
345 914
228 468
69 812
246 140
369 578
338 487
319 247
348 943
409 553
275 719
335 655
391 590
119 359
70 924
382 760
59 434
378 102
388 960
321 824
83 981
342 691
376 249
230 538
373 478
197 760
360 992
388 841
188 589
112 293
132 222
127 547
141 271
190 978
246 306
87 603
32 225
384 542
251 863
360 975
374 835
256 983
213 477
392 848
130 516
422 614
130 425
89 713
382 361
168 883
249 987
56 854
92 691
411 280
399 12
106 761
1 62
403 433
245 212
423 143
279 657
377 829
405 633
177 918
319 476
255 506
119 907
344 309
296 126
247 237
154 372
393 199
374 487
125 374
335 355
307 610
133 839
16 918
421 479
350 387
151 316
266 929
126 83
284 456
113 664
379 374
62 683
174 800
117 888
117 881
64 915
194 306
32 156
72 385
322 680
2 291
54 79
243 974
288 219
94 254
350 867
213 915
229 194
231 76
336 438
168 214
333 976
347 579
234 609
69 619
229 712
336 745
35 450
23 849
111 459
151 946
302 114
255 574
104 554
193 889
244 591
129 279
178 615
226 749
222 878
376 708
348 628
278 799
131 859
155 687
111 964
409 531
228 606
139 872
319 529
6 440
399 473
425 774
203 190
302 489
175 871
282 936
257 285
261 348
54 127
56 948
395 453
158 290
92 884
282 578
373 840
287 209
311 85
425 100
235 247
277 62
123 212
250 989
396 532
56 702
202 756
105 340
369 687
50 915
78 922
294 967
129 379
85 867
259 406
162 645
247 475
209 519
47 866
145 593
11 902
241 537
126 336
4 5
281 694
304 971
396 448
179 735
171 857
179 830
78 163
30 398
59 999
102 54
188 574
216 302
151 120
313 36
195 36
201 648
378 616
150 566
184 206
180 253
23 365
351 256
84 725
377 169
399 866
290 372
167 276
221 335
122 648
191 371
361 720
385 970
93 403
386 522
343 949
1 649
27 967
237 759
175 319
357 774
141 658
294 373
331 952
44 776
389 841
292 905
42 965
241 928
133 398
289 801
94 802
111 963
49 746
107 660
126 216
62 522
235 493
93 675
399 574
323 571
35 805
213 907
390 790
300 302
148 463
126 289
249 545
42 912
205 703
206 389
354 7
234 418
282 454
333 896
400 946
31 1000
220 239
273 237
107 348
278 690
106 915
152 232
74 76
297 729
251 3
124 733
403 626
183 145
259 510
87 95
378 93
236 505
122 930
419 312
39 714
2 487
115 779
268 163
194 587
97 363
295 172
228 258
355 209
249 736
341 88
183 161
133 952
18 518
360 608
46 494
213 399
369 782
425 285
238 168
180 425
399 227
22 76
150 274
44 466
154 300
119 336
250 286
302 912
214 660
112 480
110 675
67 297
135 572
156 371
21 517
288 901
379 325
411 430
166 549
181 560
139 549
316 984
404 183
321 985
9 164
255 115
154 187
326 493
368 52
99 654
157 563
155 115
254 212
33 45
400 43
321 994
263 339
307 609
358 339
140 548
35 85
25 796
200 228
84 771
107 641
67 386
311 648
410 312
72 360
94 203
271 466
118 325
113 741
244 739
401 929
92 105
353 219
98 945
371 672
68 658
72 226
179 696
329 414
306 762
145 413
147 299
30 287
299 281
186 238
225 223
282 3
180 461
147 171
365 931
339 625
34 768
60 979
350 743
17 360
350 288
196 809
288 268
130 871
370 199
51 754
319 249
39 402
21 770
390 414
198 393
140 826
220 682
155 312
257 917
309 97
161 761
308 235
291 228
67 30
317 407
196 447
295 809
184 647
196 306
370 945
403 240
364 492
219 31
25 590
164 424
286 628
141 115
91 163
225 529
413 574
293 280
395 819
236 380
264 307
118 379
372 78
235 386
147 607
117 8
169 636
91 206
70 590
399 479
353 608
328 208
242 580
335 690
348 814
195 127
299 19
350 362
335 859
407 885
336 300
56 999
308 708
158 783
177 478
183 611
309 192
421 411
5 473
41 547
115 39
74 187
247 54
387 632
238 332
284 169
264 439
45 29
361 431
90 681
227 415
234 302
4 597
199 865
405 80
7 791
376 315
340 394
102 94
98 922
75 781
51 127
392 176
144 758
151 460
233 157
300 208
279 510
207 81
119 687
52 395
166 302
365 969
229 40
382 632
341 782
23 375
323 427
142 759
83 206
184 714
134 761
96 670
379 972
337 414
70 140
187 846
96 854
45 104
94 722
277 239
67 933
200 940
422 175
185 170
36 368
134 131
216 621
396 150
31 645
420 432
158 836
319 951
307 647
335 906
153 727
85 243
244 93
172 599
142 147
171 218
190 595
194 853
210 771
224 915
221 398
322 397
372 151
20 729
278 7
299 973
309 350
126 377
261 226
285 178
158 87
208 50
137 713
160 498
313 963
45 578
251 990
7 5
165 415
262 256
225 509
213 367
91 363
86 739
323 391
256 934
374 936
326 30
387 345
161 333
27 180
423 996
261 821
166 114
275 911
414 747
212 79
115 911
93 317
127 705
414 893
262 152
32 304
77 244
289 923
8 431
407 585
345 919
278 167
99 759
136 514
93 971
37 954
31 359
191 39
7 946
280 139
185 403
222 851
358 952
242 88
301 67
413 163
16 479
205 129
122 639
292 557
368 350
160 373
182 400
143 837
169 621
163 124
230 953
23 756
155 875
303 513
256 620
213 212
331 303
149 578
52 803
224 814
252 530
230 538
200 817
70 761
8 209
200 503
317 556
351 107
59 218
23 543
141 601
356 582
416 680
279 593
424 407
212 263
223 795
135 491
418 693
76 277
325 421
312 544
75 464
323 40
236 746
157 756
151 946
331 811
338 615
300 873
289 64
279 271
152 111
173 448
342 397
163 330
52 981
89 675
246 856
121 284
7 347
327 42
391 950
78 90
267 71
237 560
224 657
157 64
162 633
417 605
136 111
110 685
300 155
335 355
306 820
59 225
85 887
289 513
166 303
189 477
278 417
9 295
153 598
119 397
195 35
274 116
12 747
53 776
300 226
337 20
46 931
263 710
419 563
152 140
401 910
263 440
278 601
420 82
127 804
134 962
348 503
157 267
305 103
192 648
301 576
261 496
122 987
238 548
62 380
178 686
303 577
240 131
36 816
219 328
302 363
390 792
43 566
10 725
185 785
90 45
133 534
213 441
402 395
29 386
421 439
185 125
170 687
44 957
73 106
267 41
101 945
306 409
412 868
135 367
424 70
107 856
42 258
307 591
81 512
141 932
130 521
77 577
67 9
307 350
298 492
342 872
38 169
292 905
141 615
417 572
76 807
56 597
75 245
322 358
396 125
167 938
65 359
328 336
133 427
259 285
425 481
206 721
99 711
350 92
130 888
412 761
294 355
290 869
211 454
291 105
332 424
83 563
193 748
402 289
311 854
378 738
135 334
384 903
402 738
19 999
371 683
362 888
14 137
163 490
183 45
41 215
71 242
269 169
137 439
48 442
57 441
349 554
6 51
170 430
329 271
194 194
354 745
101 246
164 291
60 615
72 502
235 331
285 152
56 715
105 843
390 501
295 92
147 376
139 117
146 366
171 497
67 710
44 501
279 546
331 687
336 93
333 433
294 713
37 254
176 343
56 38
116 345
321 27
167 217
324 406
16 688
116 823
395 303
333 360
138 952
126 911
189 301
404 842
422 879
34 779
208 872
297 410
307 218
155 648
98 906
63 996
254 392
81 973
231 639
88 700
231 243
267 477
157 353
422 216
153 874
344 124
48 360
419 86
103 978
20 726
18 904
213 751
384 493
151 928
283 457
266 40
270 622
167 833
6 118
344 330
40 371
87 482
16 382
221 924
90 49
377 434
135 832
393 118
111 758
296 780
11 155
70 986
107 62
374 559
395 174
286 955
388 422
386 754
244 617
155 702
147 323
291 250
418 408
5 6
134 181
147 227
355 793
11 975
304 559
69 570
186 81
381 256
103 860
85 979
73 735
152 182
369 745
120 370
417 366
407 244
346 335
42 854
37 366
223 346
304 889
254 369
153 369
334 914
102 802
225 371
348 611
11 983
379 388
62 919
319 416
141 658
398 791
47 549
81 838
49 341
350 679
81 165
40 937
413 814
117 809
378 332
98 173
410 348
15 288
220 892
28 532
255 529
149 777
329 140
386 140
77 617
351 840
88 859
121 877
253 953
391 395
176 289
104 758
376 283
175 325
184 206
303 208
90 67
360 33
232 281
134 63
238 42
14 101
373 414
311 392
130 588
360 110
214 415
206 341
278 459
308 720
337 279
324 104
337 909
111 351
47 466
112 874
67 61
420 5
205 309
248 895
259 301
322 498
58 340
371 85
99 935
130 815
331 784
357 87
260 63
141 737
154 265
62 111
24 327
405 890
343 672
411 83
258 520
42 896
290 441
68 111
52 424
372 124
262 837
319 655
217 365
322 610
362 964
4 636
263 87
19 854
171 898
32 299
144 931
183 796
302 933
243 674
367 532
188 703
254 869
186 709
143 464
271 855
236 302
222 911
103 700
128 101
37 878
83 981
90 407
404 165
173 281
23 491
362 33
96 876
101 27
176 264
333 625
398 351
414 372
354 620
352 382
74 860
141 755
53 944
192 137
336 120
47 239
389 342
86 891
138 48
100 580
111 946
43 922
209 642
21 224
392 138
111 448
124 245
408 638
106 598
52 84
203 613
423 942
203 743
352 892
130 825
418 571
102 729
63 480
333 385
152 805
164 8
62 477
182 517
243 157
384 242
149 546
325 287
187 901
32 699
357 482
101 454
59 704
16 632
5 595
327 496
411 157
415 974
66 383
291 618
147 268
208 267
277 828
364 63
314 349
340 950
199 498
203 758
230 598
299 397
58 348
89 405
54 861
335 24
341 539
373 398
37 798
6 92
60 986
27 745
216 355
211 736
401 860
41 219
239 190
55 785
161 313
206 998
189 584
189 563
374 421
303 93
198 165
170 818
43 15
380 22
327 952
222 643
400 820
155 150
360 960
227 580
196 692
341 288
336 984
246 985
397 543
288 776
168 673
401 470
104 867
233 851
364 600
152 395
99 884
150 210
11 78
286 915
79 832
173 54
86 842
327 771
137 536
214 982
102 726
181 473
161 223
53 129
353 446
197 917
160 853
35 97
230 677
382 489
172 129
206 629
309 361
292 819
299 703
121 467
228 350
231 776
135 549
252 951
40 861
91 815
95 157
14 912
92 266
314 530
44 195
203 53
12 289
200 641
376 665
328 870
285 800
49 738
18 582
329 884
343 103
71 372
413 381
327 19
49 480
243 889
198 458
363 26
377 279
33 626
311 528
108 874
161 211
4 137
265 50
165 463
12 850
400 618
370 263
100 70
56 76
30 504
50 337
125 19
375 55
146 981
136 887
411 285
364 637
11 357
215 325
397 764
388 467
139 291
368 176
229 794
380 858
311 932
325 685
59 618
307 713
276 86
317 787
139 238
145 482
283 718
212 272
212 936
45 547
418 410
121 73
402 189
103 75
420 541
4 575
287 782
202 464
174 390
288 485
165 654
120 807
44 58
15 701
228 949
237 112
91 884
185 197
5 712
327 268
18 870
157 894
390 695
248 168
8 275
301 712
312 481
394 353
188 309
423 508
164 98
166 187
94 787
57 594
338 473
225 41
71 890
385 805
171 478
396 9
269 536
171 828
349 117
406 988
113 915
254 566
40 184
146 669
67 451
225 138
37 777
412 743
136 243
248 439
277 670
9 998
164 933
137 999
314 122
421 809
275 743
180 741
105 743
77 157
361 274
159 338
422 620
416 89
271 119
89 55
16 176
54 284
237 154
149 7
35 803
110 263
290 550
178 24
262 796
408 870
149 662
371 663
79 471
334 973
145 540
100 628
109 224
377 880
352 285
249 304
56 314
409 449
201 70
316 713
301 350
57 112
244 961
48 757
80 514
166 827
46 633
162 556
234 864
372 406
78 373
66 225
279 457
306 513
277 100
177 215
240 175
33 603
390 623
345 567
290 334
40 918
25 569
243 547
293 451
111 170
