2000
242 445
277 149
132 555
304 60
315 679
250 829
424 308
359 349
7 877
94 819
247 854
144 124
410 198
47 825
32 455
154 647
335 584
136 655
473 946
90 37
312 977
295 157
491 101
177 593
375 750
393 494
143 750
238 822
382 377
94 2
238 501
353 20
457 829
59 787
195 944
358 582
339 844
26 516
474 772
321 95
88 9
458 219
238 582
359 248
407 36
200 146
191 556
68 203
233 760
3 231
336 21
249 890
67 603
105 292
3 877
184 189
366 982
109 660
213 639
104 406
299 929
132 584
470 318
221 689
163 748
457 659
4 736
2 145
480 761
2 952
228 936
207 728
108 966
27 605
332 42
232 868
90 849
200 950
446 639
280 171
235 855
437 677
334 115
154 38
386 533
13 342
108 660
392 464
6 173
128 541
442 547
94 491
34 926
53 803
234 888
282 55
396 494
447 813
216 310
491 316
65 630
224 110
357 784
340 116
296 582
488 20
363 65
43 488
271 537
138 335
25 264
358 739
229 178
263 426
362 687
145 896
141 876
30 928
210 472
146 533
381 407
472 412
367 328
97 137
419 19
194 825
19 26
392 615
32 548
61 538
225 9
59 596
73 399
149 545
432 463
372 830
308 509
386 443
200 712
63 912
256 702
312 69
262 644
129 527
203 566
15 627
326 791
241 959
88 509
211 330
112 882
101 474
428 261
7 764
238 168
152 28
43 867
101 439
18 572
255 274
103 135
245 777
488 787
142 789
316 233
284 827
138 877
336 68
121 858
180 752
5 779
197 375
499 591
442 859
119 293
176 651
156 537
316 139
93 821
194 206
124 764
227 968
376 305
391 482
116 747
244 951
273 157
469 351
184 447
221 960
239 956
179 105
382 633
156 75
38 614
209 705
465 2
86 158
180 281
186 326
413 79
256 195
336 160
242 636
82 187
23 429
438 961
458 296
491 234
54 910
156 355
219 195
365 334
492 959
87 7
214 35
66 770
275 361
432 153
325 410
497 803
177 629
5 631
196 531
493 438
216 575
257 361
114 779
451 180
381 729
412 339
186 98
425 394
241 826
252 183
248 135
189 659
85 720
341 163
349 563
458 827
327 469
40 963
158 791
214 650
12 202
437 398
51 883
464 579
484 29
137 244
209 650
425 595
52 564
458 62
68 375
460 490
166 75
178 854
136 363
105 710
167 805
444 223
464 682
49 838
416 774
393 554
411 53
343 802
459 721
83 601
222 509
336 98
49 430
145 192
215 150
430 192
14 167
152 547
116 973
195 451
89 704
430 325
16 971
132 379
467 972
474 618
154 607
252 129
471 570
107 163
6 504
289 823
364 922
350 529
223 690
396 814
85 168
102 389
351 410
422 998
220 774
367 440
326 42
314 385
13 982
434 984
283 548
396 810
394 786
375 603
342 519
280 677
377 823
468 581
240 282
72 711
426 138
357 805
117 747
239 792
264 956
191 6
295 948
163 157
142 79
346 816
126 6
186 98
241 855
491 856
420 20
10 820
244 300
109 133
445 835
327 683
341 120
217 383
480 72
50 838
264 336
46 386
51 596
29 754
208 995
163 801
373 256
125 290
170 926
420 801
407 228
88 601
367 460
138 491
162 946
445 284
224 121
237 839
393 163
464 428
24 442
398 701
147 311
354 627
201 455
208 298
91 954
308 516
42 841
242 215
240 313
144 564
27 230
484 714
264 115
298 280
420 816
387 276
225 579
29 239
451 845
194 731
71 227
110 361
226 221
26 714
182 188
408 412
33 683
248 378
98 286
413 868
16 631
141 816
398 754
409 832
169 538
403 588
460 288
97 434
397 574
253 975
28 181
65 942
249 823
86 52
127 992
200 424
177 2
448 714
366 831
466 788
373 582
37 387
17 189
147 770
223 110
431 763
29 405
315 864
325 381
432 366
483 432
92 907
404 59
246 826
33 22
292 375
75 505
451 485
179 398
149 738
225 737
236 371
236 605
289 777
269 578
462 74
245 280
125 324
377 84
108 660
197 287
423 57
299 547
128 227
264 31
14 659
394 610
374 603
373 680
44 584
483 312
396 67
257 435
308 575
270 448
464 176
142 699
17 119
200 340
122 65
305 254
128 704
200 610
182 313
414 89
355 690
499 874
156 113
47 91
229 153
479 221
264 756
59 437
460 326
31 905
42 858
435 836
74 113
237 970
131 108
168 892
216 286
425 239
35 625
490 437
393 730
132 19
75 26
92 161
468 63
384 433
158 50
87 441
276 553
250 309
445 467
40 839
129 855
168 639
227 309
479 921
331 163
58 976
30 592
263 264
168 356
118 887
387 269
445 703
443 348
419 125
26 344
51 673
248 893
218 436
285 802
470 429
135 394
303 556
262 2
482 808
401 418
191 170
178 315
464 154
280 552
430 920
91 891
55 203
126 235
46 126
437 965
121 604
157 456
317 464
197 372
40 360
221 852
263 640
349 253
18 527
5 569
67 188
486 104
451 409
264 161
229 424
34 237
101 494
310 966
42 225
429 200
263 286
41 507
180 113
242 521
376 592
274 377
156 922
494 840
390 260
351 400
216 728
297 230
103 447
327 993
455 919
366 940
127 733
395 876
135 250
40 845
195 254
495 612
392 418
332 202
249 41
402 212
252 879
441 891
292 457
131 95
381 855
68 837
244 272
361 368
62 420
58 524
321 987
477 612
98 966
279 308
365 84
26 689
370 167
3 725
165 4
376 420
270 823
55 534
270 822
125 228
79 916
57 43
414 854
151 422
381 261
379 296
263 131
495 823
492 119
83 54
289 700
255 429
443 198
360 697
369 399
213 534
301 210
496 631
31 60
102 259
432 684
80 903
378 753
369 33
220 187
200 367
310 465
148 170
455 708
106 645
30 242
267 716
228 539
157 948
483 856
43 689
154 682
414 103
128 695
493 204
430 381
234 87
209 349
271 753
169 189
336 71
354 158
500 497
91 698
180 503
443 20
110 694
256 576
336 199
369 923
350 245
230 964
22 535
474 1000
11 2
116 747
474 387
392 984
197 715
138 99
45 825
85 483
441 540
2 395
60 384
171 572
69 551
109 790
412 375
61 761
20 726
3 988
184 400
387 998
192 65
137 914
73 455
376 662
67 129
443 302
168 496
245 108
471 588
474 777
301 344
46 593
325 901
136 618
249 126
48 899
318 80
349 437
436 448
322 975
402 493
105 840
208 738
444 968
175 782
297 599
23 344
24 102
273 245
215 234
303 52
3 287
368 105
360 901
138 827
9 915
285 164
56 982
320 551
480 661
477 638
160 674
351 194
158 325
491 864
195 827
456 848
216 865
41 824
490 481
399 797
397 29
172 820
244 159
442 191
10 346
439 542
230 84
142 128
320 193
249 438
454 352
299 81
137 222
100 602
84 719
217 272
19 381
384 40
87 850
273 968
409 476
269 420
297 623
45 284
132 682
161 725
353 183
48 540
395 797
415 947
309 937
96 859
92 402
301 440
278 866
349 421
435 449
441 918
112 603
460 673
461 182
290 99
202 508
291 25
148 300
47 865
60 517
430 486
302 690
247 364
421 125
251 125
244 792
329 540
254 780
500 962
306 988
104 699
430 367
62 202
436 687
178 669
361 728
208 836
187 914
98 222
447 15
160 963
216 229
103 320
443 513
402 802
273 965
313 552
228 870
365 560
477 316
135 934
470 455
114 152
295 33
251 973
212 701
373 420
138 22
205 963
459 551
68 973
63 422
494 571
178 675
67 334
193 929
231 508
447 473
336 744
348 593
6 662
481 110
368 904
159 900
387 617
323 780
199 220
122 321
232 125
40 367
2 859
395 641
118 30
151 6
473 643
100 91
187 676
281 143
135 749
23 229
340 894
471 387
48 784
125 363
337 755
182 858
257 695
324 262
161 217
15 810
98 561
322 613
315 220
487 587
98 789
500 984
300 334
233 732
51 768
314 77
186 649
65 631
156 85
352 794
188 41
197 599
392 7
354 114
84 305
300 567
361 46
230 522
458 799
415 93
463 659
351 802
71 227
242 762
334 284
209 551
211 334
306 832
335 790
290 794
307 408
326 74
334 151
316 585
373 385
384 804
171 166
412 934
113 442
397 46
302 442
73 107
163 846
293 687
279 285
252 207
147 490
190 878
40 981
386 58
253 483
159 574
499 274
72 795
322 490
57 370
178 385
498 741
410 746
191 859
191 981
185 325
337 626
392 211
251 736
257 595
490 314
276 930
139 493
330 254
385 104
131 706
192 462
372 857
167 897
82 726
348 130
397 424
271 318
297 832
334 194
79 60
162 226
77 764
45 196
36 52
7 198
389 249
233 42
325 108
450 860
454 913
426 183
44 144
450 168
108 596
327 323
133 454
390 596
246 747
149 670
203 370
398 1
351 669
232 876
451 876
128 804
263 203
376 278
319 752
41 28
384 70
120 980
440 524
178 529
159 211
361 178
425 697
391 303
446 416
401 197
407 425
317 542
362 603
173 767
450 802
60 870
41 256
98 923
310 16
93 902
200 554
36 958
384 626
187 395
259 496
392 7
270 685
393 608
13 970
275 483
403 409
467 576
110 913
142 268
141 85
447 615
385 806
358 773
457 886
51 477
478 212
248 650
257 889
127 356
389 940
340 646
86 737
409 47
404 177
427 14
445 974
406 807
170 366
236 669
493 58
358 943
248 181
166 648
84 72
211 279
442 720
487 386
121 56
319 773
246 698
358 297
375 363
266 297
453 427
419 428
140 324
74 901
391 691
335 249
223 650
170 474
411 973
307 466
463 179
350 36
346 833
426 847
343 333
450 430
76 470
208 268
322 975
227 35
17 469
369 433
115 816
192 582
36 460
28 159
88 545
441 664
376 781
193 490
365 845
409 590
378 500
121 577
61 687
334 143
333 734
343 567
267 504
174 513
94 285
77 975
182 258
91 505
280 909
299 586
158 84
152 658
227 391
423 888
171 926
127 326
298 89
359 772
279 950
285 855
42 478
453 394
277 842
286 287
198 400
206 572
475 761
178 119
233 653
102 965
335 447
238 655
222 805
379 913
411 58
105 255
321 720
422 806
369 772
416 3
300 173
378 71
175 657
403 296
255 970
465 123
128 739
99 182
351 29
249 629
19 720
487 85
281 271
153 755
127 908
271 18
317 247
366 361
152 693
297 545
60 273
338 23
211 203
203 962
249 696
316 922
311 771
385 82
300 899
104 167
399 444
428 1000
48 288
20 586
341 143
248 771
390 147
89 908
38 676
334 822
152 340
143 757
176 180
479 732
392 6
205 373
171 543
428 870
441 999
157 997
83 588
429 498
268 479
338 682
229 933
130 894
55 722
483 812
226 809
481 546
129 807
138 465
189 287
386 99
232 15
229 194
334 301
169 280
224 921
7 92
360 706
462 947
171 507
376 32
391 872
309 565
386 305
243 454
46 608
390 186
114 931
385 886
147 864
33 82
263 676
463 467
353 292
403 415
428 251
250 828
179 746
403 53
285 842
32 397
132 365
301 969
309 429
314 871
168 400
368 303
131 243
335 384
44 821
144 339
352 289
233 209
330 539
489 655
186 825
148 563
38 698
322 130
343 597
375 166
401 579
255 13
174 183
362 966
486 247
133 484
498 340
383 351
233 679
82 813
64 749
493 698
206 285
132 749
7 203
395 725
426 37
13 441
114 139
196 83
342 237
109 254
128 859
495 479
321 586
468 64
411 782
316 169
318 520
274 443
401 435
186 56
484 85
367 934
45 39
222 81
135 510
326 619
259 509
463 268
176 801
325 667
157 351
257 198
213 512
220 575
161 242
202 835
112 114
176 862
373 463
316 136
237 712
471 54
56 251
152 936
91 576
393 460
484 188
361 243
7 749
249 140
94 178
135 311
484 481
281 145
85 798
58 419
57 377
111 908
96 735
52 68
397 670
373 366
166 651
164 790
203 132
61 989
93 307
394 843
182 170
107 377
217 176
194 773
391 854
133 103
313 189
143 971
87 536
426 963
342 275
249 382
143 386
114 521
459 260
357 392
29 115
246 421
411 906
77 645
159 403
286 911
9 17
330 721
265 947
102 790
441 773
171 207
235 487
5 619
443 699
499 83
204 679
128 203
124 29
187 955
429 896
210 85
449 425
405 888
151 170
233 986
245 423
162 515
140 518
497 888
486 595
376 88
27 647
362 659
108 107
179 454
230 475
396 254
107 817
58 529
306 458
415 795
103 232
490 171
108 192
272 1000
267 767
397 380
312 563
1 320
163 48
286 23
443 1000
470 243
377 938
485 445
355 598
458 909
77 961
299 344
392 382
259 213
24 846
127 95
31 810
171 861
88 336
458 308
325 538
323 746
368 425
215 601
415 264
3 327
182 5
35 367
39 188
218 375
103 601
180 773
161 468
196 317
103 622
415 60
274 954
341 742
32 662
113 650
244 363
90 833
93 435
258 647
101 952
44 664
264 875
398 692
179 41
439 237
307 360
156 607
343 983
31 933
14 962
384 162
319 612
294 429
201 237
179 684
46 713
191 968
107 152
316 714
385 79
161 51
240 836
301 549
299 521
29 96
241 636
360 938
351 24
346 218
36 257
238 381
222 77
399 861
61 637
428 388
341 590
310 973
340 828
412 198
327 276
364 673
149 827
396 322
275 424
292 274
206 821
173 456
291 613
39 332
426 67
279 376
244 944
140 142
76 551
115 324
469 47
245 386
470 162
1 608
162 64
448 963
370 638
446 937
334 227
110 974
255 431
266 86
68 791
243 248
76 147
78 340
195 261
215 63
245 777
50 575
462 634
318 801
92 858
111 757
371 322
349 938
11 553
41 33
336 143
39 83
8 32
104 499
85 587
408 75
449 993
210 230
374 688
427 862
375 569
240 67
137 511
462 732
58 24
473 853
290 965
493 980
337 714
410 157
362 576
357 181
444 467
453 837
375 182
390 870
156 274
203 672
404 695
189 576
208 890
451 964
124 56
154 798
428 467
109 979
4 771
461 937
212 912
297 765
348 918
488 497
58 321
188 133
263 66
280 288
409 57
424 53
379 243
175 167
293 969
248 46
336 22
411 519
425 850
144 866
323 323
167 414
201 581
212 109
125 709
95 814
119 752
223 177
59 723
397 146
355 371
371 384
82 364
233 245
41 94
492 16
248 906
222 12
68 976
249 94
494 407
245 275
412 7
179 375
15 507
182 325
364 853
212 815
146 557
440 508
402 507
313 212
314 507
289 848
152 304
471 247
223 410
331 565
156 959
113 525
125 321
494 196
85 145
149 621
73 970
117 212
221 136
423 528
171 865
255 666
229 762
114 725
104 909
497 488
445 560
248 494
450 419
242 905
365 354
87 327
141 498
197 364
418 437
25 956
486 370
164 647
303 245
209 101
386 72
204 849
122 856
111 189
24 461
7 94
274 867
289 282
73 463
380 605
380 191
410 187
397 465
167 729
300 506
180 465
492 989
373 295
200 903
429 654
336 873
181 654
17 816
422 411
497 162
359 237
245 684
316 191
430 694
23 961
294 814
333 708
498 973
421 711
265 545
192 62
405 280
147 155
42 390
242 263
141 464
127 756
125 540
85 356
131 393
463 335
454 379
446 387
419 990
89 138
452 914
182 443
302 318
442 28
203 66
249 907
496 8
4 703
1 120
343 150
246 323
276 686
324 603
257 955
190 926
66 45
496 592
133 549
150 623
184 154
435 222
189 612
305 536
370 826
424 565
110 618
269 405
8 717
346 955
113 148
500 44
51 532
116 773
166 801
456 316
55 891
345 808
154 288
149 561
327 729
390 797
459 59
480 213
51 155
41 632
24 17
130 751
306 913
224 145
350 872
477 502
153 182
87 976
173 287
476 957
279 264
370 955
218 151
414 38
462 818
232 844
72 1
80 584
22 911
119 334
230 746
99 343
348 660
2 390
206 985
116 857
357 87
423 229
401 911
137 127
268 299
95 11
202 901
47 465
396 957
460 379
181 409
244 294
470 717
273 265
88 350
85 521
109 504
345 693
351 986
271 762
155 767
279 317
471 329
403 654
140 543
210 534
259 225
192 703
408 947
15 529
385 901
73 471
435 521
254 561
216 567
343 21
168 738
45 778
201 260
425 655
448 119
45 617
288 686
303 578
132 19
385 309
364 732
312 592
155 946
479 85
374 868
301 958
142 735
395 834
282 904
408 30
339 319
492 44
369 913
60 775
103 727
59 757
199 546
418 479
348 353
299 814
89 942
268 984
476 980
425 992
44 468
205 565
493 202
11 338
340 261
413 774
242 257
205 378
155 544
158 506
74 792
27 730
194 999
89 248
299 158
136 638
337 375
201 436
120 749
52 92
136 824
56 260
400 806
340 848
474 618
496 166
306 425
157 242
58 562
359 412
395 222
194 218
209 524
1 769
476 451
272 486
488 815
81 897
308 156
118 345
473 868
497 792
17 399
275 548
151 513
405 90
203 271
265 995
58 776
171 536
86 958
450 602
480 299
284 392
59 28
255 103
90 661
490 773
235 605
292 713
143 551
194 181
491 82
405 513
230 633
387 612
332 391
363 265
322 529
433 41
50 633
1 820
189 502
213 954
148 820
235 919
201 959
130 132
329 601
56 656
337 619
360 467
367 141
249 133
150 985
212 642
389 883
373 668
156 302
119 31
500 316
96 832
345 913
205 386
235 564
329 476
84 708
11 826
373 567
165 816
106 59
284 883
334 297
309 686
325 446
463 812
138 278
417 802
405 105
312 323
293 889
124 149
332 730
118 44
50 656
136 16
470 770
413 343
48 804
496 415
112 765
74 984
12 271
276 940
455 246
309 542
384 806
473 356
491 731
163 180
226 850
108 286
496 851
324 998
308 139
271 393
256 465
184 950
337 682
206 399
34 520
407 949
59 11
175 242
459 433
434 587
408 673
113 556
148 770
167 115
199 17
256 443
276 591
370 777
77 972
360 38
324 411
40 414
139 684
46 98
422 853
476 927
175 383
50 867
70 164
414 872
335 935
351 729
461 978
260 789
191 881
364 15
421 98
465 250
34 906
123 885
52 51
223 340
