1100
53 869
92 493
88 70
151 25
29 753
95 606
175 500
100 811
252 290
140 268
201 679
196 99
81 773
248 390
256 495
28 596
257 128
239 292
139 605
205 194
26 820
270 475
139 18
164 248
237 214
184 459
162 114
109 674
135 753
136 109
28 169
168 118
35 316
108 797
64 973
16 926
7 905
60 262
179 531
93 818
135 235
65 403
206 617
217 371
16 79
4 774
130 897
201 65
257 220
266 887
146 600
246 628
16 349
229 30
109 2
32 189
237 406
257 585
73 186
274 547
1 107
60 641
17 578
8 890
41 22
174 468
251 923
11 304
258 619
214 296
221 90
239 993
112 900
116 226
275 808
119 18
104 807
64 16
143 927
55 763
227 761
159 898
267 117
31 540
6 390
46 174
254 376
101 251
192 485
238 522
252 568
95 406
244 224
46 604
167 474
154 729
91 781
96 489
266 925
201 743
78 223
267 592
195 687
261 496
67 752
75 620
270 47
143 487
88 495
171 22
78 471
84 567
220 30
262 667
260 4
53 652
64 501
189 386
110 954
50 804
84 94
259 18
226 84
183 439
176 729
233 629
119 646
138 428
46 117
274 971
121 120
45 498
168 641
87 537
104 304
136 516
74 844
273 142
267 246
168 625
31 333
175 580
253 937
264 753
217 746
242 756
273 953
243 300
256 292
64 408
94 353
247 242
202 458
256 361
178 565
75 247
165 963
146 895
70 462
52 491
133 452
116 419
17 74
48 525
135 102
184 972
167 661
91 115
61 405
164 699
163 688
207 57
157 17
224 15
175 884
235 268
28 415
189 395
78 121
223 706
228 137
126 585
63 834
114 229
255 570
16 607
22 915
3 506
178 477
159 492
160 912
128 945
27 753
62 266
120 805
42 783
93 838
249 185
258 189
252 162
98 782
154 650
146 307
204 813
189 346
260 401
100 780
118 51
26 226
46 465
192 921
233 598
157 589
72 24
161 915
215 219
158 173
248 638
58 28
108 147
8 474
206 345
206 282
4 671
104 814
251 743
203 130
165 218
55 271
123 803
258 841
230 211
11 112
219 878
27 374
22 787
134 738
174 500
155 166
138 576
88 841
10 501
7 695
176 571
261 284
130 359
184 787
151 533
133 958
34 326
163 399
229 684
109 443
234 266
90 584
13 912
230 377
19 76
114 767
198 590
51 459
77 770
167 499
135 754
253 799
150 583
2 332
15 381
237 923
196 800
11 929
219 406
106 970
84 420
12 403
273 704
58 527
149 793
242 576
96 259
125 14
220 722
71 126
157 925
187 735
241 911
213 718
102 127
238 63
5 763
111 311
240 283
125 266
49 438
106 299
273 1000
264 68
237 81
82 559
63 730
93 362
149 26
33 834
62 288
200 117
146 448
41 227
251 340
182 410
199 498
146 875
196 270
215 238
36 950
201 980
32 912
81 617
207 544
16 98
225 868
145 852
97 887
211 381
178 916
73 684
275 794
4 1000
172 383
127 944
88 761
233 745
198 83
247 829
236 827
32 33
70 51
245 310
217 226
60 796
133 450
195 243
68 226
235 812
169 208
45 786
198 966
161 332
174 837
204 107
159 336
24 224
222 566
145 573
35 785
78 293
201 806
154 539
67 939
109 60
208 1000
156 630
109 256
78 840
45 757
76 896
258 877
16 174
143 954
16 817
258 429
83 871
252 90
84 502
133 723
261 339
248 53
255 715
268 895
44 802
9 465
210 456
269 178
270 260
141 370
209 192
203 955
154 379
121 616
38 564
230 242
137 948
15 933
210 796
269 980
261 827
50 436
49 545
117 311
178 764
30 805
50 658
170 514
86 334
266 906
3 790
37 910
158 631
226 95
148 347
222 234
62 507
63 593
194 667
189 280
247 22
204 877
273 628
118 416
172 954
45 251
189 829
5 661
180 503
243 160
156 985
79 672
103 168
37 288
82 809
34 355
262 426
147 930
99 600
51 395
40 138
130 523
257 789
259 904
146 716
207 738
143 906
42 318
174 364
199 358
226 717
91 614
118 769
35 100
193 210
147 256
228 98
32 726
214 320
60 578
208 365
11 955
162 611
11 679
197 855
110 731
238 980
185 737
48 66
193 437
126 693
80 581
246 183
40 608
43 250
173 316
235 442
44 53
204 481
177 76
36 108
156 786
144 202
214 363
43 217
231 96
89 946
160 88
275 732
44 267
233 396
52 322
135 367
38 340
47 125
274 710
97 342
113 162
13 994
127 465
90 266
100 22
28 402
23 858
144 834
108 488
254 760
116 622
192 244
246 208
51 892
103 649
93 274
115 494
93 830
158 198
254 415
188 834
237 198
192 303
186 157
269 9
226 895
130 277
87 690
49 14
127 826
102 578
92 895
245 976
114 880
128 154
250 715
52 693
17 350
113 608
51 633
245 862
33 774
180 2
119 241
202 308
211 906
158 414
234 584
161 858
63 618
166 376
263 361
120 462
121 370
120 12
150 924
157 307
155 891
223 729
177 188
40 98
244 973
245 845
79 389
90 323
210 6
233 943
120 371
274 275
178 114
117 154
81 869
87 479
274 599
134 116
119 239
249 554
163 519
190 682
189 605
213 222
62 411
92 562
6 493
43 127
124 421
68 919
194 485
241 238
151 779
206 283
11 873
263 592
13 346
162 521
158 51
117 480
270 700
238 507
256 185
130 672
45 66
18 277
197 136
24 148
223 859
21 894
216 194
161 672
101 684
244 205
188 547
226 506
49 521
142 962
5 67
142 207
6 749
15 45
140 854
133 951
63 633
182 481
78 998
239 130
262 751
102 644
114 774
137 891
12 940
94 772
56 275
171 166
234 462
16 677
84 529
59 226
267 637
11 273
86 726
139 795
183 524
171 771
253 84
29 788
226 377
184 283
9 865
137 922
215 52
232 597
202 733
80 245
216 396
256 105
41 658
88 604
264 493
32 974
1 774
41 322
265 74
22 700
65 484
259 734
262 592
202 53
76 187
159 459
31 664
53 471
78 182
162 626
231 338
11 149
152 598
139 893
199 174
152 504
22 347
109 564
199 352
195 983
24 823
166 685
76 239
186 95
252 675
157 434
111 536
135 762
4 660
212 102
245 741
167 234
17 608
124 766
199 132
24 372
197 211
130 549
270 881
251 560
3 296
171 60
77 822
45 749
74 300
89 441
250 869
100 972
66 253
172 332
41 558
11 238
13 264
61 693
214 727
110 864
219 698
1 151
223 776
247 369
132 37
122 235
211 546
140 71
131 213
224 87
76 36
145 571
190 446
125 126
133 130
120 346
181 777
70 310
10 974
44 146
129 566
130 308
177 634
86 62
214 564
40 123
109 599
89 325
63 80
217 697
254 132
97 150
67 119
18 636
99 604
229 30
122 97
106 845
197 167
55 579
135 922
254 106
178 224
220 570
70 326
77 604
254 587
100 315
159 498
45 896
82 875
27 527
129 230
74 93
259 355
120 71
252 477
156 493
23 117
270 864
245 250
22 920
57 841
104 600
218 775
80 712
54 607
205 559
60 478
157 943
260 560
25 629
70 947
184 143
138 715
116 863
242 721
19 745
16 848
61 587
181 432
273 995
73 11
108 683
102 511
245 971
205 825
211 519
151 697
194 191
12 242
259 382
18 346
38 939
14 866
164 147
260 92
160 405
170 846
140 198
168 798
119 808
19 889
7 768
259 655
106 106
145 668
238 741
180 838
202 798
141 816
154 612
193 402
162 97
36 879
174 851
105 834
194 148
232 83
120 185
115 103
214 979
260 251
193 137
252 732
51 183
140 292
207 783
228 777
213 839
31 473
180 266
12 534
210 236
103 263
107 653
135 654
249 538
59 469
34 768
81 238
130 874
164 90
204 747
17 534
17 494
113 171
20 789
133 758
44 562
109 896
119 721
218 488
193 674
203 569
128 547
266 386
25 714
184 353
101 616
272 559
50 464
58 643
271 305
237 120
62 7
23 589
186 201
167 253
166 776
241 910
94 304
202 29
26 759
221 127
46 517
58 359
175 6
234 1
77 403
100 717
273 494
188 19
246 213
211 811
102 604
71 488
206 958
251 241
17 444
179 200
15 467
16 428
229 624
138 905
148 727
236 543
110 669
16 791
17 467
101 567
9 769
134 39
36 292
4 662
17 411
134 98
140 109
51 744
222 603
92 483
196 968
109 769
229 11
129 627
10 694
100 169
222 279
29 882
89 30
127 715
202 266
210 868
133 315
13 380
273 974
103 328
173 363
62 800
23 116
40 266
30 627
142 514
54 454
175 144
89 107
14 435
100 743
109 500
76 166
266 346
136 178
234 744
59 368
185 961
197 685
7 313
161 88
198 352
225 169
117 992
126 17
209 700
119 356
74 424
51 764
99 352
65 672
76 466
202 33
202 580
245 539
124 109
55 262
40 460
109 764
169 655
62 479
17 54
50 342
56 607
21 642
11 317
84 11
21 616
154 842
256 76
248 371
88 65
127 887
225 739
63 280
178 561
36 72
141 111
170 51
150 150
63 967
187 959
4 687
199 604
191 814
211 376
230 879
165 152
20 523
5 778
205 408
219 953
236 469
150 720
267 686
80 157
109 781
242 229
64 190
51 137
28 513
67 882
112 386
158 223
151 527
156 512
275 39
211 265
206 154
275 16
62 244
264 734
186 232
91 180
232 290
139 333
258 422
192 439
126 286
117 195
87 217
74 119
268 223
76 910
151 190
1 76
21 759
159 928
132 465
22 584
273 76
204 738
44 589
6 369
46 66
11 271
241 77
199 247
66 85
188 340
185 149
3 305
42 691
223 536
177 59
208 154
61 425
258 498
161 725
1 129
123 219
244 768
197 190
70 189
180 284
5 729
120 399
22 18
221 53
183 970
160 507
170 645
130 284
92 616
115 840
180 385
34 823
43 424
93 952
262 573
240 295
26 524
132 530
135 697
92 769
81 309
271 162
76 257
239 854
205 353
86 322
176 378
91 232
