1100
55 576
159 561
210 977
203 760
117 990
226 694
136 468
139 405
176 584
257 416
191 803
67 542
67 14
207 799
144 910
26 842
33 481
227 548
73 708
201 71
113 652
231 96
211 692
94 246
99 193
253 200
90 95
51 642
144 536
207 538
118 369
213 438
223 555
164 332
231 867
9 344
150 440
48 268
169 461
61 674
274 753
97 288
239 38
147 951
84 61
105 755
129 816
26 472
208 708
53 113
116 689
259 469
56 25
78 508
94 359
60 435
106 788
36 120
41 101
177 94
44 866
14 882
205 705
212 813
64 292
260 736
32 32
132 442
133 432
42 135
101 190
223 847
129 896
196 808
128 354
253 592
59 646
266 558
74 773
130 282
161 967
273 764
206 670
55 319
204 969
168 837
127 133
100 794
12 206
116 104
19 597
153 435
142 478
12 718
254 22
98 241
215 80
255 73
134 604
243 449
168 115
244 489
24 480
41 845
233 881
9 173
274 647
254 648
159 793
73 306
128 155
231 375
75 910
13 930
116 202
86 818
31 164
31 133
70 887
222 724
96 273
120 14
253 616
127 43
109 904
83 48
24 880
112 894
71 937
18 85
99 470
184 597
76 549
15 839
108 758
22 603
171 603
90 261
243 346
121 661
42 973
56 631
211 506
135 534
122 411
90 636
160 120
13 651
259 403
183 545
168 774
267 250
1 178
236 236
174 379
169 714
251 633
268 419
24 57
52 705
36 312
34 651
30 947
142 703
210 720
117 401
123 482
8 501
222 75
269 275
270 454
35 188
245 142
263 635
19 54
165 402
109 303
2 870
129 957
11 765
125 962
58 712
41 255
41 464
256 497
11 151
211 526
32 438
88 648
154 827
188 248
68 9
211 449
112 478
260 118
197 622
272 79
182 410
98 366
86 419
139 530
89 769
162 455
214 805
138 978
24 463
192 140
269 748
126 460
63 705
274 926
21 361
87 45
156 845
82 108
61 642
25 248
102 687
267 198
28 67
130 836
83 915
60 91
210 915
185 54
90 823
92 764
241 979
120 467
142 88
177 817
112 845
250 838
261 220
9 396
115 948
121 87
181 403
43 718
197 598
66 816
163 990
93 841
221 661
254 311
216 274
6 457
112 549
230 30
200 853
265 618
103 468
62 220
73 201
197 270
119 580
198 869
239 176
53 856
62 780
31 333
262 305
226 540
45 256
61 925
186 664
175 109
161 443
201 678
258 98
52 827
114 573
139 576
63 206
212 485
182 547
11 277
18 467
9 711
80 80
20 337
249 582
56 41
219 372
40 670
218 733
188 820
164 672
162 857
118 50
161 827
162 354
114 5
210 344
259 170
92 588
22 575
29 31
106 600
264 998
18 681
178 675
266 609
221 943
131 97
13 394
229 825
72 416
184 352
95 385
158 813
187 284
76 347
151 851
188 832
116 796
188 222
7 374
58 887
5 684
230 466
247 525
266 360
40 63
137 319
199 449
102 410
55 424
173 633
68 228
142 816
60 576
88 8
266 106
64 361
150 859
225 342
101 353
84 7
88 995
201 716
166 63
25 488
70 81
248 910
47 962
181 258
89 948
223 335
44 486
178 127
260 741
105 112
76 261
208 522
189 587
101 355
88 214
107 125
110 532
12 191
274 129
174 601
85 532
187 334
7 659
105 124
118 220
109 175
142 859
209 943
36 304
258 331
231 691
158 46
218 764
156 557
199 766
167 851
232 421
132 753
180 301
91 876
45 114
217 493
2 329
27 165
196 110
67 878
174 594
187 264
225 127
98 392
184 447
215 694
142 299
81 672
244 266
103 140
180 184
73 836
213 574
86 899
66 671
37 278
153 34
175 834
64 118
184 141
177 49
148 619
275 185
253 806
58 90
275 791
214 924
171 926
76 504
107 941
12 310
265 128
217 687
147 161
79 158
176 305
153 715
255 729
99 427
140 3
85 704
214 909
58 56
178 278
133 223
72 366
14 69
188 432
88 556
103 27
45 91
91 613
42 999
152 722
190 544
27 190
91 137
260 775
107 218
146 483
172 844
103 551
250 752
16 838
188 645
215 836
103 346
236 121
266 323
187 666
14 430
28 20
18 465
59 323
100 386
27 894
260 379
219 488
206 168
158 608
208 724
237 696
235 834
149 630
83 137
34 483
116 171
6 701
252 925
123 693
184 993
243 909
266 865
137 506
254 305
103 887
173 809
210 725
72 567
205 533
10 659
116 627
212 774
222 962
151 392
80 831
204 544
122 369
64 644
230 309
94 69
60 801
266 794
237 548
2 573
54 271
7 484
219 19
249 309
33 439
108 700
228 707
47 135
98 832
44 372
241 278
253 670
34 185
37 162
100 897
139 924
207 655
117 826
246 405
110 859
95 17
98 436
125 328
70 901
1 888
13 535
254 678
220 867
71 113
68 926
85 826
61 106
183 208
41 746
66 267
48 773
179 160
153 140
85 419
130 939
253 126
267 510
106 968
39 734
75 508
103 537
235 200
139 188
197 588
29 581
159 701
174 951
95 303
250 855
192 923
216 314
110 849
275 723
257 845
115 935
236 416
70 771
127 788
223 658
167 418
193 97
159 894
17 721
81 970
213 38
184 149
14 332
229 84
133 293
30 653
61 54
133 4
89 815
246 313
249 896
213 198
76 425
161 665
252 319
106 122
127 105
62 700
156 846
88 743
148 429
203 138
174 814
272 858
100 998
8 87
72 34
149 998
109 507
155 179
19 478
136 284
23 797
116 781
59 339
140 90
133 602
14 108
216 854
255 249
7 415
159 189
202 403
156 776
181 707
51 722
234 996
94 192
18 747
38 151
239 237
250 958
163 58
181 437
62 160
119 847
40 52
112 245
121 649
11 730
143 160
224 745
129 398
256 989
262 106
231 590
40 332
69 581
267 602
112 569
259 93
40 230
52 156
195 580
52 530
29 431
171 384
225 656
98 77
20 94
47 960
89 757
200 976
110 783
26 943
200 72
62 881
96 653
178 143
223 390
246 292
17 676
241 354
170 362
179 722
74 273
104 823
67 867
195 328
57 552
209 590
204 304
151 299
68 187
86 459
211 803
69 393
113 856
165 474
170 391
101 405
109 631
52 720
13 696
175 738
97 450
265 994
116 82
121 833
6 907
261 911
194 28
181 296
32 603
38 745
261 127
154 896
182 216
87 782
155 622
78 707
79 618
254 990
63 613
151 484
42 472
199 487
100 514
195 607
261 617
185 131
255 895
52 347
226 666
137 881
82 341
69 735
205 422
221 620
65 659
111 434
154 362
54 89
172 28
140 76
264 97
203 109
97 154
240 510
181 18
264 487
50 39
46 854
62 587
145 343
16 773
16 259
192 150
228 232
78 1
238 281
162 878
193 992
190 922
238 267
192 984
248 840
196 634
91 182
63 194
66 292
62 848
199 296
206 692
167 628
205 432
252 789
59 870
226 691
49 976
270 909
79 271
272 780
62 318
194 727
180 766
111 253
167 233
240 578
71 131
75 371
74 272
119 630
51 958
262 174
202 568
134 233
1 95
121 743
109 617
112 731
266 432
3 481
191 838
90 521
141 227
175 686
62 265
46 34
208 892
160 322
269 662
207 349
153 985
59 468
221 963
207 497
1 891
203 663
189 589
96 135
44 827
31 326
17 875
266 805
68 138
155 73
89 493
197 335
179 641
256 942
113 564
4 603
254 877
241 87
183 598
216 244
54 425
83 2
109 850
121 775
244 991
122 481
79 664
129 436
53 137
162 813
197 690
114 650
171 925
132 128
131 554
214 892
109 314
182 815
118 992
112 427
69 280
228 369
197 193
134 71
141 351
180 726
217 11
45 577
164 725
185 767
11 157
3 479
97 752
50 435
272 215
18 649
216 250
183 648
23 332
16 518
238 557
239 179
238 132
5 714
177 191
45 583
257 822
130 334
39 345
65 169
43 770
126 715
124 517
59 971
156 274
254 998
267 173
185 493
155 218
103 766
115 87
204 351
208 561
79 371
68 256
275 704
5 881
207 877
5 808
64 312
133 645
78 530
80 57
99 16
249 767
113 833
72 809
225 482
36 21
19 618
66 901
3 313
110 466
43 851
70 299
72 225
82 653
48 325
199 691
267 75
122 452
201 487
251 38
257 834
220 735
14 892
17 221
19 547
184 180
20 82
174 872
178 202
209 266
177 542
11 492
164 172
100 894
101 757
123 703
62 626
154 708
140 86
182 113
32 559
253 652
65 431
195 612
73 485
21 996
249 964
18 758
160 122
152 878
129 499
118 978
179 243
49 748
246 754
95 723
50 549
139 959
80 148
25 778
211 545
45 629
61 799
238 475
106 994
58 734
229 539
89 958
215 953
22 57
69 226
76 40
183 560
157 951
213 381
67 517
254 944
152 396
36 316
191 127
251 874
205 378
189 191
78 636
255 266
161 755
21 169
221 703
209 289
104 530
16 619
4 625
20 468
45 941
95 183
33 736
180 822
261 573
43 862
123 148
106 537
179 280
80 965
203 616
239 236
169 484
92 232
78 524
206 178
186 957
257 794
68 65
79 789
76 648
231 839
195 976
37 526
131 984
211 792
259 968
273 9
65 785
19 663
76 663
57 901
111 183
217 374
6 796
242 580
192 421
46 564
37 770
20 712
268 886
24 269
237 510
219 48
241 306
172 185
274 428
5 127
275 640
100 822
110 746
62 275
43 247
268 961
175 131
207 728
91 196
73 813
148 453
237 191
47 591
195 35
227 211
28 785
233 818
84 421
60 939
210 493
8 453
31 812
64 147
92 250
21 438
117 469
99 235
151 31
98 674
157 11
76 218
142 315
103 960
187 995
65 673
155 335
78 143
48 820
47 226
110 533
50 330
223 618
48 68
196 340
19 148
262 823
36 844
137 224
56 350
165 557
66 46
13 929
194 522
220 194
71 541
94 517
103 97
26 978
225 492
236 204
31 790
179 959
74 940
1 850
70 243
190 110
