1500
190 899
41 407
326 103
101 817
344 440
116 373
174 64
312 332
102 706
110 591
22 524
255 76
288 781
306 151
171 35
131 876
3 496
234 276
182 713
120 522
142 790
336 751
339 560
158 383
61 213
304 781
6 992
306 648
175 371
120 865
354 157
290 458
139 847
282 505
300 687
261 753
123 569
258 418
198 387
104 767
342 867
329 786
51 726
257 915
294 106
106 977
311 570
71 12
150 269
138 669
14 803
349 735
274 613
19 318
160 381
340 185
179 992
16 434
102 869
214 756
63 634
122 866
287 464
151 988
144 481
85 580
278 897
2 707
249 487
62 890
250 685
325 48
222 176
357 883
289 446
14 697
345 125
201 903
342 161
254 760
227 200
279 243
16 517
110 426
78 770
24 341
93 347
366 455
149 305
32 735
8 972
232 625
6 433
66 364
232 237
133 887
276 602
133 797
36 880
85 479
366 438
139 256
312 392
7 526
172 258
177 89
285 457
200 613
293 714
223 617
298 915
117 843
303 582
113 309
72 494
75 619
120 326
117 997
255 354
31 859
147 295
81 567
43 9
7 564
251 285
42 442
204 673
309 134
333 711
245 5
196 471
57 915
119 553
13 943
67 846
255 366
236 407
51 121
257 3
93 497
358 723
305 52
143 602
182 745
69 921
14 960
58 158
218 618
4 682
40 586
68 664
317 664
281 943
101 337
354 947
221 115
270 234
313 747
40 972
44 343
62 10
283 68
199 64
130 385
338 925
336 391
138 857
46 548
199 536
231 752
144 397
21 284
354 940
177 849
10 219
79 43
92 445
300 931
66 256
248 612
143 293
21 959
319 936
8 170
23 443
28 519
45 786
323 358
244 381
76 802
200 689
220 689
283 200
279 769
317 334
176 730
163 757
29 739
121 765
323 957
249 281
87 363
89 388
48 754
95 707
353 759
58 737
156 399
226 275
18 997
331 159
173 375
78 738
337 131
165 890
21 636
236 702
306 64
97 452
214 247
339 996
321 596
116 560
16 157
75 978
55 264
16 689
203 419
82 128
43 334
274 211
180 320
283 892
141 459
42 175
243 701
3 185
223 997
75 498
116 506
290 574
237 727
2 238
250 124
302 925
307 770
371 297
224 13
96 947
57 268
190 774
146 736
103 663
57 412
88 215
332 315
89 664
189 893
257 272
78 591
268 954
282 17
84 221
187 796
362 853
231 40
33 428
141 8
228 991
135 256
195 557
16 194
367 450
260 240
144 471
42 763
129 806
38 877
361 316
228 448
252 614
346 107
116 38
39 645
62 554
61 629
304 755
35 438
353 275
355 439
68 925
235 367
221 430
13 509
143 897
357 298
81 44
257 283
123 119
33 934
141 549
16 302
301 454
191 550
201 129
31 236
311 966
199 397
309 848
65 778
286 205
192 98
163 13
77 543
24 388
178 544
369 696
204 261
131 582
372 685
338 508
166 297
373 527
206 235
258 383
338 759
1 375
64 890
76 446
265 779
274 372
268 365
337 53
126 366
81 751
209 143
9 924
118 796
206 878
147 341
344 921
192 828
344 569
93 966
106 526
281 233
165 882
281 184
292 186
172 220
207 881
11 767
245 981
57 400
339 612
116 400
20 679
209 778
71 27
300 599
220 840
41 71
9 124
299 721
78 601
69 88
248 20
4 599
235 312
288 649
266 111
271 802
217 873
95 499
91 136
73 259
202 233
28 676
115 480
67 726
370 644
285 237
241 49
84 604
352 265
230 730
98 801
304 451
231 601
150 878
147 799
200 143
92 630
148 340
340 499
4 11
4 530
234 374
105 957
121 275
239 198
49 52
346 1
172 161
212 922
329 160
373 33
80 263
97 513
63 631
160 514
288 551
265 278
264 948
335 898
272 192
146 565
91 970
241 179
51 271
313 327
114 401
361 458
122 351
185 930
44 855
300 976
283 769
52 763
149 340
283 549
327 753
332 669
161 118
375 608
208 180
35 210
90 685
91 667
51 971
268 541
270 110
358 673
89 596
52 770
198 632
239 290
75 547
285 391
70 909
365 35
245 318
299 653
76 319
375 552
294 603
66 494
231 538
223 64
321 631
308 867
122 347
374 637
305 991
209 338
140 142
205 2
284 948
182 772
55 341
65 719
227 940
145 82
32 946
339 49
367 395
259 678
317 843
38 204
226 959
370 587
13 429
268 328
253 712
249 779
374 717
220 559
272 281
237 203
26 172
302 128
265 77
248 559
58 162
251 382
82 694
53 491
39 708
270 523
165 940
301 628
323 701
121 911
211 715
263 8
374 796
61 639
307 201
107 942
154 798
327 330
313 962
190 255
78 814
140 183
132 325
209 848
61 854
17 357
189 193
149 288
112 275
1 677
226 293
176 907
359 198
74 823
114 952
270 830
234 302
309 480
33 785
304 344
193 723
94 250
2 540
239 89
366 580
347 514
170 581
296 987
13 321
324 520
314 138
134 442
258 726
273 877
19 82
268 601
166 372
332 372
280 103
63 194
146 132
235 114
291 197
287 165
227 127
293 366
5 305
150 225
175 164
301 753
99 888
199 430
30 700
43 106
243 190
108 541
298 379
4 917
53 505
46 978
309 426
332 752
357 779
112 571
327 565
24 821
82 33
257 85
230 261
12 639
159 376
347 460
114 933
367 303
67 842
312 742
3 677
60 777
106 742
178 603
264 272
161 416
35 476
206 470
258 104
216 864
252 210
367 98
176 649
279 130
230 157
301 600
357 528
9 741
178 944
249 225
167 115
147 774
40 762
254 479
319 905
266 846
150 191
47 503
158 904
117 208
330 179
31 538
235 558
206 566
352 992
159 287
332 957
38 659
176 956
313 578
250 861
354 975
274 651
240 504
133 954
181 438
197 1000
89 721
25 159
316 872
189 416
13 607
351 544
78 697
279 25
164 66
205 712
67 331
264 910
216 188
127 345
164 56
365 710
193 23
211 701
35 903
185 603
260 338
44 921
255 154
137 285
204 48
7 465
270 710
129 609
110 522
236 210
54 965
262 233
182 185
302 936
107 175
328 830
258 187
51 202
120 857
288 390
251 729
281 1000
110 676
321 1
44 149
313 606
107 671
282 642
247 979
93 372
51 769
336 820
365 261
335 683
53 630
354 505
221 17
164 615
64 66
102 393
200 687
368 964
7 739
203 70
244 539
365 819
237 703
136 520
176 966
168 41
179 804
102 522
296 231
212 464
342 271
195 627
126 10
242 245
233 522
13 234
306 327
124 325
264 485
321 967
312 651
25 852
260 445
285 947
209 459
211 137
293 872
322 38
319 86
358 812
306 555
254 700
310 309
100 59
192 126
89 618
152 260
270 992
264 910
266 364
52 462
172 533
23 455
242 110
321 145
33 816
364 125
285 265
251 820
236 281
201 492
135 791
158 153
162 367
130 13
177 113
16 777
10 766
286 928
116 721
97 368
75 702
212 998
34 723
73 101
208 574
77 403
187 599
31 307
292 275
228 331
365 956
7 849
25 791
76 271
8 382
189 236
291 394
122 932
161 840
247 345
267 10
102 242
160 996
24 31
216 305
30 614
340 189
170 733
219 957
107 259
122 223
103 800
316 68
183 881
267 920
238 791
24 491
137 772
324 783
141 934
333 166
90 802
94 705
373 927
55 547
248 850
117 151
224 645
49 324
335 940
160 937
258 245
150 484
298 556
166 718
315 942
213 737
286 327
285 225
228 821
97 353
57 674
330 304
326 183
220 442
30 182
223 16
82 784
235 917
5 289
148 283
22 2
1 360
100 295
318 30
320 879
142 337
331 801
2 258
267 950
345 277
198 573
201 637
192 228
93 656
54 764
210 349
294 677
87 963
344 738
133 249
340 132
294 367
184 536
327 28
314 687
240 574
334 28
313 910
226 310
193 14
191 689
35 64
187 320
325 632
139 192
355 724
24 669
102 645
312 250
59 219
280 13
56 520
326 358
288 508
267 532
340 783
113 335
42 637
315 381
133 546
372 907
68 497
70 475
191 259
22 743
317 419
274 49
336 36
265 866
206 944
286 512
270 930
196 191
319 25
270 859
362 45
171 927
371 555
18 134
4 885
202 584
312 894
260 444
214 65
215 924
98 693
372 197
324 231
359 796
318 684
334 842
174 104
92 684
207 241
68 211
270 925
297 216
275 631
331 472
98 507
370 370
359 537
241 332
96 216
76 262
294 196
242 559
50 256
337 909
336 6
260 226
58 342
306 318
289 542
184 484
200 124
99 765
109 512
217 578
170 37
332 276
189 566
341 721
277 578
375 342
310 31
327 928
22 764
370 944
47 905
349 655
274 179
232 203
103 658
359 734
71 744
137 168
123 130
319 585
47 294
373 778
271 235
202 787
4 618
111 938
39 552
253 633
333 455
290 565
129 748
224 421
227 716
140 549
360 884
284 460
22 440
154 63
294 80
41 54
220 135
217 94
335 417
253 934
348 16
141 976
79 627
306 104
345 220
5 216
267 26
238 518
234 196
68 341
157 931
350 521
129 238
364 745
336 146
263 758
190 132
204 960
167 920
304 120
280 770
267 968
163 568
266 539
337 305
257 656
84 847
61 763
249 48
349 60
45 373
35 235
372 54
144 329
207 926
27 406
67 563
222 389
206 870
339 30
116 607
166 771
167 313
120 699
296 542
367 948
155 557
138 67
65 450
276 190
48 811
318 454
333 885
94 453
313 711
197 752
129 521
329 27
279 598
38 938
208 868
194 364
283 522
86 664
262 91
198 572
188 253
354 570
70 997
125 544
54 559
331 47
131 154
373 841
30 625
5 913
111 853
73 964
286 286
210 869
144 884
173 477
130 987
30 304
265 690
196 170
247 288
23 928
140 627
247 43
267 184
342 477
201 282
110 160
265 150
245 822
40 328
364 561
118 686
203 281
226 391
21 905
306 669
320 944
51 488
373 306
179 393
31 204
256 923
145 312
254 367
373 920
339 973
31 850
78 906
243 704
326 726
216 383
98 361
87 6
19 11
306 720
161 591
11 153
167 668
254 180
348 855
88 990
304 568
32 400
334 545
308 63
330 443
75 274
276 597
357 61
10 134
39 195
262 479
197 240
163 454
230 238
98 145
53 476
150 283
239 337
253 412
69 944
83 795
226 930
224 397
125 971
22 806
203 953
309 201
325 184
8 973
139 762
122 13
226 784
125 987
158 697
57 235
211 984
241 429
100 525
156 722
205 197
139 332
192 131
216 976
54 391
278 114
277 255
369 431
278 62
53 341
17 841
194 718
244 474
182 152
26 254
90 16
68 31
365 300
21 925
273 826
304 256
7 517
131 415
58 893
362 905
164 722
39 961
364 207
153 121
197 217
344 687
275 53
281 695
367 6
130 643
146 381
199 478
85 730
330 121
165 660
371 678
120 201
150 995
43 829
120 469
203 995
30 211
162 264
129 692
372 812
266 18
113 517
112 686
217 989
375 55
321 151
361 134
137 465
249 130
306 436
192 882
131 358
126 456
350 855
111 905
240 133
246 472
120 2
312 189
123 183
28 487
139 129
33 926
341 239
58 242
102 712
199 832
362 578
132 576
146 835
28 486
150 462
291 373
11 726
15 294
275 246
288 356
39 14
187 355
272 344
184 118
280 479
270 623
272 564
60 241
359 160
217 702
191 828
218 233
330 207
366 207
19 108
66 754
124 595
197 169
232 506
223 963
25 839
346 792
243 542
267 606
287 60
246 204
146 790
156 521
271 956
364 47
65 419
201 556
314 323
345 6
300 913
194 701
327 336
249 397
81 620
72 263
147 345
97 239
129 569
261 197
362 838
142 334
209 287
271 344
287 223
149 731
39 438
321 928
153 736
221 183
86 539
212 656
283 907
326 502
321 87
257 29
42 916
169 669
218 147
243 766
335 929
255 443
62 83
131 658
295 596
11 779
36 70
52 50
11 157
279 228
217 438
86 470
135 790
154 797
104 964
205 95
24 611
188 726
311 561
169 152
91 581
268 481
208 212
330 455
55 9
363 138
318 965
361 701
28 122
340 710
136 890
285 566
48 11
248 601
37 47
83 363
282 535
142 789
361 681
203 607
27 826
296 548
29 368
184 90
210 509
311 133
282 251
162 901
189 847
110 982
50 530
335 219
64 772
314 315
125 809
120 234
153 437
187 213
142 305
175 998
19 449
129 242
261 330
252 2
133 815
118 919
121 965
276 811
196 228
157 504
98 471
292 388
365 119
251 674
53 385
176 566
318 861
183 296
14 760
241 525
219 588
326 418
100 809
254 657
242 17
94 704
78 746
231 704
21 547
322 286
240 790
96 253
361 90
124 994
193 339
201 752
258 348
25 555
171 967
125 984
74 12
61 671
375 726
360 815
288 989
213 389
172 23
195 98
332 740
152 369
202 556
195 458
51 457
84 505
23 162
263 819
40 841
59 136
17 275
252 555
296 715
301 306
24 439
280 99
297 64
35 199
329 707
167 394
121 980
340 437
13 302
177 503
284 313
270 606
219 182
348 855
369 401
123 381
65 720
354 72
115 272
368 56
37 355
293 724
299 296
111 697
29 908
197 288
244 781
47 33
362 206
7 795
322 841
79 978
339 445
155 262
358 212
113 42
265 343
9 374
300 106
48 84
217 216
45 818
62 354
296 42
177 100
343 527
190 260
226 980
259 811
211 253
252 271
143 642
179 191
253 654
349 930
279 853
24 258
280 454
157 549
231 646
66 354
292 645
95 924
187 761
31 921
83 643
148 140
61 997
261 596
88 555
173 342
320 252
306 824
102 513
14 411
