1200
270 981
33 543
226 376
293 388
87 990
121 604
280 448
286 731
1 699
28 997
104 538
230 58
189 136
54 388
3 385
229 242
119 519
225 339
83 170
224 504
55 353
226 203
184 373
21 516
239 411
258 931
151 665
238 766
152 610
201 431
38 340
291 12
28 344
279 556
194 821
86 900
101 380
8 648
8 332
69 684
73 685
241 52
145 941
119 28
121 297
80 383
112 205
44 234
294 804
172 697
177 95
24 267
42 910
98 519
68 204
36 201
56 875
268 921
118 944
146 21
62 427
211 694
63 155
37 680
165 44
98 798
142 500
33 209
300 284
268 579
3 318
238 878
87 575
233 931
33 316
119 236
71 375
33 487
227 941
266 738
300 627
286 943
120 594
109 833
156 229
293 935
160 362
86 116
155 676
49 379
291 180
271 854
86 635
210 989
115 207
59 52
187 152
19 820
224 265
46 27
229 245
130 19
93 99
7 665
177 140
287 571
180 896
214 791
102 48
25 472
224 458
265 949
206 135
46 180
45 449
100 138
57 19
45 28
57 216
223 314
233 718
72 643
265 361
66 15
79 981
35 339
72 762
247 735
294 482
136 572
16 520
78 18
176 759
223 658
172 515
85 439
242 838
197 184
263 273
5 402
279 961
62 414
145 437
22 313
11 272
258 457
150 147
72 752
151 448
25 271
203 474
32 836
66 760
42 297
24 878
104 171
10 596
252 904
160 692
4 668
229 788
188 717
15 263
146 244
41 347
176 19
290 279
262 15
163 285
127 214
225 262
118 901
293 174
265 661
289 852
179 733
217 758
193 523
147 562
60 70
135 258
244 93
15 119
132 204
293 780
23 298
49 360
32 369
240 791
152 290
216 990
98 802
255 765
281 534
247 373
232 664
70 252
135 570
232 280
157 367
195 540
148 463
279 986
266 353
249 869
25 394
30 468
208 344
57 915
157 339
14 369
4 980
271 823
261 576
171 727
250 242
65 684
134 775
203 730
70 671
6 33
229 307
238 610
157 265
54 673
135 874
218 359
126 549
110 119
237 901
64 631
211 54
207 470
72 398
268 361
158 621
260 894
93 531
40 320
279 554
265 82
184 374
87 993
269 153
269 521
216 773
121 198
193 967
28 374
215 665
164 730
43 119
259 723
50 544
192 232
199 589
42 784
84 730
34 737
160 249
179 783
3 36
85 488
150 662
244 855
223 562
282 976
181 353
101 315
298 484
158 840
139 850
4 969
201 156
221 135
73 264
91 584
183 793
123 663
233 628
119 725
279 637
198 450
79 913
97 124
37 505
176 205
283 484
69 983
104 169
82 145
49 118
143 798
216 959
92 362
171 812
155 239
226 219
26 429
139 940
189 607
222 192
249 215
23 669
271 200
74 74
139 269
249 838
246 779
274 366
173 419
222 262
134 526
228 890
137 911
260 654
61 262
117 885
44 782
186 159
196 158
90 816
145 785
237 575
152 58
225 966
14 688
148 157
255 971
275 436
176 986
283 423
282 167
247 828
279 664
203 986
276 874
238 827
102 827
129 184
164 261
209 17
143 520
237 709
10 496
189 384
105 109
255 253
84 907
232 579
280 413
93 254
75 735
214 644
137 957
119 2
18 284
223 34
197 826
177 937
216 614
119 622
294 833
109 154
60 971
25 998
191 469
89 824
22 978
181 911
250 650
137 172
119 760
256 337
6 462
207 998
65 242
45 638
31 736
204 341
265 260
217 171
260 466
30 359
262 335
48 669
103 485
134 792
66 909
237 737
26 833
82 178
256 278
299 851
262 307
256 865
282 684
126 330
113 674
147 785
251 171
10 796
35 39
180 951
85 952
186 866
46 991
172 152
282 479
25 590
128 215
95 824
120 878
150 290
135 414
172 288
274 1000
1 322
293 818
9 13
259 273
227 338
111 166
297 784
167 179
236 642
171 75
88 401
283 324
57 382
124 259
18 9
51 783
127 668
129 932
128 562
141 241
282 70
29 29
117 523
25 274
128 984
253 929
279 711
264 842
268 48
29 107
2 636
108 363
139 654
68 589
129 653
119 682
6 647
148 994
239 72
55 231
190 965
262 238
173 686
294 792
96 195
60 768
81 579
62 851
294 855
74 838
56 56
37 397
233 242
105 817
194 361
95 83
159 120
241 165
194 429
91 322
291 629
59 36
1 347
19 689
83 594
27 54
150 228
289 699
230 151
199 638
280 981
174 827
300 869
210 912
26 695
20 451
149 945
162 609
151 416
156 784
261 222
242 416
105 959
202 542
38 828
294 709
119 633
19 414
90 347
198 682
227 210
155 613
108 113
127 45
178 42
3 970
292 166
114 653
248 633
133 417
152 106
132 85
174 916
285 375
27 730
240 74
138 259
182 320
146 539
143 171
28 886
285 806
99 373
179 27
81 456
161 79
41 567
35 592
153 758
237 813
45 349
202 883
71 231
222 844
167 620
110 151
19 191
121 52
155 331
108 235
234 329
25 51
159 195
55 784
258 797
126 406
249 31
159 547
271 867
62 549
294 903
110 81
298 240
29 18
3 231
220 589
199 630
93 895
250 22
55 884
30 187
56 990
21 802
241 275
208 189
172 58
235 527
227 667
229 667
42 552
48 144
82 445
32 361
219 785
101 965
300 588
246 163
53 547
146 15
56 468
183 350
46 386
102 525
225 583
12 927
37 463
294 562
162 145
159 351
171 479
55 832
197 346
49 242
205 320
41 24
123 244
257 40
56 958
91 75
212 282
198 534
134 253
288 334
59 298
100 626
259 784
229 124
243 694
108 316
215 288
264 465
101 446
41 913
133 887
105 403
162 412
213 929
21 429
281 875
190 700
19 430
95 456
282 253
119 493
27 989
174 661
247 976
284 196
287 236
90 289
222 650
80 594
39 201
110 456
164 571
261 220
160 716
250 56
216 693
256 765
170 919
12 21
186 472
49 543
143 34
274 974
87 741
73 666
139 279
208 421
285 143
4 868
110 531
131 243
295 658
252 666
209 805
24 443
253 232
234 345
85 243
252 367
150 206
92 561
186 431
188 955
56 659
65 104
80 829
191 487
210 876
78 599
217 584
193 494
90 716
23 450
271 378
118 33
103 340
23 688
172 346
143 644
238 732
104 410
139 759
47 884
214 920
185 989
228 123
272 918
209 732
258 340
70 402
246 390
53 32
267 142
80 636
212 835
290 485
185 598
283 510
32 389
270 206
197 585
8 398
46 721
9 736
165 173
78 935
268 151
28 662
219 987
91 588
57 98
187 143
278 803
62 549
271 141
241 932
93 39
234 170
198 808
25 577
200 181
251 257
131 408
184 719
169 770
52 228
223 463
268 942
133 516
180 638
33 4
172 13
265 627
130 32
203 766
259 253
171 240
152 895
80 99
196 889
52 760
279 768
16 384
262 80
140 235
217 251
4 52
123 190
216 11
36 666
198 14
175 225
4 794
164 834
242 212
243 596
275 507
222 999
142 280
156 941
170 582
196 693
265 152
194 960
280 571
34 417
65 140
134 581
99 992
207 931
207 254
37 79
149 771
48 672
180 650
195 326
273 513
212 500
138 249
252 698
93 865
39 738
295 586
158 367
203 211
57 994
45 468
2 258
61 263
1 462
297 490
101 100
255 762
103 196
136 630
206 449
257 266
206 368
65 325
293 847
45 87
212 26
182 290
226 703
129 732
84 10
6 571
23 553
274 84
210 204
207 122
156 460
66 457
260 120
169 832
294 746
157 898
53 813
104 191
12 711
127 557
189 52
176 759
187 100
202 135
174 151
244 972
51 300
257 267
229 273
176 799
17 21
212 372
193 745
61 869
147 856
272 260
72 955
74 658
64 783
248 40
175 29
9 139
148 827
183 866
67 566
254 572
33 440
63 939
181 123
210 931
284 587
288 399
260 108
288 328
248 33
225 959
23 33
246 271
183 200
29 963
187 9
119 374
275 946
35 398
259 140
131 108
224 915
18 577
48 465
136 854
219 295
59 733
179 694
286 840
21 108
134 663
196 316
274 200
244 731
217 714
50 720
115 534
180 910
280 539
186 669
117 477
5 426
294 502
280 108
110 182
218 249
152 419
28 881
8 478
67 613
247 472
79 217
23 824
37 718
256 325
264 523
175 946
186 295
15 545
176 48
290 689
251 542
260 735
287 285
198 181
120 227
142 848
194 586
255 769
118 974
80 504
1 821
100 370
96 376
153 358
258 70
137 820
190 820
260 112
16 633
15 43
31 464
270 205
41 721
286 655
256 429
157 662
239 230
246 660
16 18
186 942
85 678
298 981
72 9
150 714
237 901
142 29
150 742
237 247
236 114
243 48
90 263
51 285
204 387
192 595
227 810
189 458
255 769
255 743
203 912
29 772
193 76
61 612
127 591
47 715
43 468
230 98
123 997
172 74
174 412
66 248
87 522
26 455
213 854
132 510
278 726
210 11
127 685
60 89
59 242
204 920
142 682
258 434
117 227
215 567
211 779
226 212
291 976
55 18
163 264
42 932
57 145
151 483
101 166
219 601
226 575
10 837
227 425
233 880
82 31
299 780
152 545
52 465
57 175
138 581
205 509
244 683
60 474
217 280
112 806
231 237
241 194
152 924
186 714
39 178
252 532
177 974
282 342
267 625
123 981
245 605
272 364
295 610
245 738
144 629
122 401
13 935
62 887
180 641
46 661
169 202
92 308
3 510
26 999
42 548
250 639
189 737
201 847
200 2
101 554
24 537
22 29
144 642
157 71
157 199
93 906
146 989
44 93
74 668
275 810
206 664
181 706
248 766
34 673
173 571
74 409
151 29
257 895
268 555
157 243
85 277
272 170
95 178
245 349
36 251
77 454
202 461
59 929
45 873
52 718
150 934
273 650
107 685
187 588
132 547
290 780
248 238
171 96
228 190
284 142
194 627
292 328
167 881
170 43
290 232
203 228
261 839
236 122
92 945
188 520
51 721
46 977
3 436
96 737
43 825
276 1000
280 52
70 836
262 53
268 69
71 391
251 674
256 729
121 306
168 812
7 146
107 264
115 873
98 181
229 933
244 826
289 698
13 778
208 298
109 899
235 235
63 382
227 318
178 945
244 758
181 361
28 840
254 558
287 340
161 236
227 507
99 837
2 571
70 319
81 966
273 23
19 382
59 669
255 621
150 671
105 704
249 832
62 659
60 14
12 589
192 372
15 369
164 961
296 277
82 902
58 369
209 379
168 674
99 386
222 503
137 831
214 890
281 350
108 346
215 155
204 182
85 612
133 608
187 135
16 669
230 671
56 354
263 503
45 175
232 449
102 319
87 758
234 447
287 118
173 842
149 108
79 915
61 120
242 107
56 181
223 367
204 544
96 440
72 138
79 241
101 572
117 88
130 97
37 276
123 583
21 541
299 751
128 687
121 229
256 955
207 676
246 319
207 592
90 447
