2000
436 365
455 599
117 713
469 720
286 488
160 81
400 890
461 519
181 629
101 134
226 415
268 205
211 836
147 556
285 782
56 53
412 671
295 154
217 596
453 541
342 601
325 180
411 838
280 390
471 826
167 926
169 670
444 895
193 3
429 489
160 149
338 850
382 236
195 299
149 22
295 664
315 668
6 241
5 538
450 47
214 352
353 768
94 100
269 237
182 158
489 347
352 254
451 697
376 21
138 36
468 693
81 966
264 918
204 35
287 81
12 91
348 376
442 237
466 217
227 964
377 510
145 638
428 938
209 461
95 326
396 525
283 247
285 710
11 459
181 664
357 904
132 984
376 770
212 284
293 220
172 329
224 721
338 758
61 781
326 257
455 147
451 673
456 138
240 226
286 28
391 188
102 367
14 650
48 217
194 422
374 542
67 46
196 110
399 648
197 152
398 61
155 333
65 803
346 259
217 223
339 43
106 193
188 958
164 508
196 586
79 654
129 907
9 234
97 988
107 606
103 145
124 876
410 76
493 919
164 246
309 102
40 345
247 65
441 48
317 668
24 35
32 154
466 916
28 709
23 581
233 609
281 633
37 366
161 159
125 927
66 639
499 105
389 290
154 231
467 339
377 34
100 251
446 283
60 496
108 606
25 253
481 498
55 598
441 171
306 573
331 681
7 702
367 636
270 521
459 149
214 87
25 762
95 267
169 858
411 451
464 302
476 298
345 247
334 862
243 762
114 546
252 989
213 909
129 521
315 855
473 416
433 276
317 534
187 837
53 530
432 998
346 335
18 32
206 763
278 118
329 137
51 652
473 898
5 387
251 274
230 827
489 992
97 454
93 59
416 758
336 134
379 826
252 585
240 679
389 903
351 648
366 206
375 948
18 339
192 637
317 683
459 776
437 791
435 289
306 158
63 954
49 532
358 885
65 73
270 561
280 547
321 471
193 325
168 501
409 191
277 960
494 311
433 25
458 12
77 273
80 817
346 725
267 567
261 885
253 763
164 796
417 217
59 739
205 954
49 977
481 656
465 9
290 163
186 259
474 336
201 714
441 596
307 24
97 948
176 453
104 457
91 24
480 354
142 586
119 643
460 59
485 717
288 784
58 172
155 468
96 606
164 886
345 816
173 607
302 686
304 753
355 744
168 446
71 510
162 15
126 19
20 507
257 794
386 760
154 23
394 758
206 425
455 92
236 743
201 534
489 778
212 200
133 600
334 88
387 661
132 54
122 119
244 340
120 910
484 939
108 772
167 669
266 672
444 562
180 675
317 800
164 134
35 505
112 354
489 855
171 372
344 554
39 480
432 514
98 510
451 559
498 241
290 467
134 205
17 257
66 888
372 25
182 190
203 828
71 50
448 625
102 261
75 834
207 438
97 101
405 615
127 907
437 999
425 799
341 308
13 28
199 124
137 159
142 370
474 122
453 353
409 370
66 814
486 146
444 430
390 344
490 728
343 303
467 773
145 515
419 229
431 128
307 350
397 123
482 724
129 384
292 445
307 132
181 874
486 938
166 471
419 972
376 187
67 726
385 406
164 251
265 626
105 211
411 690
175 785
205 249
17 558
11 794
77 787
105 211
367 269
213 895
407 879
294 794
481 515
358 488
286 781
40 80
222 479
317 10
175 841
365 217
459 1000
315 77
422 232
50 421
203 926
289 591
262 257
169 198
441 513
272 242
72 305
183 851
204 284
244 800
402 579
368 737
16 267
262 282
44 261
49 873
14 674
487 154
447 445
38 612
384 265
189 470
365 383
284 677
471 721
262 813
13 92
257 121
48 353
290 502
247 570
360 16
5 947
154 541
340 746
372 525
290 926
423 914
330 818
281 97
226 284
397 160
118 628
428 452
446 841
77 435
344 290
219 337
109 647
52 651
498 20
78 389
275 848
395 655
347 466
82 547
487 860
13 790
128 860
283 604
342 296
190 591
84 157
430 894
378 241
172 575
397 610
44 364
363 851
129 439
82 652
293 722
493 865
132 341
441 726
455 218
315 477
195 219
330 927
459 24
299 171
137 246
41 247
325 610
368 56
358 428
31 240
356 387
42 646
10 781
307 710
190 507
243 949
188 15
156 499
133 90
333 417
328 45
278 757
99 92
244 163
146 643
363 835
485 887
326 46
147 745
208 17
268 935
354 475
263 974
259 458
247 577
493 816
441 669
422 189
487 565
208 66
180 125
393 121
153 586
77 366
468 652
282 571
470 617
302 398
333 76
306 812
18 644
290 766
323 791
254 782
452 124
158 294
478 80
214 191
81 277
309 327
232 564
204 99
19 876
277 820
347 852
282 943
195 324
313 844
430 339
409 338
349 932
333 925
236 90
165 641
128 131
336 164
150 534
61 362
302 691
232 227
103 190
391 469
52 661
456 759
218 340
179 777
273 799
267 323
496 249
348 997
120 521
260 187
66 820
228 998
333 809
308 606
108 579
172 14
287 735
465 861
210 186
63 559
168 364
102 676
329 156
277 300
322 770
78 119
328 825
235 333
55 42
87 345
209 251
451 207
235 449
144 269
39 477
284 69
423 66
247 681
414 227
350 452
429 943
264 124
45 278
153 651
420 786
287 670
455 947
477 2
335 307
160 315
60 893
203 794
299 951
264 446
461 977
33 475
384 973
103 268
91 8
387 845
323 807
33 852
261 70
129 609
101 497
435 893
267 152
320 982
343 479
45 800
431 590
130 26
116 124
402 493
78 547
488 943
216 629
257 395
67 349
334 451
113 953
243 888
464 114
4 76
19 651
296 32
297 123
49 874
56 295
456 405
187 379
428 522
251 816
204 885
277 359
306 217
281 666
22 409
392 824
339 167
169 891
135 891
440 171
202 626
324 666
27 821
146 52
283 107
137 114
223 125
16 279
454 978
335 285
100 724
100 403
182 348
151 530
490 272
165 749
265 263
478 578
354 558
70 200
215 764
139 430
191 985
217 128
500 958
83 940
68 897
272 92
57 341
392 621
146 334
364 621
3 302
196 32
227 793
238 591
27 251
430 640
7 997
11 560
78 740
170 747
301 781
218 563
188 812
378 660
227 331
10 882
161 734
424 129
494 261
499 505
195 450
152 463
365 502
263 321
146 749
137 439
24 271
344 370
29 558
352 637
273 733
470 399
276 687
264 809
219 1
434 828
68 101
372 680
349 307
134 919
175 910
412 889
326 733
64 275
435 218
384 658
354 890
199 413
310 162
67 475
59 74
69 114
341 128
467 545
428 255
491 32
3 393
351 809
431 715
172 845
182 654
119 763
302 339
186 557
65 913
28 531
4 81
338 643
470 75
482 386
304 715
343 311
238 979
361 237
33 110
7 524
22 5
210 517
341 328
331 808
487 323
33 710
337 150
351 692
213 666
194 96
419 681
114 484
470 629
243 505
81 707
85 237
379 529
56 51
196 537
432 506
21 391
285 555
481 12
69 473
69 615
308 3
457 705
191 613
241 413
280 967
486 895
483 577
31 220
76 774
472 829
131 764
156 738
15 635
500 952
25 402
292 3
485 463
248 95
269 780
188 511
274 117
492 267
253 300
350 900
49 166
274 396
129 442
71 691
330 37
392 293
387 547
207 986
382 601
266 181
159 564
473 332
253 240
91 785
435 753
344 769
104 366
370 908
11 312
460 686
81 601
46 494
246 240
391 432
474 954
14 454
113 261
474 337
100 810
175 352
111 339
368 971
283 987
385 596
489 782
492 103
62 631
213 764
195 893
242 76
255 136
282 690
220 408
462 951
48 4
500 402
139 83
14 633
302 8
101 929
28 584
318 152
54 599
217 411
320 548
193 959
29 610
372 364
139 81
290 217
212 989
108 838
257 876
93 158
99 919
465 210
74 364
309 868
236 763
99 959
436 275
373 357
21 334
421 709
350 206
181 961
312 191
70 485
407 99
78 323
153 77
460 707
148 842
89 447
208 537
328 108
354 757
17 993
190 818
287 109
378 290
332 854
285 651
489 513
401 321
303 572
452 25
279 353
123 807
10 311
107 625
36 524
438 343
244 85
84 442
274 740
478 358
213 730
18 100
405 63
33 527
7 449
382 561
68 214
461 526
8 751
12 605
167 427
412 239
161 837
12 383
115 838
98 924
392 381
77 58
54 128
21 517
305 94
66 823
168 191
77 506
340 371
220 484
495 223
73 544
239 239
170 281
384 832
148 796
28 582
210 327
460 280
329 20
280 592
330 360
142 303
358 300
216 775
340 133
210 252
283 368
200 435
222 661
115 655
289 450
125 870
445 991
261 175
302 548
344 452
109 597
201 657
346 545
331 798
354 827
45 44
137 287
17 497
307 516
224 1000
263 552
232 602
197 964
356 726
292 853
190 331
360 673
495 349
132 982
343 276
406 127
27 536
179 987
328 385
254 465
276 482
404 862
148 412
91 393
217 923
81 287
451 607
496 328
217 175
131 886
451 645
309 757
306 758
31 23
427 665
310 646
101 779
339 787
257 528
318 429
470 412
49 719
351 516
118 954
387 681
494 677
22 713
382 196
65 254
54 17
111 775
311 506
352 361
203 426
144 456
428 39
456 643
375 73
488 484
117 295
206 237
409 267
272 604
442 900
209 630
94 839
37 992
248 235
479 135
8 62
328 253
160 287
179 18
22 356
381 998
236 311
488 841
272 394
457 248
289 709
294 63
257 470
264 467
351 840
291 217
451 265
190 853
182 940
361 532
219 912
369 60
355 350
425 150
114 970
418 309
272 70
294 437
112 321
184 574
388 452
447 416
439 362
103 605
206 571
296 821
489 907
63 623
432 232
128 168
128 397
337 732
186 457
105 290
98 535
205 259
140 932
72 452
190 526
97 293
333 699
470 1
369 957
245 757
196 358
171 288
182 512
92 61
202 376
181 389
89 712
192 255
192 612
337 793
88 981
389 750
120 794
167 85
63 354
201 282
97 246
447 113
237 266
374 683
60 727
480 342
188 564
154 465
307 799
385 922
460 18
6 739
361 310
23 977
367 339
390 46
191 589
195 970
126 9
438 269
76 398
435 508
243 902
121 366
168 228
19 726
83 209
112 173
82 368
56 879
136 970
492 615
215 28
464 121
214 452
466 15
478 101
87 991
248 285
362 715
27 241
465 673
92 15
435 937
337 172
484 458
487 385
156 38
156 766
220 136
373 692
332 927
95 957
35 294
347 707
405 540
266 763
151 263
80 788
124 775
253 560
233 815
302 863
388 307
454 371
176 628
122 79
96 908
207 33
150 540
480 165
56 267
86 62
497 350
223 410
277 606
471 999
288 610
439 677
81 709
377 17
83 473
90 744
304 399
267 859
378 247
24 739
303 318
415 190
239 29
129 527
158 290
293 807
364 183
215 466
348 372
404 908
103 125
31 448
4 289
153 955
499 581
350 745
317 300
28 340
351 882
77 999
422 661
81 58
20 61
387 899
433 538
356 376
188 81
87 394
497 381
306 228
303 497
235 494
155 153
232 975
253 711
241 807
272 414
301 295
390 855
198 926
308 505
465 562
217 45
81 764
260 535
66 958
220 816
252 885
155 15
397 591
459 987
401 399
448 757
193 862
446 474
172 286
458 665
2 1000
122 437
391 696
28 993
103 823
359 861
74 502
323 468
391 528
92 484
64 833
93 479
205 50
335 329
382 662
459 396
320 491
352 282
377 565
487 925
408 843
165 326
236 897
267 776
55 657
115 525
102 250
170 696
241 879
220 51
161 756
198 40
233 999
429 323
484 930
361 12
98 329
226 338
29 296
146 957
29 665
418 179
313 166
23 436
370 676
101 714
451 312
383 739
428 737
226 123
398 603
62 814
170 36
482 347
28 217
151 684
95 929
336 711
303 426
27 186
291 156
413 762
357 211
306 920
295 600
270 28
448 132
337 466
424 666
192 525
79 596
40 121
498 269
413 736
127 216
459 116
117 587
24 474
311 195
135 846
277 92
168 648
28 58
334 443
282 234
447 946
128 430
367 405
34 478
68 496
296 528
416 166
52 642
187 205
165 145
337 2
305 182
447 982
474 885
198 479
276 18
480 985
259 676
236 369
266 160
327 182
38 837
476 310
207 515
250 166
138 44
446 278
96 760
207 398
466 365
201 895
195 864
351 878
490 700
320 249
329 763
221 734
107 45
320 463
351 943
430 830
256 265
448 855
300 889
448 389
33 963
80 795
117 47
232 939
14 230
150 83
355 187
446 472
83 185
485 21
95 426
50 794
20 703
440 328
376 45
31 76
239 181
454 556
106 867
335 346
337 439
243 189
70 510
401 41
453 230
183 1
26 261
257 553
280 364
179 920
493 583
148 152
396 949
440 333
100 8
479 528
88 517
291 164
132 591
380 932
309 786
370 887
132 550
110 516
16 77
185 602
485 354
393 945
205 124
415 754
472 504
22 448
188 933
13 598
494 596
268 632
405 742
491 866
9 234
57 430
195 948
40 481
120 541
425 782
45 203
179 534
259 970
158 248
134 352
370 473
274 361
34 785
454 676
361 658
356 692
63 214
190 33
30 406
399 545
479 957
478 422
21 281
95 20
53 517
356 810
13 350
249 412
130 718
2 912
209 903
192 154
112 715
177 210
480 856
247 638
450 275
27 389
15 229
188 662
10 166
237 274
115 987
236 428
174 703
416 113
171 555
116 639
487 251
255 70
482 131
462 311
101 211
229 177
260 89
274 674
362 473
364 523
262 201
463 237
347 745
161 397
70 686
160 71
46 21
376 340
185 79
286 176
493 986
301 39
264 776
497 943
86 586
37 336
328 126
325 660
345 858
353 483
184 916
420 311
444 665
276 189
457 423
94 593
314 639
117 723
476 235
213 372
115 715
144 103
346 453
113 540
58 354
428 902
331 433
259 692
415 83
95 580
406 977
80 81
342 823
128 307
201 545
469 152
395 633
86 661
72 272
229 741
210 974
113 5
235 270
251 950
444 754
139 499
356 396
262 716
217 205
207 743
408 892
345 570
489 572
296 901
41 155
127 99
176 125
331 930
421 327
23 799
83 880
1 55
109 919
10 783
251 852
78 936
40 370
96 667
244 863
106 138
318 165
397 209
476 557
212 534
274 868
72 532
88 343
394 322
460 466
491 588
114 422
32 351
110 568
166 228
318 476
4 229
225 375
270 781
444 457
46 564
221 912
179 254
136 704
153 807
87 700
311 799
81 158
499 956
484 174
496 291
411 872
380 98
499 825
39 325
185 550
378 515
243 115
405 648
143 474
162 812
142 207
259 394
148 650
120 816
460 309
436 983
353 74
402 135
321 36
347 276
184 182
469 368
409 2
452 613
76 932
495 789
148 192
422 750
189 569
472 515
190 444
294 407
346 346
410 926
119 134
110 479
314 479
473 5
86 539
258 374
439 116
481 852
275 609
399 951
288 711
312 702
117 63
367 241
457 615
228 618
374 583
308 892
268 82
114 276
153 63
60 146
225 46
473 445
245 435
423 371
139 877
462 725
286 177
311 325
228 696
253 404
394 835
14 152
439 555
200 335
216 911
72 185
278 42
240 126
313 629
2 27
311 832
288 38
388 240
18 833
479 215
377 712
32 977
308 728
234 75
413 968
379 88
251 230
269 637
136 569
135 345
433 480
447 794
141 698
176 404
133 485
169 950
159 366
409 613
444 888
299 428
172 179
318 492
210 63
124 624
472 1000
255 110
58 52
477 943
289 155
360 541
429 386
420 834
92 591
197 553
9 732
20 956
388 43
118 254
98 200
38 485
139 182
179 571
438 577
201 17
457 812
404 508
240 318
257 342
341 999
201 881
234 942
142 589
492 847
72 938
377 92
110 722
52 150
431 241
18 128
281 695
24 952
15 813
118 301
44 194
498 1000
8 846
115 594
110 561
204 138
387 584
67 620
76 7
218 916
443 529
360 723
294 646
256 301
189 108
236 147
328 640
182 497
382 197
87 702
104 448
353 767
246 387
309 599
260 621
392 2
143 603
87 725
71 174
159 291
128 607
166 803
63 819
134 73
452 450
201 303
364 754
218 725
456 733
199 905
389 815
281 372
40 543
343 33
34 441
351 269
261 24
349 129
374 85
274 145
293 960
493 786
217 22
122 352
9 454
105 629
315 574
411 881
23 974
102 163
54 979
306 288
350 791
444 446
143 770
328 369
437 263
186 509
84 866
23 584
160 558
170 979
445 577
317 276
127 31
491 656
292 950
230 758
126 516
312 638
319 601
234 157
365 859
262 440
453 11
309 550
358 802
114 920
86 670
303 308
378 273
407 189
451 758
23 975
72 188
369 772
197 425
293 841
249 244
481 261
144 747
475 461
194 430
38 624
225 918
356 393
390 967
118 820
359 198
363 447
18 396
161 67
469 772
187 39
419 526
94 931
243 964
105 956
78 690
431 169
22 651
39 404
499 871
122 407
351 15
348 348
23 11
81 222
8 471
73 413
411 68
477 325
82 578
22 325
298 485
385 60
87 238
44 94
328 72
90 777
342 259
255 352
31 139
175 968
10 708
143 56
208 454
438 475
263 619
3 961
425 267
130 800
271 833
426 201
111 368
190 582
201 804
35 615
175 299
339 566
309 825
66 816
174 258
35 214
444 465
388 390
13 446
196 823
314 37
352 701
3 8
120 604
407 425
276 743
258 529
193 695
415 174
319 507
161 675
83 434
476 692
347 680
311 449
121 748
206 756
340 26
22 249
102 211
260 277
408 985
312 247
173 97
406 24
408 1000
333 137
204 581
349 1
500 485
134 354
36 361
172 571
37 393
259 252
407 947
2 942
325 397
309 835
337 914
238 552
337 149
313 381
216 998
212 982
190 369
253 626
244 571
80 355
83 354
302 946
363 96
340 357
396 330
211 18
30 976
350 873
493 668
421 392
267 197
192 827
110 36
198 679
351 705
495 941
326 350
391 60
445 147
288 129
8 993
323 337
96 317
159 721
246 652
389 592
451 94
64 599
56 788
480 920
197 593
278 596
313 343
404 343
203 846
437 955
52 438
52 836
490 677
470 754
274 701
242 43
87 48
445 535
315 300
34 235
51 802
333 143
473 433
