1300
267 83
242 758
239 459
184 614
52 897
158 670
56 788
260 460
139 797
246 963
257 543
23 648
68 141
11 390
197 868
239 457
43 712
177 489
158 880
150 548
178 369
290 498
169 100
291 469
232 199
62 502
282 350
123 465
167 148
111 547
308 215
20 217
223 835
216 488
128 565
271 348
245 191
256 942
245 602
160 568
108 39
264 57
311 409
178 683
89 89
204 18
318 947
55 363
3 464
242 918
252 907
149 392
43 20
264 350
68 984
150 13
127 166
23 332
211 108
92 960
289 565
295 545
232 500
266 467
141 991
29 3
173 281
98 766
14 858
161 228
256 660
120 831
273 537
71 104
166 896
279 197
323 902
264 281
244 315
247 261
105 132
103 604
229 99
33 231
228 23
286 197
117 752
276 440
96 384
274 788
22 52
151 176
75 845
144 362
255 364
153 221
133 828
287 443
185 441
175 502
294 574
222 497
217 943
94 404
276 18
56 54
117 437
33 273
301 247
78 726
34 729
243 203
231 926
273 436
31 351
61 897
293 264
143 418
137 80
148 686
200 472
200 646
324 441
23 489
176 782
133 523
260 319
110 122
319 645
110 194
211 512
13 583
307 760
9 452
274 695
22 180
221 376
281 735
62 722
169 308
190 390
73 944
271 12
161 636
148 520
142 899
206 929
298 15
211 852
175 722
311 914
249 342
99 411
286 55
157 140
192 439
50 265
198 623
18 21
204 316
167 685
12 5
122 202
238 561
278 837
193 408
62 945
284 148
159 25
277 339
25 681
84 523
211 305
238 759
238 281
219 90
22 436
323 230
120 316
294 479
143 672
63 679
244 514
2 449
286 92
124 29
149 648
103 313
23 451
253 825
211 594
144 450
82 253
61 567
309 785
169 213
124 643
284 613
170 611
167 629
25 42
235 164
163 336
309 619
78 71
320 991
311 255
132 908
145 590
123 832
60 256
43 139
293 779
172 684
242 33
282 706
173 326
119 708
303 696
12 539
69 914
221 31
40 166
190 750
23 413
262 669
301 358
252 517
219 465
6 910
54 16
24 147
136 672
132 293
98 320
2 889
116 501
220 982
83 548
55 637
157 825
299 36
245 595
55 938
311 469
78 708
255 680
138 426
155 531
87 722
280 343
83 748
42 181
89 27
320 65
46 617
206 989
75 346
60 434
323 465
71 738
166 325
40 177
207 338
296 563
302 621
308 853
60 814
284 836
237 354
223 352
27 651
269 703
174 214
290 114
78 812
298 528
195 288
235 452
142 810
162 283
63 504
159 688
78 231
184 870
69 457
26 995
196 465
283 230
246 768
210 624
140 228
156 790
319 480
244 605
28 200
151 595
301 772
205 102
288 495
81 61
167 42
127 100
251 565
52 597
28 41
175 551
279 694
177 353
263 47
96 61
119 967
171 114
95 131
252 466
164 660
4 796
11 498
60 248
292 74
136 100
185 294
81 154
258 82
93 430
299 78
23 711
167 442
4 465
48 634
159 708
289 530
72 252
270 820
54 582
270 780
222 327
102 237
2 150
49 410
264 751
100 521
33 58
90 810
84 314
204 160
229 396
262 139
21 706
45 893
103 334
105 836
40 196
286 9
133 798
171 445
22 756
260 112
123 991
169 533
277 746
261 864
147 270
97 604
41 941
225 951
4 12
294 449
212 146
29 416
131 871
233 722
270 404
324 77
177 706
144 752
319 143
249 762
231 76
213 91
96 164
197 98
76 389
48 836
75 463
189 731
201 142
209 828
262 503
271 321
293 883
258 864
140 119
74 783
193 167
139 290
264 345
317 737
173 147
163 870
206 155
182 254
185 839
230 76
234 150
15 636
267 130
252 2
302 116
91 144
270 147
63 594
238 117
194 206
124 101
78 15
218 56
194 97
44 946
286 226
301 577
48 796
244 341
278 566
286 798
174 410
214 970
4 170
3 535
253 926
228 151
88 790
215 797
226 265
206 268
67 673
200 232
3 244
296 521
265 138
48 177
312 521
34 772
157 861
20 511
166 844
6 375
29 175
138 91
317 55
312 853
115 929
182 294
228 455
84 704
242 708
312 449
12 364
228 872
95 680
196 840
309 560
199 597
252 921
17 29
118 544
235 792
83 679
268 810
144 871
318 647
58 991
279 764
305 274
86 912
169 611
83 540
325 545
258 838
181 50
272 520
96 646
270 661
289 206
172 610
46 793
233 131
167 250
30 570
136 13
241 355
111 312
288 973
129 810
77 148
15 88
296 486
131 473
177 685
189 250
285 805
43 865
299 973
65 913
83 999
95 532
203 491
310 22
138 894
110 121
156 649
98 991
198 889
208 895
164 882
213 886
57 14
226 304
26 663
54 1000
226 396
43 701
77 466
281 54
164 415
101 488
205 118
156 839
251 662
283 431
123 537
243 363
64 246
139 649
320 254
22 807
230 154
253 366
319 798
312 489
289 21
169 215
59 51
194 403
92 943
173 587
142 809
18 144
204 650
256 109
56 662
94 891
294 840
124 402
170 493
162 630
286 978
7 602
246 936
38 855
316 261
181 726
297 935
306 425
286 62
223 516
76 119
264 942
295 431
224 737
302 345
254 274
179 87
196 740
240 327
191 294
239 56
35 768
137 586
301 61
5 592
90 431
194 194
135 609
126 577
148 869
293 619
162 49
8 651
121 305
133 185
37 512
23 257
211 73
20 840
166 975
120 617
162 519
237 276
101 804
105 246
144 904
135 999
38 757
225 632
99 508
25 130
323 341
291 51
134 85
74 784
257 940
36 493
12 303
28 988
172 812
6 455
122 651
40 705
232 547
45 179
50 114
68 571
149 885
320 815
87 688
170 616
147 282
30 514
301 477
266 559
65 445
140 639
13 340
319 157
286 354
60 300
320 791
212 613
227 9
158 142
233 307
232 634
102 134
191 727
128 272
8 726
274 834
200 653
120 363
48 800
260 698
201 396
122 208
237 990
87 776
189 613
94 948
235 547
115 678
281 78
6 14
309 197
159 821
129 714
176 794
170 479
289 962
176 125
252 22
77 129
238 299
298 696
148 206
151 488
272 682
63 217
308 230
7 690
276 553
242 715
128 717
232 247
69 982
218 231
20 56
283 66
99 411
46 899
321 995
317 780
132 932
74 342
320 396
112 644
168 595
141 567
309 558
21 748
3 493
168 436
260 838
112 828
177 605
233 597
130 415
159 830
62 583
147 959
266 683
199 860
39 22
155 478
41 852
25 330
296 324
34 895
153 952
306 971
64 760
60 467
46 133
217 249
37 398
104 962
224 311
43 563
75 465
325 507
38 422
95 670
115 408
43 770
218 296
187 142
60 350
273 549
128 170
8 893
271 501
309 502
13 104
66 468
185 132
274 411
75 695
254 524
290 193
13 519
130 43
305 382
108 676
169 761
141 362
249 756
36 966
293 681
214 732
170 125
251 382
261 241
132 927
271 495
14 113
196 725
89 735
61 340
51 915
28 54
317 35
3 434
68 436
255 946
2 260
124 685
234 376
127 197
46 803
45 376
220 351
165 464
168 740
176 480
221 935
237 487
225 770
221 329
46 549
13 650
235 854
75 171
303 426
28 55
77 444
284 909
35 429
157 645
271 230
166 87
218 717
283 758
36 731
123 78
118 821
278 912
36 972
42 672
310 41
313 869
88 489
203 928
240 681
272 51
304 221
143 623
253 772
17 615
148 811
267 143
28 219
135 586
16 302
305 473
264 657
192 14
257 346
252 710
108 805
226 27
237 725
102 248
159 740
90 381
156 443
149 512
217 132
260 963
227 495
227 426
122 7
80 992
54 749
30 177
160 856
46 618
162 635
72 100
209 858
109 1
296 66
257 589
189 363
237 151
221 207
37 265
148 351
61 333
108 117
205 777
288 571
13 633
50 323
121 615
27 595
42 630
79 501
156 483
39 232
34 422
266 44
20 410
27 705
92 309
208 974
27 331
296 114
206 40
104 104
58 696
182 454
189 949
55 662
146 886
110 93
151 527
219 992
16 475
64 512
88 632
287 84
223 932
233 684
24 32
203 832
162 262
322 389
158 65
168 708
20 800
205 695
208 117
60 501
262 688
206 578
273 278
20 498
221 716
290 102
168 328
283 262
285 4
291 995
183 618
8 250
201 595
203 44
296 529
99 369
202 517
239 12
290 14
35 39
162 712
48 159
30 549
117 163
325 383
201 583
106 490
86 502
221 254
169 706
171 295
25 785
134 940
173 785
101 656
250 505
111 650
230 64
41 166
95 725
224 54
89 582
97 553
201 460
289 65
202 110
89 509
150 911
149 972
214 43
193 118
14 165
39 289
281 436
292 755
229 691
81 989
10 990
23 361
3 352
201 432
198 84
22 947
29 926
43 614
106 765
137 735
49 210
158 228
211 526
187 9
289 867
16 83
305 580
255 497
212 243
80 487
27 540
264 522
150 660
238 175
52 971
240 637
20 655
108 361
210 185
14 349
155 217
158 286
304 416
126 317
198 596
119 238
195 302
317 202
108 387
57 933
104 572
175 293
7 751
7 564
228 739
11 351
74 109
94 559
181 886
157 778
183 491
37 925
247 431
70 363
151 898
98 343
244 644
43 454
271 459
309 730
210 614
134 129
182 972
168 925
7 760
44 996
216 538
19 194
277 80
257 698
283 308
202 120
8 351
260 813
178 505
70 532
221 198
291 454
110 905
160 670
279 923
51 500
49 934
208 783
219 588
159 106
109 718
174 560
196 324
76 896
101 874
169 654
306 80
222 44
98 339
133 117
160 704
79 139
131 719
71 609
288 745
139 106
274 233
235 584
110 253
212 167
249 367
258 339
311 598
101 755
166 300
90 484
136 378
231 589
183 248
231 417
122 622
319 324
201 54
236 122
157 217
259 891
42 64
234 820
33 800
319 910
40 930
82 211
203 554
12 385
294 128
271 404
261 704
178 831
29 472
22 993
71 791
247 482
50 858
56 664
235 936
131 655
164 31
252 278
51 802
273 569
14 317
66 357
276 930
46 117
7 817
295 510
86 766
25 575
145 669
105 735
251 420
303 306
267 67
299 405
176 609
323 551
227 96
214 497
220 951
121 298
322 749
315 970
252 92
119 906
202 917
170 112
92 328
50 865
4 167
5 426
315 367
200 314
301 144
173 274
25 871
71 516
159 998
30 199
59 952
243 627
209 586
158 319
121 584
241 518
43 113
211 181
86 671
122 64
62 696
304 94
2 39
133 428
44 236
251 39
262 281
70 421
200 527
188 167
202 353
227 51
299 321
314 762
247 315
315 37
173 159
73 867
274 810
210 767
267 412
111 716
321 757
205 739
251 114
114 691
324 416
191 558
133 400
127 209
216 757
232 954
1 865
261 889
32 860
84 5
126 852
230 819
324 423
280 310
65 208
13 511
225 383
18 301
12 557
10 688
319 909
84 570
59 134
227 668
299 94
60 796
109 641
129 842
254 337
202 35
112 384
294 618
153 858
59 799
246 320
73 493
74 788
143 205
295 754
263 846
290 186
40 98
297 86
3 944
191 256
107 415
196 91
274 45
245 155
213 264
144 36
154 592
86 489
92 642
35 691
265 930
118 429
265 106
172 642
23 391
320 666
7 417
236 906
158 891
12 789
28 515
289 8
235 677
99 414
310 504
317 289
23 988
6 237
138 410
56 160
300 670
162 775
68 461
223 319
239 768
23 841
86 847
106 233
14 35
25 840
253 578
105 444
49 215
71 828
58 713
143 886
303 50
45 444
15 990
94 206
119 15
223 831
217 120
132 966
296 138
309 293
125 833
233 283
196 998
24 869
204 344
53 655
181 375
48 419
97 473
93 960
136 167
189 307
50 641
103 731
240 750
143 244
63 274
278 726
244 415
87 543
