1900
352 668
371 211
273 434
313 792
237 795
329 368
163 684
81 513
62 187
381 464
332 609
361 46
122 155
101 782
312 203
209 353
110 604
93 548
358 412
410 466
408 266
403 476
287 516
203 864
142 723
196 124
366 792
71 827
343 176
289 66
361 815
397 832
34 984
286 606
49 739
155 802
22 601
378 47
305 505
110 485
313 567
305 588
394 964
81 433
263 235
374 974
367 231
265 627
224 377
292 805
105 364
418 932
366 273
116 577
363 423
51 238
163 497
461 735
130 521
181 748
372 392
7 40
278 922
437 863
337 104
335 839
300 821
65 870
418 450
345 710
148 648
145 337
132 421
369 734
362 578
78 421
387 496
295 553
114 301
385 217
407 901
227 429
65 258
62 953
459 464
365 854
41 178
433 42
135 360
125 818
102 486
454 205
337 326
445 781
16 955
359 158
175 580
406 301
1 401
196 701
352 411
455 141
378 172
409 166
44 644
284 540
284 22
14 317
300 17
303 402
259 983
460 583
346 838
59 961
247 537
300 475
354 971
372 541
177 244
294 426
30 930
364 136
286 695
168 881
385 876
273 838
96 886
259 92
167 56
267 39
432 459
187 386
360 219
361 569
67 117
246 89
163 837
349 698
307 882
89 462
392 245
29 467
293 106
266 553
160 325
148 712
186 257
62 962
427 965
187 220
415 932
173 608
60 57
294 167
394 339
52 276
316 354
443 247
374 418
177 289
449 966
401 350
197 107
249 629
226 211
27 846
273 619
16 950
315 682
136 170
203 471
300 189
94 377
351 67
145 603
319 574
449 446
193 747
46 103
84 996
186 780
27 363
287 991
367 209
293 577
286 835
138 373
199 633
282 930
14 778
458 425
216 199
40 487
244 649
308 156
81 794
325 956
277 239
391 957
371 666
113 130
444 409
290 243
90 942
93 525
391 931
117 256
121 559
319 386
258 819
317 974
388 895
436 840
95 841
280 133
272 164
434 832
75 765
92 707
149 419
446 608
58 777
138 620
268 198
331 637
60 298
128 158
28 360
14 660
466 22
66 290
158 22
232 700
306 647
219 15
171 487
224 648
395 165
17 783
276 74
47 279
422 685
109 594
333 405
455 786
105 589
378 886
70 406
13 315
37 85
9 394
159 417
180 431
373 487
160 697
326 930
254 208
377 520
445 721
99 763
407 112
149 697
150 826
70 181
334 437
358 705
243 946
372 620
257 159
209 967
87 607
440 969
463 235
434 104
24 478
91 795
143 82
408 569
396 548
150 240
251 388
322 390
1 7
443 874
296 734
448 520
136 228
367 179
161 755
88 329
105 405
354 758
311 487
168 339
348 573
230 127
79 794
257 845
108 1000
296 856
339 105
364 511
40 420
320 158
453 452
189 256
61 941
354 780
298 510
94 880
15 587
193 930
352 466
161 556
50 344
270 651
397 595
162 436
179 578
42 446
307 36
120 908
236 75
425 829
21 49
85 249
248 179
446 505
373 114
89 104
314 525
186 262
123 115
78 888
291 481
405 482
178 637
74 76
158 256
314 482
456 269
287 826
23 449
388 463
301 911
316 660
228 542
261 808
10 768
75 693
389 57
421 783
215 600
109 593
105 19
193 218
248 556
305 819
4 838
443 132
14 183
246 532
123 851
136 256
392 158
60 993
269 965
179 486
71 27
377 804
417 723
227 564
429 969
96 415
237 7
13 171
162 72
155 995
202 290
130 430
201 471
363 584
102 490
319 972
206 242
408 284
395 433
369 676
187 852
360 847
223 116
410 541
101 34
450 528
383 374
178 123
342 504
438 372
43 392
230 157
422 722
303 756
103 969
258 380
377 951
367 712
411 212
59 122
63 199
219 499
60 587
424 776
374 897
134 490
6 928
162 201
394 137
348 545
216 293
427 781
472 890
126 164
281 903
349 179
250 624
128 907
7 780
137 42
212 999
460 243
26 739
368 87
341 755
179 713
260 667
238 539
118 672
153 333
320 565
105 524
319 284
443 316
39 617
117 256
348 559
421 700
15 625
52 621
92 315
132 238
355 787
144 876
358 247
280 565
346 204
273 243
341 806
95 326
373 612
262 408
99 947
253 168
138 559
386 689
327 738
298 129
313 68
369 698
115 987
392 788
298 765
263 459
454 506
325 840
402 666
373 781
104 105
299 944
390 518
169 915
325 144
126 432
123 1000
376 704
361 673
112 631
354 392
382 287
12 1
37 471
203 962
20 481
242 975
434 220
170 910
337 988
159 365
76 813
357 347
419 273
464 267
103 611
365 740
117 746
326 954
163 711
372 380
251 109
219 476
109 196
175 331
396 677
472 931
179 584
209 36
443 425
334 717
104 934
234 260
468 469
145 201
159 104
55 764
360 540
24 645
307 496
392 349
127 278
135 597
163 330
34 312
98 938
103 600
94 760
464 628
312 120
267 562
433 905
338 486
402 390
33 564
261 20
90 526
413 173
237 506
142 472
364 583
341 704
167 33
387 763
197 354
271 365
30 462
474 681
371 102
340 468
333 618
254 414
472 448
155 665
308 839
21 17
52 962
168 438
161 647
365 817
468 472
66 830
410 210
409 873
441 412
250 434
55 682
28 750
224 431
37 209
107 856
463 810
124 649
437 793
291 507
424 121
210 150
283 380
110 223
71 267
128 436
256 952
335 162
423 982
418 323
188 943
64 597
259 192
34 320
231 968
353 159
158 91
425 732
61 885
332 404
44 208
435 844
185 310
215 952
434 434
184 543
383 370
201 792
276 659
269 451
381 309
316 262
405 876
357 284
425 66
363 917
131 342
444 306
185 476
39 331
74 279
431 361
208 416
84 223
78 973
14 133
447 610
140 831
259 890
431 309
318 128
385 345
173 509
334 177
81 780
10 856
134 117
357 920
269 844
280 427
295 303
90 308
117 143
368 189
159 541
314 171
108 339
303 30
173 892
378 846
329 10
249 824
309 910
184 59
273 509
276 792
275 622
422 151
265 755
48 148
232 18
1 468
60 364
441 940
194 709
300 741
400 720
334 173
32 401
461 45
8 491
145 51
216 652
80 829
288 77
409 341
323 765
156 546
203 493
125 354
404 670
93 159
72 422
436 1000
462 901
382 539
174 598
132 911
409 686
248 862
6 640
306 415
367 759
434 540
274 970
301 269
264 311
330 810
84 671
321 109
4 232
171 308
12 613
267 359
365 220
238 314
450 467
242 364
243 109
272 760
413 923
404 879
410 470
65 863
449 513
71 467
438 777
11 876
182 804
361 186
118 502
1 464
334 294
10 415
72 744
11 264
302 281
342 399
338 647
109 612
316 422
271 429
184 851
108 101
161 371
88 937
105 990
461 427
258 293
472 980
136 729
227 783
405 14
378 198
81 828
399 809
180 233
32 927
377 523
81 423
180 136
380 931
51 219
178 865
124 45
388 10
420 749
293 605
23 669
158 253
120 654
155 59
430 93
124 934
128 933
447 532
244 739
219 86
416 259
30 769
327 858
401 371
442 623
306 423
126 670
273 43
141 947
232 160
177 806
242 523
463 12
59 483
70 787
154 583
338 526
131 973
126 339
411 592
335 293
421 393
134 558
281 929
8 715
218 480
291 903
14 879
316 568
412 576
312 67
173 642
264 90
393 940
302 211
329 582
416 253
172 992
70 196
378 470
296 114
2 831
72 621
350 251
24 867
205 366
57 923
221 518
388 300
128 588
384 520
362 893
16 156
233 992
386 930
330 931
177 978
1 27
247 203
189 988
72 729
291 528
442 2
419 956
271 684
414 609
111 347
368 570
13 567
335 340
260 95
392 673
96 774
131 119
314 372
205 639
115 316
341 730
158 919
390 83
73 817
165 557
315 461
21 565
348 757
334 325
386 997
71 775
313 916
254 114
138 248
445 350
175 747
420 24
117 108
315 345
320 668
57 800
166 864
241 697
258 220
247 794
375 890
286 960
332 980
356 887
414 382
216 480
382 616
305 532
178 33
57 101
218 202
452 530
421 395
17 644
136 936
456 856
129 88
473 791
452 5
394 975
207 362
203 349
105 537
11 168
323 534
157 277
472 700
6 476
418 795
432 350
280 315
312 935
58 962
471 727
135 986
260 793
108 642
392 87
175 471
318 13
208 405
164 436
31 647
464 363
56 492
293 435
451 148
141 150
455 714
417 904
110 502
64 28
410 864
433 589
28 627
345 155
421 635
312 719
472 222
311 833
65 252
434 540
100 240
285 742
37 450
72 551
381 679
317 236
64 948
152 162
324 194
87 730
143 202
112 688
26 881
365 889
1 671
146 746
308 520
227 945
109 294
147 684
262 981
413 269
74 986
135 234
102 175
354 321
128 101
315 886
198 903
357 933
57 759
79 295
120 31
258 77
260 843
75 14
153 808
71 257
360 325
382 212
39 37
111 132
383 717
388 478
433 516
210 479
44 65
429 852
421 157
282 418
222 973
378 448
254 888
24 585
215 415
268 912
97 721
173 32
127 998
314 153
452 277
245 1000
326 723
257 254
212 887
11 963
152 424
205 878
199 596
193 496
357 943
212 438
80 955
96 732
236 976
237 353
446 173
383 849
106 599
106 768
16 7
99 336
340 760
280 123
372 461
34 238
391 785
254 511
103 807
286 999
161 731
215 134
67 119
360 870
474 61
105 343
437 960
54 890
394 2
436 902
359 520
241 74
173 913
33 593
220 557
77 543
415 205
401 535
139 662
15 304
352 207
125 514
234 326
366 742
195 977
279 740
173 538
127 724
235 702
164 235
389 154
366 903
4 857
43 409
183 805
269 317
475 537
359 312
198 888
419 959
169 416
282 135
178 315
111 581
389 115
363 472
362 735
398 923
175 406
86 38
72 635
14 337
469 952
171 630
170 970
195 304
182 349
419 549
44 90
393 306
95 496
325 862
427 5
110 586
187 170
438 387
380 238
391 824
280 246
241 78
456 598
427 215
137 762
441 706
285 976
352 776
96 539
241 246
340 461
350 926
231 697
271 909
441 676
316 755
409 872
245 854
170 652
78 463
472 522
279 661
211 997
343 327
150 961
72 613
216 400
254 526
24 448
30 328
247 185
164 630
205 28
133 580
400 446
375 641
383 474
99 706
360 570
220 627
264 503
376 444
239 511
350 444
410 809
50 402
89 622
82 354
76 604
370 149
379 83
399 674
2 623
40 795
66 875
420 636
397 640
73 845
454 892
155 337
70 514
136 781
425 49
385 76
331 49
296 440
206 40
251 53
89 848
451 846
49 680
191 178
330 357
324 590
421 815
387 905
272 948
436 78
78 498
385 952
416 735
17 130
77 648
73 623
87 35
262 791
181 88
416 576
310 360
332 720
285 21
73 176
403 656
130 893
86 801
8 911
121 834
146 829
303 911
423 859
474 626
229 327
173 141
366 207
287 874
293 215
21 882
190 991
186 818
59 518
262 579
19 448
400 439
133 748
387 452
31 68
121 61
14 529
365 106
434 465
143 76
74 982
222 69
178 41
292 131
47 64
263 662
245 153
298 198
16 213
375 732
302 740
131 470
111 731
399 308
380 476
352 135
175 648
153 922
469 929
402 250
385 368
360 934
124 225
421 758
437 363
123 754
373 510
38 565
272 661
184 563
46 452
109 139
298 848
17 682
13 995
38 399
118 833
417 806
446 816
167 877
118 815
172 740
372 846
114 805
349 434
290 365
172 65
313 769
242 937
464 861
78 46
423 668
475 494
248 685
123 527
172 855
192 694
351 564
473 123
343 175
275 657
371 428
249 932
463 996
191 177
450 129
441 844
183 994
390 163
311 326
68 5
81 24
120 610
470 714
82 352
182 543
258 638
52 287
21 617
445 236
324 326
118 699
347 89
293 612
229 119
10 67
395 870
111 716
166 53
336 809
63 237
36 97
448 686
2 407
50 326
126 816
170 704
130 797
241 962
433 725
418 737
370 200
356 392
88 53
315 697
178 820
435 465
29 15
473 370
3 362
67 995
288 983
231 674
309 51
460 129
98 544
46 232
197 162
368 819
274 710
252 927
7 237
359 616
359 561
332 406
222 882
461 876
370 639
39 664
340 13
202 224
216 600
274 507
14 452
12 889
441 870
100 445
465 488
473 795
311 34
132 153
261 597
87 254
309 383
360 555
124 277
230 928
13 349
333 991
330 538
211 736
360 864
5 780
155 346
236 357
8 903
200 295
441 690
346 89
249 389
54 554
48 967
273 676
412 747
118 404
55 223
296 466
267 181
136 144
341 272
12 970
158 866
174 564
310 465
236 771
168 194
189 508
429 235
171 248
83 415
454 72
138 612
114 356
175 951
472 876
36 729
236 923
68 691
394 391
415 35
22 530
143 419
260 416
28 941
39 709
97 323
88 988
120 805
464 492
61 784
105 424
448 832
289 376
43 454
296 282
116 212
113 380
382 288
103 103
407 196
428 242
179 467
61 200
456 33
129 222
7 225
167 534
343 407
188 846
380 946
274 945
166 773
194 198
3 180
367 973
408 900
110 898
306 723
270 122
158 842
182 108
244 928
4 265
283 822
330 810
26 881
272 640
438 235
406 860
417 319
422 425
89 740
420 868
432 156
454 888
456 908
311 339
401 944
325 459
17 512
434 409
172 972
344 21
334 6
449 874
178 399
12 793
445 417
126 984
361 396
73 627
313 812
46 337
37 135
410 904
411 926
397 352
274 118
140 304
377 8
69 19
58 979
371 235
196 848
450 976
86 290
8 567
160 506
239 634
423 487
400 955
286 942
328 164
163 327
245 526
399 6
330 457
125 766
7 51
337 381
217 725
105 111
251 725
434 466
62 399
156 605
10 759
122 350
226 177
326 103
264 542
41 571
63 239
209 743
173 426
402 782
422 474
208 833
110 648
40 80
159 497
210 642
169 513
202 882
262 610
108 428
15 875
241 477
355 464
317 376
38 120
262 877
66 965
200 718
264 131
241 327
271 188
150 436
269 158
202 626
269 691
245 548
449 879
42 949
111 935
224 16
453 663
379 991
207 588
12 186
30 191
329 194
143 452
390 982
219 386
127 837
211 552
334 710
334 198
191 462
321 135
407 949
318 814
77 975
151 613
455 624
345 576
129 810
279 613
316 790
16 687
327 368
6 217
231 873
473 337
357 964
184 862
208 349
195 225
212 722
327 935
135 923
189 636
313 28
26 485
335 150
219 931
435 468
116 814
327 108
281 731
34 262
143 635
129 606
31 195
411 65
225 63
432 512
13 120
381 98
390 436
350 273
141 54
212 409
402 16
443 512
122 495
155 942
17 814
121 273
164 766
459 976
311 459
279 557
219 207
343 922
229 680
93 661
161 827
321 125
178 644
141 352
26 332
474 624
44 445
404 164
333 711
348 798
264 428
457 726
230 672
332 248
455 430
264 809
404 543
123 607
301 58
407 451
451 897
286 528
381 925
81 845
187 350
86 347
148 799
381 719
141 881
132 319
107 93
228 892
313 577
28 152
348 761
348 998
30 290
250 543
329 549
132 980
440 798
280 465
128 488
347 561
11 947
103 471
118 342
313 192
247 94
142 14
34 479
367 275
274 117
389 247
53 798
8 425
35 122
135 604
11 808
208 263
137 876
229 314
164 699
326 345
188 437
82 394
102 766
228 831
110 37
242 75
370 966
278 839
245 481
153 939
61 821
363 903
29 878
73 629
423 59
413 198
343 306
52 124
69 64
461 868
382 206
100 968
142 491
99 867
4 491
422 223
330 489
67 329
408 174
197 123
41 902
223 314
17 810
40 161
87 193
260 945
122 277
397 307
249 884
192 196
54 850
271 386
361 604
82 954
437 60
59 16
326 921
432 209
9 310
475 81
465 410
38 569
176 540
390 332
133 463
337 891
470 389
216 486
357 442
278 821
130 863
299 580
201 611
396 295
390 307
277 200
195 45
65 587
339 708
333 913
417 981
106 344
246 824
449 480
456 787
54 722
405 848
110 917
368 183
296 37
3 549
258 552
432 289
344 244
140 668
304 372
102 959
88 124
119 637
373 420
307 957
412 674
55 197
295 20
405 994
435 201
81 304
35 214
448 216
100 62
27 126
34 138
100 551
273 173
330 680
339 785
442 209
71 489
240 958
370 779
30 425
353 164
111 529
199 433
56 312
8 725
167 397
234 397
238 840
169 691
46 957
269 643
457 338
426 208
473 139
10 859
233 754
292 797
123 270
49 965
179 408
294 294
123 869
5 409
97 757
210 288
237 6
320 629
10 6
184 5
193 567
16 212
445 534
282 741
370 719
30 953
200 446
148 200
2 770
281 662
340 766
325 674
340 235
126 851
470 759
288 791
263 350
332 117
151 65
205 593
34 594
445 714
293 329
414 683
57 578
439 80
69 876
318 164
91 359
74 194
293 24
143 349
148 456
40 1000
293 962
146 978
379 852
421 700
194 905
231 713
113 124
170 250
303 947
386 18
336 501
289 979
31 669
364 41
198 833
309 36
17 178
110 400
338 283
46 676
470 330
142 121
376 66
399 70
103 308
184 83
79 357
131 231
222 349
212 936
39 382
428 796
373 786
292 280
101 452
350 721
367 145
15 318
437 501
125 814
312 722
86 26
