2000
221 737
38 913
13 717
250 950
387 917
347 647
153 742
420 359
64 681
297 381
269 825
40 55
87 743
327 921
465 531
221 939
422 81
209 502
29 453
163 580
296 710
332 749
329 622
429 301
371 84
266 36
280 559
481 395
481 647
414 58
65 568
294 58
98 335
235 7
199 492
4 272
281 584
224 492
387 76
368 477
52 9
75 717
363 412
429 280
387 38
361 482
272 86
126 81
78 978
8 191
160 228
30 684
462 895
396 224
162 307
391 240
149 77
448 233
314 406
451 60
497 122
303 183
445 569
252 543
475 481
269 177
166 247
95 857
490 110
25 942
216 663
434 61
138 313
371 866
251 610
87 962
424 309
363 536
444 708
462 753
12 217
196 795
330 213
56 847
143 217
467 226
255 707
406 359
179 849
385 548
354 615
299 965
214 485
322 477
140 385
317 962
176 496
492 856
29 585
205 431
429 451
303 615
148 808
439 864
225 593
479 118
212 231
114 686
456 751
2 441
367 685
297 629
229 56
89 211
372 548
1 327
144 40
6 340
6 180
158 158
48 934
374 427
476 27
350 657
454 280
155 580
490 891
96 861
129 500
494 883
476 779
139 275
200 834
332 927
395 826
177 837
308 769
424 536
143 498
422 202
393 899
37 779
317 469
249 561
293 320
398 921
481 658
198 99
252 183
339 153
466 984
484 91
186 135
266 832
328 372
157 895
136 640
415 731
369 190
355 891
344 211
130 584
335 262
190 325
444 131
317 941
328 607
368 492
101 617
307 881
387 636
404 847
484 320
96 286
310 525
229 236
125 823
458 58
289 962
328 159
490 873
144 80
39 708
117 264
36 749
89 399
364 897
153 721
293 632
358 113
395 987
188 862
398 864
138 992
142 251
117 327
210 278
268 906
102 382
113 111
463 705
171 462
402 56
418 700
45 190
303 379
107 865
100 697
492 718
34 752
350 549
146 443
360 702
424 753
202 871
474 155
29 579
177 468
433 403
29 509
251 40
48 593
296 673
354 869
275 606
285 940
9 56
88 940
125 669
224 445
150 369
339 260
266 268
406 126
456 147
474 500
305 725
364 805
107 53
425 213
287 195
233 592
432 338
327 966
453 215
1 436
178 588
99 282
215 965
202 601
274 371
222 891
85 548
149 91
23 430
399 811
88 21
24 51
269 247
198 25
480 761
381 352
54 940
446 696
395 801
457 110
219 564
252 119
123 772
384 206
366 261
154 888
421 515
273 614
185 261
103 24
471 577
266 139
389 847
194 827
296 866
474 895
265 269
283 328
41 2
291 290
25 362
500 934
181 446
327 500
238 282
42 479
475 607
229 263
204 643
270 297
135 456
104 588
468 581
85 367
418 986
371 51
489 48
35 256
254 549
277 575
328 567
442 201
334 306
113 280
151 852
411 116
251 794
203 443
91 273
388 515
338 277
301 931
44 785
156 823
328 950
455 912
292 242
12 458
46 164
139 68
337 660
484 834
194 303
74 850
181 136
169 812
107 947
482 714
348 811
298 832
186 229
106 398
471 554
3 820
165 403
400 990
24 670
422 239
24 359
32 610
401 93
392 153
441 785
167 250
270 848
219 533
238 810
375 831
298 123
380 593
79 261
362 81
430 431
340 717
134 557
370 707
475 686
443 11
90 842
114 206
75 753
468 302
115 386
287 100
324 946
32 970
446 365
126 415
352 505
300 317
259 211
273 343
231 732
371 961
123 835
67 682
361 487
172 988
150 870
153 912
189 944
313 758
429 826
408 67
389 56
197 921
219 601
40 332
162 980
361 791
31 348
253 441
63 687
475 166
68 504
210 901
311 408
119 56
241 349
204 765
204 709
146 473
223 542
443 446
334 729
234 477
231 777
357 408
432 186
479 247
370 532
398 126
270 736
203 599
491 974
83 237
265 645
224 804
141 19
354 432
97 481
220 235
365 363
130 924
290 787
97 611
80 718
146 751
333 656
370 539
347 432
257 973
7 114
127 54
313 643
358 237
483 377
78 912
419 329
288 65
368 323
85 921
466 5
426 303
118 67
34 429
500 285
70 341
374 591
6 623
61 658
220 980
154 879
286 198
97 659
276 959
365 507
304 50
396 416
138 282
178 907
252 997
183 244
493 445
223 625
378 214
219 374
142 203
1 464
126 24
230 785
428 934
465 172
396 831
488 234
351 174
112 815
258 207
321 625
332 752
417 609
95 627
122 677
11 594
361 829
319 581
169 377
18 333
386 188
174 330
3 317
171 821
417 996
334 76
83 458
318 292
268 688
297 929
353 935
325 144
29 804
401 836
235 940
405 78
109 895
243 710
405 98
44 838
232 454
480 365
262 323
270 960
68 90
353 714
344 286
25 211
250 625
193 882
458 97
178 258
391 438
112 959
314 806
328 723
172 754
56 83
413 770
71 912
354 721
291 953
56 437
395 266
330 445
35 134
313 986
153 988
26 901
495 653
429 682
22 679
357 312
278 262
381 218
206 989
289 477
320 676
59 762
470 202
437 81
392 796
219 872
426 827
41 660
228 457
16 161
397 924
30 983
2 540
318 423
97 505
114 36
248 505
201 164
86 866
52 155
29 16
201 881
117 812
82 34
46 200
319 504
223 842
334 28
33 781
219 644
132 87
51 301
362 442
390 757
127 116
330 921
106 904
479 511
359 199
471 926
360 865
5 589
394 297
445 788
87 653
332 27
362 421
186 285
190 763
384 418
451 359
176 925
20 62
8 11
286 461
222 426
4 698
398 996
307 889
397 740
86 421
123 519
174 304
326 480
156 513
150 711
393 571
103 305
277 620
448 416
486 911
166 328
95 123
162 296
211 362
116 470
180 503
459 992
489 838
64 87
56 106
187 811
366 550
399 580
361 820
403 299
465 342
20 182
335 60
133 27
317 198
458 510
386 250
435 125
243 322
226 71
452 265
254 530
303 855
364 801
161 978
30 218
39 836
45 327
268 453
128 560
26 618
99 863
26 794
372 866
91 323
173 625
379 135
8 663
194 118
461 33
157 493
2 951
484 778
91 510
480 777
238 74
273 51
58 77
92 170
204 597
446 55
54 897
75 449
66 415
4 875
264 336
200 220
361 408
186 714
106 137
320 233
80 800
369 740
315 381
25 735
384 632
26 466
110 994
343 325
342 432
358 607
295 176
170 772
293 665
483 914
478 29
383 824
41 183
289 849
427 13
430 913
382 884
368 425
303 99
356 768
305 466
7 786
213 269
407 206
452 111
308 704
244 451
315 856
418 360
64 267
381 467
499 756
85 925
158 778
347 540
219 955
149 252
351 841
66 750
113 677
250 702
141 854
326 931
443 791
285 26
83 192
245 852
141 103
209 73
319 790
331 889
250 524
247 280
473 740
483 350
354 34
43 244
46 745
258 877
196 655
166 156
478 277
439 180
324 766
350 140
293 717
63 700
118 202
391 345
90 707
4 863
412 277
394 683
142 130
146 906
265 72
194 420
136 659
419 469
12 265
464 439
224 734
296 160
50 782
76 557
281 314
386 259
53 555
207 866
407 415
273 332
130 280
311 856
313 873
321 699
415 512
324 788
34 390
211 251
376 261
298 416
11 401
188 776
427 123
346 290
51 469
229 756
108 424
434 916
267 400
494 97
107 49
180 84
213 166
427 25
140 701
134 647
338 475
481 92
254 641
109 8
451 964
229 976
87 809
3 416
230 129
153 522
446 210
390 3
376 359
118 376
415 184
385 460
318 333
210 349
111 743
143 722
302 7
465 538
165 105
443 915
432 22
38 587
382 785
104 2
318 128
224 951
243 433
419 522
131 932
322 313
121 257
20 652
392 285
160 659
196 343
77 331
136 281
209 604
362 865
105 265
323 163
205 993
353 915
264 348
182 427
187 265
65 678
412 362
218 818
264 57
430 933
229 653
66 998
76 506
297 652
107 716
45 750
91 968
234 294
26 44
447 471
247 261
363 287
399 340
62 671
470 777
228 316
464 966
246 465
203 991
238 44
310 423
290 510
421 461
333 949
330 276
300 946
180 403
137 689
13 752
147 528
311 384
379 420
447 881
121 677
63 601
235 569
268 922
157 29
104 781
23 224
222 580
155 884
305 649
354 444
223 999
5 213
324 699
61 519
458 994
330 957
76 762
140 556
394 610
357 496
101 171
379 645
105 161
104 616
173 704
323 837
496 739
42 349
136 517
449 535
256 723
364 896
370 585
60 969
9 668
362 484
342 147
204 70
483 800
159 856
173 407
444 881
90 436
414 273
289 547
58 246
467 17
104 368
30 375
366 937
489 531
367 566
86 247
83 60
189 9
298 122
489 691
397 37
439 790
214 461
330 917
303 140
426 766
171 423
194 444
47 159
425 406
369 303
470 222
478 608
283 818
333 325
160 209
358 658
10 504
31 533
157 259
307 576
75 548
382 320
142 395
408 503
274 892
257 911
219 178
85 909
265 335
151 946
482 912
1 944
45 223
403 773
74 727
383 736
189 745
303 346
387 764
373 233
114 51
131 264
47 203
326 277
116 351
242 892
204 939
128 70
98 544
457 96
288 487
2 568
106 283
28 492
471 852
9 563
367 297
318 104
340 796
480 341
335 799
461 960
186 198
337 174
191 645
125 26
428 792
209 436
197 758
205 495
110 511
185 116
440 461
51 637
488 389
494 302
79 385
184 666
224 68
443 128
479 672
325 148
314 593
207 299
366 274
20 265
46 173
370 70
345 121
193 975
33 225
222 990
120 536
317 720
461 67
58 979
28 797
17 439
325 810
140 436
175 841
141 802
381 157
187 987
153 40
107 14
304 254
443 305
443 39
440 900
9 502
256 873
245 985
378 501
355 847
248 112
271 668
473 44
307 773
311 131
49 708
163 21
14 453
17 331
149 646
36 912
44 408
235 621
196 92
379 467
362 94
143 781
38 905
219 332
270 183
173 941
325 126
146 844
206 871
91 803
223 659
467 837
282 208
222 422
179 752
75 128
255 676
85 461
247 614
363 752
104 606
336 470
396 250
372 877
396 362
402 871
320 159
430 836
377 630
274 514
144 254
412 410
406 237
105 800
311 633
107 799
62 850
244 529
478 997
434 323
15 466
237 558
383 887
348 851
281 20
59 27
182 253
82 646
80 135
455 587
277 197
70 684
112 369
284 202
197 706
186 115
270 141
91 580
170 878
489 239
408 386
281 446
105 687
432 1000
364 580
316 343
428 410
305 248
156 441
204 825
389 197
382 454
233 187
367 264
336 971
306 462
401 191
140 86
391 271
449 764
339 148
193 350
305 272
350 196
436 108
401 594
428 1
211 543
140 637
300 92
399 891
351 178
90 81
339 725
446 307
439 726
324 781
9 319
480 929
462 154
28 549
458 843
6 310
279 674
18 312
423 23
44 490
386 590
244 390
403 98
465 170
9 537
457 773
387 744
147 294
363 664
462 791
398 222
46 174
282 541
423 854
338 773
13 709
343 803
397 748
187 371
134 99
478 591
151 847
20 900
434 10
420 403
94 681
369 866
357 413
326 879
452 917
171 176
7 317
284 342
165 549
302 316
71 91
178 304
309 533
386 858
428 322
205 459
260 613
208 956
173 301
266 803
242 844
168 209
488 361
357 896
263 421
24 312
221 855
338 433
161 403
95 794
47 835
376 320
375 800
474 743
121 2
390 589
485 647
188 515
423 810
435 153
3 411
447 785
351 8
57 744
268 987
468 482
352 116
365 504
173 347
219 536
201 456
283 122
413 32
143 148
314 327
11 267
337 620
257 60
57 55
340 594
414 906
71 482
33 763
418 150
65 78
348 551
351 618
351 391
432 316
440 336
415 525
14 568
86 45
160 31
64 973
399 550
334 606
6 32
288 510
327 656
143 202
296 668
83 913
292 397
295 810
38 377
446 498
266 566
76 308
223 646
87 171
118 759
394 272
129 605
83 285
389 198
89 175
54 20
187 845
24 491
80 714
148 395
410 297
372 423
425 487
452 192
263 255
150 229
447 425
435 33
402 157
494 655
253 118
486 450
337 82
497 808
447 620
394 52
363 396
75 550
352 992
224 755
468 698
426 539
420 7
416 979
255 722
14 723
443 760
435 848
104 58
45 405
101 929
98 24
172 513
428 37
205 618
172 209
358 904
255 424
290 611
156 450
19 49
68 249
4 576
260 458
279 459
65 443
316 377
38 193
322 918
454 957
367 828
346 395
324 165
149 6
328 767
318 680
475 159
328 776
327 550
317 200
323 766
213 551
500 538
91 28
57 970
172 522
365 443
272 473
348 829
373 304
271 440
370 774
434 622
219 759
260 858
184 433
14 778
269 308
349 897
423 720
205 947
261 382
119 436
18 75
479 542
30 862
167 161
176 1000
269 232
476 338
44 963
279 161
465 62
197 848
385 652
142 205
87 340
464 295
311 445
124 839
380 440
82 230
177 181
466 75
87 914
246 447
318 755
252 812
185 66
489 898
59 226
346 582
86 863
1 226
198 699
292 544
8 208
374 78
68 236
473 771
10 956
24 297
169 38
292 956
267 384
195 597
330 878
178 928
295 543
375 718
91 61
402 702
393 252
172 27
238 417
17 669
300 258
92 291
125 514
27 816
22 958
328 579
243 717
260 628
190 859
294 370
119 855
256 774
210 286
340 837
137 15
176 472
84 900
348 851
285 482
181 516
44 471
277 468
248 958
478 843
436 522
192 772
263 645
93 52
204 847
445 302
472 9
419 491
124 720
149 977
205 380
202 844
121 353
52 819
10 560
163 646
111 602
148 202
74 440
304 751
429 801
455 315
119 119
262 775
349 752
471 507
128 562
324 367
418 554
358 64
115 136
243 928
140 811
66 983
50 575
128 356
159 105
23 747
327 750
87 617
22 615
204 157
256 283
460 848
312 19
397 342
169 958
23 697
364 170
278 588
150 512
213 542
266 74
178 899
188 558
156 284
139 735
7 648
403 872
400 200
269 67
368 442
494 938
445 247
216 205
370 197
322 186
476 167
51 522
368 763
268 472
5 591
58 285
21 953
365 427
255 255
317 154
131 850
445 647
124 273
63 72
189 759
73 346
95 29
384 93
36 689
343 658
283 507
106 360
276 121
245 693
119 554
415 337
481 860
346 800
5 589
305 408
465 521
354 873
209 239
35 131
387 850
39 440
25 703
434 61
156 557
247 449
463 116
151 294
292 544
455 955
221 290
132 208
53 842
100 862
413 590
10 306
104 848
449 878
107 514
470 628
373 494
264 620
94 802
129 888
10 500
402 636
454 667
132 739
86 551
269 621
440 815
107 367
433 176
56 180
3 816
314 926
316 779
165 729
312 548
402 746
251 345
205 900
67 629
162 175
76 492
334 656
120 656
87 352
254 216
432 650
275 481
248 403
1 335
61 921
24 320
409 362
96 608
14 8
133 497
91 257
334 169
167 179
237 990
453 314
184 815
447 303
352 499
264 215
360 369
375 753
479 400
17 648
476 2
58 488
219 471
273 86
224 466
118 548
96 796
334 465
377 499
456 588
158 383
140 419
33 838
409 781
454 637
489 8
256 188
177 48
145 618
30 609
225 841
120 371
93 105
163 617
126 12
60 713
124 957
143 768
451 359
383 363
103 494
101 907
234 984
63 678
182 878
91 536
181 952
307 284
337 152
186 226
442 320
337 333
442 790
146 660
177 843
54 3
94 65
276 770
241 381
421 237
127 341
109 748
170 690
91 398
427 129
140 188
157 392
466 926
102 200
153 666
430 836
292 985
191 652
489 25
186 453
467 195
139 138
417 819
380 108
400 207
418 888
370 132
479 196
20 546
228 412
73 764
43 932
377 832
75 407
103 32
358 71
230 335
105 295
264 648
401 874
286 732
138 636
493 577
3 652
186 331
293 169
350 78
310 418
268 208
378 152
330 828
320 726
26 273
270 963
352 451
364 100
334 70
61 618
490 605
405 530
325 600
421 151
198 831
360 400
465 685
173 952
39 42
178 482
354 998
475 471
76 619
139 892
268 518
230 986
130 419
122 743
297 628
282 965
275 551
142 377
91 999
390 996
414 226
345 65
288 873
214 379
438 832
347 521
446 1
238 132
184 857
9 142
26 816
124 983
436 629
473 187
309 91
446 847
174 260
76 578
497 656
112 792
447 979
228 410
156 930
213 129
417 871
283 596
264 699
401 780
410 901
32 166
500 459
149 33
4 585
269 328
410 400
239 83
302 958
441 249
497 418
9 989
256 402
62 107
412 729
357 886
12 726
479 778
365 489
278 51
363 544
249 532
429 79
33 770
285 369
278 692
25 985
24 811
494 608
295 746
446 995
92 37
53 811
162 280
5 892
213 962
95 115
395 879
18 617
465 574
171 140
320 457
184 56
420 194
305 198
57 505
268 270
284 317
22 249
121 750
302 841
368 156
168 63
260 349
131 754
172 552
237 968
333 163
286 802
290 678
403 812
190 677
116 532
278 3
246 843
240 79
227 14
136 895
119 54
374 21
388 431
496 788
84 573
325 783
215 763
280 376
57 145
182 613
85 447
375 323
236 59
150 643
291 415
410 413
186 292
464 951
418 933
400 102
392 63
246 814
416 712
97 637
497 431
467 924
476 661
67 149
28 640
500 892
378 640
81 514
148 911
131 422
235 214
201 251
296 84
140 272
259 923
20 685
91 602
373 239
418 311
38 404
361 712
452 609
268 631
493 882
287 717
457 448
426 855
438 578
463 28
477 955
357 942
428 192
373 384
235 562
349 329
222 826
121 118
343 917
471 530
158 33
445 252
88 252
118 896
470 757
417 944
342 854
219 40
362 378
206 431
189 232
216 374
106 695
173 822
137 930
302 914
399 609
277 436
114 799
218 432
317 256
194 1000
211 933
204 419
379 969
83 441
326 178
97 78
77 492
153 912
258 332
106 407
33 320
313 650
179 674
296 427
289 509
201 179
80 254
298 915
232 807
67 719
62 743
349 653
450 878
499 236
83 387
194 161
62 369
19 688
255 506
309 365
152 611
66 706
216 895
109 818
114 435
444 853
337 12
191 977
274 236
