1100
220 853
132 69
235 858
138 920
131 202
85 940
8 162
54 912
51 104
249 928
126 943
48 13
151 831
160 217
159 987
117 787
108 529
169 799
155 339
13 540
187 715
226 155
50 223
78 113
168 937
182 882
193 562
255 808
35 882
7 313
219 345
258 469
30 992
191 574
193 404
83 829
158 98
112 287
140 875
258 771
263 688
36 591
141 462
108 743
206 561
260 324
70 849
264 908
112 487
124 218
221 697
66 864
120 53
100 417
246 162
175 504
39 590
117 54
212 52
5 577
15 552
246 155
58 78
171 533
201 646
226 11
196 745
70 208
193 542
180 972
218 273
168 526
128 360
88 636
38 645
125 796
178 902
31 69
70 499
259 700
33 375
120 838
209 471
40 719
230 670
155 204
61 111
27 497
255 343
224 423
155 227
196 530
40 101
185 182
158 78
188 54
122 439
57 830
98 692
36 664
209 789
198 896
248 340
12 160
100 738
257 648
214 906
23 988
110 259
235 630
227 684
224 429
262 897
228 583
252 323
161 316
128 687
238 891
45 595
270 871
140 673
180 715
250 206
154 927
66 64
166 625
40 412
77 212
26 871
221 362
174 645
76 726
136 502
5 251
49 734
119 764
230 522
272 451
237 783
115 698
119 386
107 613
80 277
52 120
48 530
140 381
22 297
184 484
117 345
192 674
253 889
239 335
244 267
111 756
116 685
162 189
130 796
7 924
94 849
221 564
270 654
236 957
115 209
4 560
223 758
128 900
261 30
104 684
235 837
4 752
182 190
26 267
181 865
68 370
26 661
65 994
52 815
256 716
149 894
201 950
160 603
122 879
216 423
105 724
1 358
109 238
26 863
18 503
29 793
220 272
99 257
158 88
183 222
166 678
181 472
272 26
2 362
233 256
26 896
222 734
263 40
165 117
149 971
110 584
217 94
185 438
162 202
217 735
250 90
56 335
237 882
73 113
80 184
54 771
178 631
258 747
226 191
220 847
60 946
131 922
139 183
126 19
63 871
157 653
170 265
229 922
143 677
261 655
262 235
102 571
236 384
3 580
227 746
140 693
238 993
177 815
156 17
18 252
27 679
132 769
32 969
213 929
45 612
1 185
105 694
2 626
78 36
142 787
5 992
110 509
52 449
210 628
117 301
108 568
172 161
210 68
177 789
235 835
270 708
214 573
19 298
213 395
37 685
240 205
254 763
94 252
40 921
260 786
63 840
221 796
270 319
4 231
134 965
237 506
181 478
245 743
247 743
35 537
207 428
205 395
232 339
139 303
16 338
148 644
153 302
226 465
84 84
180 898
266 740
251 798
173 770
38 902
208 69
222 664
107 40
231 307
86 2
117 210
152 167
271 910
136 607
66 542
217 319
263 466
123 729
137 925
157 524
181 852
189 699
169 643
67 46
50 683
240 507
88 321
45 553
184 778
55 601
183 82
21 233
201 2
252 204
262 114
41 372
210 993
207 558
128 80
49 961
127 793
230 411
244 714
151 30
182 979
130 72
72 430
239 854
68 964
100 60
33 675
17 84
264 493
12 437
17 849
177 165
256 117
137 276
147 303
56 617
217 462
187 729
113 535
93 676
109 39
163 356
122 454
26 432
227 300
44 932
49 742
156 894
10 744
182 36
238 480
93 775
34 625
227 642
275 743
160 258
7 561
152 161
198 659
158 48
164 457
124 788
174 973
268 401
223 31
190 294
116 703
261 354
79 950
241 519
162 876
136 826
132 792
100 515
95 682
253 444
165 138
54 573
173 66
182 902
204 268
211 457
96 333
196 598
246 37
4 245
197 423
69 187
94 124
234 634
47 750
144 116
217 87
8 976
252 277
147 465
76 720
78 45
149 796
125 328
241 186
31 740
162 375
193 793
157 360
193 563
166 6
55 464
114 394
250 954
5 752
48 620
152 273
37 767
180 30
88 718
44 170
221 360
104 187
255 394
99 957
188 32
175 941
247 908
103 610
129 263
151 918
266 529
114 431
157 300
82 26
45 249
267 190
222 102
167 262
219 396
242 490
20 82
18 576
67 405
166 168
236 632
129 596
87 421
251 212
119 740
157 65
95 465
114 166
244 380
86 51
23 985
87 73
263 356
70 198
208 384
199 829
105 701
112 854
175 323
62 753
36 538
39 671
238 5
34 709
16 916
79 286
123 615
56 483
197 775
248 812
237 338
162 306
44 112
8 756
118 826
145 978
114 419
265 987
270 220
42 780
114 116
6 841
233 119
165 556
223 20
272 318
245 583
76 611
273 978
215 814
263 812
92 222
209 988
163 906
126 532
271 299
57 864
259 953
67 429
38 457
227 490
227 274
255 229
249 588
136 98
48 891
124 425
253 625
162 554
258 543
124 910
232 502
191 602
256 247
165 508
180 501
176 181
108 403
22 642
224 381
163 534
60 515
209 745
69 236
194 538
154 842
196 616
219 620
156 433
263 989
157 841
164 432
162 895
145 938
23 556
160 50
199 363
53 648
64 296
126 273
105 111
144 424
196 427
210 518
130 765
83 621
4 478
229 906
181 68
201 131
149 940
250 80
43 787
112 943
216 26
99 785
164 329
93 451
240 111
205 237
213 161
239 603
14 899
152 723
87 349
62 790
259 485
94 783
169 719
267 940
259 828
10 767
261 781
44 814
209 522
181 46
267 890
186 102
82 576
192 670
59 456
131 250
121 256
11 301
54 554
33 991
245 552
40 275
26 401
52 846
63 487
191 338
178 100
105 256
259 152
12 577
255 820
170 565
37 241
267 434
261 813
51 820
215 853
231 95
28 131
239 213
44 480
70 902
203 136
249 778
190 576
137 729
179 145
145 686
23 338
66 891
255 491
133 538
252 270
12 25
257 238
90 541
41 789
139 770
164 308
7 996
9 791
75 764
135 774
86 163
247 298
252 95
175 74
81 941
222 789
92 170
8 69
128 666
55 254
97 162
120 994
33 919
117 654
135 777
256 863
80 108
266 26
43 729
22 852
121 453
256 589
29 123
25 941
156 616
49 867
150 552
9 906
263 632
252 566
204 80
96 364
113 477
9 207
162 355
193 703
260 157
199 467
174 706
66 121
126 944
140 328
38 124
66 956
138 15
252 276
44 247
106 987
53 733
203 761
250 322
24 747
111 631
125 709
156 255
258 966
93 768
205 575
223 231
125 348
199 469
70 87
235 754
21 922
273 845
9 831
229 67
155 275
136 89
152 58
255 855
275 462
94 156
48 950
11 544
65 471
55 915
273 19
91 185
272 798
178 830
141 394
172 349
111 964
111 875
14 642
154 595
237 803
110 910
129 406
166 108
137 789
88 738
16 654
226 547
158 238
267 9
33 412
40 183
116 742
190 77
93 834
154 471
205 959
49 142
133 161
175 478
243 227
267 773
194 730
274 394
114 282
60 830
272 171
240 965
32 662
70 340
6 658
250 440
58 152
194 452
60 449
164 111
84 301
64 388
33 577
61 557
126 831
271 30
268 492
251 248
95 442
148 106
191 604
20 584
249 901
40 322
187 312
221 462
15 352
194 863
95 138
212 737
138 569
11 618
177 601
236 339
223 564
227 61
188 74
140 932
109 660
227 931
93 765
234 777
89 398
32 731
47 246
16 548
212 29
244 566
265 601
222 368
152 251
135 724
96 819
194 425
187 214
147 603
100 48
1 928
156 447
14 778
42 859
160 327
269 399
51 972
217 791
52 461
47 441
136 877
20 475
112 377
39 264
177 170
231 322
259 940
34 520
138 645
102 716
154 68
6 516
34 215
29 698
9 318
28 658
134 283
17 122
67 373
261 574
7 366
117 130
121 857
70 179
119 138
121 74
58 73
195 498
242 112
185 660
114 8
257 415
137 424
257 273
161 740
55 585
24 100
108 338
112 827
190 784
188 887
208 137
114 925
269 924
15 968
113 821
238 997
209 923
177 189
124 264
35 526
47 376
230 638
154 344
189 636
149 233
64 964
51 944
271 352
246 529
194 835
275 516
105 506
141 504
116 729
65 40
38 907
186 960
114 509
157 438
190 40
186 457
206 236
66 791
275 432
48 417
152 843
42 612
119 512
266 637
132 753
92 577
47 560
237 680
64 246
186 383
82 265
275 121
177 686
251 227
22 571
155 590
114 568
40 624
60 790
200 484
108 355
82 43
38 355
266 428
116 862
98 304
152 934
260 638
244 754
40 732
129 830
96 521
101 898
260 173
67 818
34 855
251 578
217 893
43 627
268 410
158 350
64 70
106 208
146 545
216 243
91 603
13 346
224 343
190 419
103 810
103 787
261 951
2 678
166 429
255 844
199 402
30 690
162 177
181 385
244 977
48 30
212 681
105 881
91 227
23 46
146 844
117 823
269 552
250 940
93 142
103 345
74 113
13 790
216 502
259 674
35 15
113 513
95 497
9 750
232 104
47 486
116 868
88 979
270 947
90 827
113 654
131 822
33 931
246 525
80 568
40 634
251 622
1 233
249 945
20 954
16 762
103 538
10 435
233 690
45 542
243 528
47 845
21 557
219 311
247 583
269 671
136 620
239 78
4 856
195 519
16 225
126 864
52 762
256 729
169 55
202 38
77 277
66 726
267 326
229 25
250 351
28 98
233 779
35 520
157 198
242 554
73 41
171 152
205 697
158 823
8 677
128 28
91 378
148 43
213 91
97 609
65 496
139 268
102 250
115 825
262 54
108 544
220 154
154 606
142 401
118 759
248 339
225 817
82 199
9 408
166 675
14 235
145 80
214 932
229 543
110 834
66 348
161 482
58 130
178 613
50 933
28 344
33 625
164 77
191 680
264 709
237 269
12 378
170 44
218 505
47 496
157 870
143 191
77 835
239 322
152 51
196 891
57 881
257 107
44 894
32 206
115 610
77 770
236 758
119 77
100 381
34 626
46 742
55 855
143 466
12 537
221 468
254 243
143 902
111 689
100 801
8 492
70 630
105 855
55 514
116 655
202 849
208 974
