1000
225 281
158 86
149 118
110 833
106 176
103 763
102 916
221 182
141 974
52 991
243 245
27 493
190 653
232 194
205 41
96 529
88 330
175 765
49 145
35 424
101 819
96 456
241 115
131 470
93 838
120 896
187 946
234 18
243 286
13 567
105 837
175 197
200 908
24 376
124 747
89 617
105 611
245 228
70 307
201 259
237 585
187 292
82 753
144 336
197 145
216 316
18 230
121 994
200 487
102 912
19 558
135 795
40 36
235 174
5 660
204 583
40 610
28 458
158 460
247 418
212 337
96 205
225 267
69 964
232 757
189 466
195 679
129 519
80 250
27 287
238 298
30 907
214 311
116 496
219 408
196 327
85 137
39 386
129 788
97 3
58 115
173 701
8 898
44 302
159 142
105 797
99 379
33 511
151 677
127 9
90 905
49 705
52 548
50 519
110 327
78 520
249 693
122 907
66 567
177 42
141 723
102 477
241 67
116 394
241 716
102 275
130 292
61 162
79 52
104 416
176 8
189 815
50 650
166 466
41 78
113 504
196 413
230 72
233 260
240 782
51 108
130 74
172 782
28 65
233 163
2 582
167 110
5 1
140 911
117 613
25 448
75 57
79 357
57 939
211 31
106 500
196 450
102 631
106 147
147 554
204 832
93 428
20 318
98 886
43 859
234 343
69 966
64 595
62 960
219 425
201 426
120 34
34 477
225 480
74 672
76 681
206 764
123 778
16 405
144 280
1 471
179 494
78 811
25 323
16 813
71 852
125 196
61 901
101 401
34 489
130 942
21 871
214 120
118 221
216 617
126 212
122 194
78 511
53 190
42 346
11 835
133 567
119 693
87 953
245 854
52 331
124 570
71 675
21 567
111 76
7 101
55 587
245 571
192 201
154 65
171 828
76 472
126 254
212 473
243 325
48 525
76 599
132 296
109 148
72 866
15 390
87 799
170 156
196 940
94 926
189 962
229 537
80 4
78 715
198 349
138 19
172 886
74 587
23 770
213 103
235 816
94 617
158 136
62 881
62 74
239 388
88 163
126 899
237 268
39 722
70 54
167 712
151 141
123 322
214 138
189 272
27 438
114 684
104 54
1 892
18 305
69 734
45 75
179 564
133 528
242 229
185 654
11 843
34 809
78 88
150 183
180 551
158 822
214 780
28 406
76 77
191 478
19 581
249 616
168 19
125 28
103 365
81 833
244 186
203 794
152 356
94 266
50 520
140 126
211 303
233 606
161 762
27 676
63 109
214 772
105 718
115 418
214 17
218 843
28 548
106 943
36 800
59 746
212 659
28 73
1 51
179 319
203 494
155 877
4 589
236 686
160 787
148 757
92 222
139 798
13 149
106 480
115 678
109 751
100 191
41 621
22 550
214 983
210 426
201 566
163 866
155 776
223 29
79 424
182 72
43 819
182 297
206 73
126 426
215 539
187 560
142 527
18 107
190 862
150 365
121 751
112 682
21 662
1 796
35 361
230 328
113 414
140 27
120 651
103 867
153 55
154 674
103 984
170 938
164 890
84 913
167 319
138 478
36 580
110 410
201 751
49 457
62 774
168 180
203 376
92 716
161 207
117 210
91 427
46 751
189 834
31 694
152 519
86 86
209 666
43 761
25 503
49 194
231 297
191 316
238 759
151 157
215 612
92 841
110 203
232 381
48 496
46 583
176 127
234 381
195 660
27 602
194 774
127 89
27 596
14 909
160 760
114 639
176 99
18 315
46 430
21 714
38 433
220 901
9 352
222 844
56 259
115 261
165 850
61 191
204 598
37 446
202 961
154 465
179 187
95 848
82 9
208 551
133 891
203 943
71 874
223 511
52 947
114 703
41 326
217 156
125 824
77 31
153 827
34 359
128 728
113 109
208 776
40 163
148 825
70 341
161 607
146 183
162 289
100 715
81 973
40 116
136 287
50 906
30 668
245 702
45 19
200 219
236 980
157 503
245 515
192 387
10 164
67 877
47 284
161 529
175 131
173 867
234 677
126 854
178 95
25 661
59 317
15 323
142 639
133 360
10 146
83 105
179 164
226 911
226 278
135 911
24 243
240 983
204 404
212 413
85 29
169 535
92 222
239 312
190 760
135 300
123 753
206 847
97 572
136 222
26 286
13 817
247 929
40 38
119 109
235 307
49 507
48 460
164 933
57 991
2 456
162 85
53 166
203 387
209 31
242 156
210 715
26 729
15 84
230 957
18 332
41 56
71 385
99 241
60 693
72 42
83 408
233 470
28 537
52 310
108 391
238 40
51 467
205 494
119 187
176 665
32 986
62 216
154 620
168 491
126 22
133 434
92 715
195 90
142 83
97 308
60 86
179 159
124 535
229 37
89 365
170 36
175 341
95 116
65 903
91 262
247 936
54 571
84 250
7 236
50 631
4 446
165 514
149 313
230 163
141 136
21 339
171 740
176 876
227 595
114 958
14 582
244 425
135 241
69 861
139 91
188 430
228 590
29 521
64 342
2 135
75 899
247 964
122 283
165 687
145 646
94 548
205 437
152 178
39 278
142 803
49 873
195 760
63 766
153 909
9 396
141 894
41 685
19 361
245 204
220 822
198 106
64 850
77 28
149 165
23 442
101 874
197 601
152 73
91 93
116 2
15 660
248 640
85 891
217 868
142 19
78 324
57 822
233 362
20 809
19 627
217 616
212 204
36 834
106 498
124 272
224 250
75 742
5 659
118 70
85 804
172 270
16 20
238 523
180 745
91 822
18 606
120 219
114 553
201 136
165 83
231 651
88 1000
67 675
66 26
218 920
28 970
103 137
88 629
195 271
250 13
96 280
128 240
199 150
246 955
223 244
250 218
182 404
118 183
142 865
241 209
102 111
47 671
165 716
222 622
166 223
98 317
217 793
16 5
115 19
98 429
133 264
118 654
19 53
8 682
81 461
224 742
25 641
6 503
7 602
35 188
68 697
125 501
154 387
50 295
26 69
39 483
54 480
221 291
157 637
115 17
170 114
210 659
211 535
191 615
121 263
189 355
41 459
35 218
41 872
79 996
169 143
40 49
172 920
20 326
143 596
43 556
7 123
233 855
16 100
27 183
58 447
218 417
238 989
225 306
82 605
54 65
93 521
96 574
156 360
122 577
58 950
160 907
192 88
21 502
87 872
11 780
104 852
124 641
84 729
218 558
193 847
170 565
69 404
48 995
25 776
17 82
169 198
72 27
203 491
147 355
118 167
42 720
49 880
186 430
70 914
100 112
234 772
107 179
126 438
234 607
166 83
42 107
207 582
135 949
72 177
232 351
216 688
240 150
55 594
208 486
230 644
187 432
230 696
248 735
105 720
29 388
125 949
98 611
193 668
18 778
115 250
192 794
77 556
224 731
7 153
7 656
109 118
227 324
58 170
34 556
66 776
54 844
60 12
167 225
241 950
82 302
130 690
21 251
132 748
195 693
135 553
91 659
115 204
229 558
174 490
5 580
43 90
120 130
9 432
131 182
165 991
25 638
189 697
73 201
174 721
53 538
61 157
58 560
56 84
173 807
173 42
148 909
64 537
161 997
95 236
186 437
123 46
216 196
14 705
14 88
95 838
109 16
222 292
64 826
56 540
50 322
7 27
239 870
225 195
163 613
49 961
13 604
56 6
5 415
40 212
21 873
159 550
99 561
133 868
101 389
211 238
168 28
102 717
149 195
111 222
35 298
6 794
79 43
144 708
225 152
31 523
119 728
159 905
119 489
231 176
14 206
82 334
135 914
243 434
3 105
52 405
206 242
212 727
12 514
17 9
11 45
99 427
1 578
77 309
181 159
224 774
233 145
121 489
27 864
128 636
221 790
9 791
164 940
119 118
219 682
184 204
201 762
121 688
22 907
115 833
211 528
126 625
140 33
187 550
162 109
70 178
245 370
225 76
39 25
96 419
196 990
10 308
207 46
231 496
123 146
142 749
45 250
174 287
108 256
213 215
160 921
249 309
38 61
217 681
62 951
171 656
96 745
214 916
213 243
49 422
221 318
27 973
150 325
64 32
184 532
231 809
166 662
163 633
99 984
23 942
223 164
195 731
202 62
70 37
143 277
86 955
123 963
249 504
87 558
11 41
10 645
33 335
226 914
187 479
175 587
9 351
63 443
115 292
250 758
220 670
115 649
119 891
181 211
206 500
133 4
176 20
11 107
227 689
128 648
195 571
193 999
53 264
189 91
142 50
239 34
154 332
90 548
225 427
86 715
126 762
120 977
19 294
130 866
249 625
109 535
107 341
111 217
128 924
212 760
186 550
100 876
131 277
1 264
188 194
168 950
220 911
214 88
129 941
238 871
149 41
50 767
157 520
61 113
214 143
59 260
50 354
151 900
18 663
65 394
47 956
176 217
63 423
17 523
181 757
66 353
162 903
212 100
42 995
67 65
155 835
205 600
97 669
161 242
97 744
132 779
72 659
152 273
220 189
4 582
127 112
114 410
139 779
220 745
61 630
50 439
93 758
42 714
27 896
35 249
41 438
80 180
58 109
118 958
163 857
31 523
83 134
58 661
250 731
