1200
143 465
132 615
175 765
145 895
99 851
241 789
126 127
134 546
22 817
161 430
96 484
54 942
59 573
152 467
41 432
226 871
92 103
292 291
85 465
295 513
65 285
76 672
14 834
270 803
204 894
148 126
159 835
286 970
239 968
140 51
163 787
170 73
156 981
216 192
27 299
119 289
93 841
285 805
270 795
282 863
255 823
268 783
142 281
4 90
209 27
125 355
191 810
243 848
83 638
144 538
68 102
244 509
146 307
59 528
124 35
145 15
186 429
122 256
37 648
277 155
98 276
96 789
72 862
107 786
189 840
76 587
195 880
10 227
28 259
261 877
281 767
38 453
47 253
274 72
215 697
67 43
203 645
262 891
60 327
116 601
25 889
295 846
214 442
265 837
249 8
287 438
291 832
126 705
94 210
89 13
279 377
89 511
86 603
66 792
117 495
38 415
282 141
255 120
176 187
137 556
117 674
242 206
11 137
30 971
131 587
185 86
170 321
276 201
9 454
291 840
288 854
180 754
155 228
130 290
89 40
169 794
252 774
94 401
78 123
95 290
292 122
194 985
121 763
14 893
130 28
261 816
195 630
51 432
287 696
96 634
246 990
99 513
232 426
118 772
83 445
48 286
237 127
57 721
54 582
237 39
83 642
26 168
35 714
92 725
187 556
291 335
104 449
82 66
142 707
212 178
104 716
177 956
104 741
69 376
51 688
131 920
292 272
210 877
198 501
75 811
276 487
184 442
100 425
269 129
131 737
68 832
73 10
211 589
72 281
206 410
88 132
194 420
18 590
273 45
56 502
84 298
290 988
173 69
274 218
94 737
210 43
5 24
243 181
228 735
296 684
216 628
259 623
221 380
98 862
75 195
20 247
56 87
78 901
106 926
56 361
234 750
202 988
126 376
61 343
60 450
35 539
214 998
185 300
28 568
99 61
62 665
264 541
30 973
21 706
234 656
140 92
84 801
39 23
219 828
125 749
186 158
201 318
139 383
112 154
59 990
65 473
12 225
82 235
177 314
9 794
195 990
114 177
213 747
13 338
56 33
232 775
21 800
250 366
9 224
46 59
135 490
15 364
274 973
282 428
174 810
228 725
127 375
298 983
114 31
264 31
78 785
15 928
214 572
179 813
68 558
46 674
259 790
121 600
283 936
132 25
167 966
270 637
110 715
9 956
61 169
21 413
212 260
166 873
205 424
250 410
97 742
118 299
105 616
261 607
90 375
82 224
84 577
198 240
208 803
265 355
125 384
47 450
223 432
272 484
196 576
144 193
240 228
276 569
271 353
186 813
163 209
13 378
68 411
165 682
141 130
185 669
74 814
64 928
178 141
235 551
141 678
182 809
233 81
181 204
134 670
38 210
62 857
37 5
300 291
154 225
40 78
186 964
73 515
199 757
234 365
203 403
154 883
207 503
258 350
300 689
192 773
193 616
296 880
248 139
115 530
237 442
135 759
246 729
80 718
160 557
57 832
31 527
211 801
107 917
275 916
68 98
160 871
176 919
62 559
222 118
226 409
32 98
62 102
294 632
210 708
205 687
89 724
160 371
29 937
194 916
17 285
46 628
50 783
41 784
117 84
181 149
146 556
194 687
253 189
256 489
243 718
147 11
81 116
61 797
99 367
85 37
76 825
200 281
15 964
44 327
207 426
206 951
217 385
17 446
229 938
220 431
69 499
247 614
11 919
297 706
187 402
190 717
42 121
154 804
68 869
190 590
182 209
213 527
62 663
84 498
131 839
67 562
274 363
163 999
88 916
17 748
227 325
171 473
51 854
50 329
126 74
170 984
61 341
256 551
137 678
291 152
143 550
62 442
162 773
40 968
37 313
272 926
127 559
157 276
109 229
210 958
170 163
57 124
176 788
98 634
173 652
188 486
49 238
112 933
279 799
111 436
120 553
6 296
49 660
6 864
297 536
208 652
253 82
221 42
219 710
149 446
241 900
185 592
139 337
140 571
168 275
28 284
203 988
72 946
157 453
295 579
84 522
34 573
219 407
144 250
130 70
169 319
1 495
295 781
286 973
267 651
143 743
220 532
278 682
76 94
243 38
57 64
256 342
285 97
210 355
18 587
50 694
131 857
218 233
3 650
76 406
243 88
278 691
244 750
191 820
155 816
143 38
165 206
115 667
99 273
191 575
151 260
71 652
298 587
64 857
294 483
287 261
21 462
133 877
161 423
2 795
118 672
52 465
125 83
89 826
197 316
231 690
277 183
94 295
112 863
170 21
207 813
229 151
175 287
121 201
59 92
112 729
285 952
8 116
298 645
188 855
60 67
244 554
249 443
211 507
212 310
170 284
156 577
168 674
291 788
261 754
6 859
160 578
182 524
159 720
131 801
74 472
98 971
142 164
166 431
252 158
192 925
33 882
263 642
58 179
88 960
181 648
87 193
107 105
118 451
291 259
62 486
15 566
269 451
230 941
194 424
202 6
120 959
280 714
155 91
107 82
34 716
132 267
143 72
105 975
37 960
142 349
227 761
235 141
201 920
14 643
247 206
135 444
257 239
144 212
271 312
106 810
178 790
293 743
155 363
275 727
291 923
206 329
19 672
67 500
120 826
223 390
224 123
190 264
114 767
112 121
185 90
36 362
203 671
214 537
236 441
239 734
244 432
276 650
4 831
101 34
226 973
28 974
178 809
298 530
224 148
146 432
110 634
114 271
197 866
57 828
264 274
38 877
262 8
292 818
248 842
17 850
1 591
169 344
245 424
266 231
109 218
43 867
281 490
63 667
178 874
213 520
120 474
27 4
141 168
44 408
204 195
194 929
122 62
219 343
163 953
66 124
70 397
284 381
1 325
54 553
148 26
2 293
92 876
57 952
236 323
224 391
182 420
226 890
130 406
154 525
219 540
137 386
231 640
279 172
122 994
238 636
87 293
168 725
41 940
83 3
69 964
104 184
53 554
139 705
108 128
250 980
202 156
258 753
55 319
134 288
231 729
127 427
110 570
76 270
145 512
182 601
190 535
143 589
5 345
260 429
180 472
300 175
282 470
85 290
29 271
248 684
270 60
93 386
283 230
13 848
182 531
286 506
34 36
114 743
200 721
273 531
233 911
262 79
21 946
186 707
82 162
50 103
137 584
205 725
67 423
210 67
266 396
259 765
246 892
127 359
136 300
192 440
166 386
16 743
126 813
45 863
287 399
108 277
189 610
141 271
169 944
208 719
154 438
276 471
169 470
216 667
174 731
196 434
191 787
68 721
14 538
44 33
54 252
259 250
127 711
36 852
113 357
298 469
67 76
145 242
140 636
91 947
117 987
281 669
66 537
216 322
263 913
36 504
237 371
229 242
196 770
88 29
231 892
249 623
97 498
184 720
59 52
155 946
137 143
41 17
29 476
233 339
195 318
75 186
89 394
180 578
284 840
207 551
117 358
68 927
274 691
27 33
79 283
244 457
20 314
288 657
248 154
263 312
275 551
166 11
188 310
220 591
187 24
189 441
118 119
161 436
60 43
6 660
266 664
43 359
107 213
42 141
168 56
175 345
166 206
164 129
244 600
88 506
46 51
219 786
113 239
72 75
155 567
159 847
233 857
80 222
86 993
136 567
272 499
121 606
287 460
63 261
173 578
157 776
189 331
29 508
203 902
51 845
184 882
7 867
169 169
160 902
45 3
209 406
250 482
223 441
276 161
159 499
83 554
33 276
221 477
253 565
68 477
268 936
130 513
204 999
177 260
93 883
96 101
198 768
249 404
294 391
257 182
272 260
48 654
63 701
123 70
43 171
107 391
67 172
264 276
266 713
38 316
213 982
100 117
152 596
142 983
298 67
76 140
173 244
224 478
65 975
147 235
208 144
191 984
72 856
74 629
50 140
244 739
61 967
117 56
190 622
223 27
125 61
141 514
265 9
93 89
131 838
31 657
262 27
164 847
12 599
246 991
103 59
144 351
136 907
269 688
55 893
30 554
133 287
81 899
273 292
148 403
137 678
91 186
268 28
41 694
148 587
87 831
51 531
138 43
299 241
75 4
199 359
178 714
298 766
257 748
240 560
34 9
173 827
124 520
115 1
178 745
291 951
272 344
119 211
79 764
154 629
141 224
225 432
199 539
82 350
64 657
126 234
189 788
274 647
245 930
11 858
253 32
8 216
78 812
211 577
26 11
185 606
74 727
141 399
169 240
96 192
134 370
110 592
76 603
125 742
83 608
270 263
44 942
45 917
170 269
245 208
37 133
122 299
157 888
67 123
163 141
134 687
14 670
219 280
111 99
247 553
229 107
266 175
207 162
140 83
87 766
223 315
157 26
96 349
123 184
215 672
200 996
122 766
266 139
227 960
181 253
158 576
88 154
203 81
299 758
119 681
117 988
146 502
232 236
73 790
52 288
286 990
54 151
124 569
294 717
21 872
31 135
245 409
152 112
298 473
134 389
45 359
41 575
203 552
195 947
176 954
28 999
71 600
9 732
133 685
19 364
33 944
243 296
93 962
53 655
222 279
208 821
98 429
39 485
283 938
18 685
123 280
239 433
139 727
136 674
198 250
55 631
261 696
150 166
186 372
187 357
38 126
163 629
5 200
11 874
226 391
181 744
220 651
129 714
231 619
108 45
204 526
17 916
201 119
49 31
11 367
197 367
18 662
231 223
125 523
79 253
54 239
35 165
265 116
81 16
63 895
11 349
288 748
114 667
63 353
30 282
169 388
26 438
97 342
18 54
290 949
225 407
68 298
190 522
205 395
138 620
21 953
6 425
7 598
106 754
244 899
288 648
125 182
17 958
124 986
46 659
263 565
61 694
117 97
185 305
229 829
85 213
32 229
224 976
188 847
174 348
247 982
14 420
189 442
299 519
294 270
97 5
148 801
10 679
194 394
57 224
114 732
285 724
298 471
20 855
99 419
263 71
196 853
275 462
97 591
189 443
122 674
28 541
177 233
152 935
108 251
49 517
28 108
263 711
11 623
117 521
87 505
27 810
24 89
146 806
119 849
293 762
286 860
290 216
249 535
134 359
251 963
177 448
6 691
142 602
246 518
99 624
82 401
50 907
206 460
123 241
97 716
249 425
278 977
19 445
124 596
62 423
158 922
146 12
217 278
51 334
240 855
93 546
54 207
234 763
283 49
149 89
160 12
35 257
172 483
141 602
49 14
24 773
205 710
36 864
297 671
278 781
194 94
74 346
237 503
290 311
6 539
212 76
248 525
282 990
112 222
224 534
223 349
68 782
33 886
117 771
205 466
205 69
13 645
219 976
246 752
270 206
206 701
2 664
56 998
25 3
195 701
174 760
196 665
139 32
4 863
15 739
18 62
140 96
27 549
79 654
23 359
227 875
101 85
85 910
145 628
25 193
137 630
12 805
62 588
159 775
122 546
202 3
114 612
207 889
13 447
252 711
196 2
184 885
120 402
249 805
294 245
