1400
156 337
305 313
109 94
196 733
70 953
173 704
176 122
62 241
157 370
54 406
161 627
205 990
280 162
285 181
189 660
280 408
53 394
305 998
220 302
102 71
193 353
232 906
170 253
39 348
178 82
317 130
236 15
51 258
25 562
131 606
114 1000
271 102
331 574
254 258
168 560
53 80
64 597
114 493
137 814
142 957
104 371
179 36
211 90
148 994
8 603
96 143
23 870
136 829
250 538
281 991
34 630
246 388
188 126
203 316
8 29
250 703
209 282
50 754
115 465
327 175
90 691
119 193
267 222
218 971
96 172
267 528
240 970
263 882
192 5
348 597
25 938
260 529
225 299
25 430
46 815
206 754
115 491
306 60
97 256
148 17
242 593
178 35
163 278
120 258
126 700
165 24
143 404
168 529
170 781
169 547
266 339
145 615
154 179
142 121
230 118
250 390
81 743
70 391
218 673
71 749
155 435
320 585
330 695
54 502
253 699
202 614
124 637
153 904
20 614
325 418
271 309
147 843
128 964
281 765
131 146
343 944
136 778
316 422
334 986
60 189
100 985
189 902
332 965
42 330
253 610
132 530
19 692
281 314
79 861
183 533
165 553
40 492
131 292
65 818
79 388
239 857
73 964
315 534
348 324
248 298
287 107
115 424
68 307
65 549
20 283
202 362
87 104
178 870
83 619
275 50
33 635
175 723
21 156
152 801
137 150
266 630
215 205
275 366
251 964
1 801
174 230
222 913
112 592
132 93
265 994
41 588
140 276
30 158
5 69
31 269
265 136
234 890
116 641
165 774
342 207
144 120
301 606
199 404
31 443
29 896
223 596
216 397
310 72
319 904
159 465
95 665
207 680
234 917
182 556
162 740
317 142
244 168
61 283
257 652
270 298
248 381
169 980
310 746
197 561
294 366
142 193
30 391
327 900
98 439
321 233
48 513
135 343
65 440
347 244
100 2
22 965
335 790
300 973
216 196
125 748
195 375
98 656
333 939
148 886
58 86
335 168
170 273
145 105
222 591
285 505
107 699
72 188
143 372
316 870
54 722
26 651
288 646
181 893
105 937
114 75
148 174
196 47
227 648
339 310
255 813
297 221
65 154
36 501
338 801
260 824
183 657
32 269
191 753
90 689
5 501
171 904
299 918
179 322
74 517
155 880
213 205
13 31
339 322
241 851
213 942
23 986
17 290
233 348
42 798
47 399
266 760
188 609
47 412
10 168
246 322
39 400
25 870
36 505
121 594
139 868
242 415
48 144
270 791
66 760
331 959
206 801
183 990
332 732
261 164
154 58
17 777
183 30
255 731
348 543
253 128
33 205
180 444
32 517
279 345
93 749
197 530
344 734
148 545
187 757
33 957
230 899
257 487
277 547
83 476
293 877
269 229
121 430
326 409
245 425
169 683
192 839
166 378
285 405
307 478
192 439
181 188
37 120
102 436
47 768
339 81
216 134
61 835
242 405
40 487
262 450
62 887
287 804
147 123
225 269
73 168
303 920
25 556
146 668
141 612
208 684
192 910
334 257
7 531
155 679
190 753
172 307
321 804
345 614
130 368
213 600
172 86
335 30
264 292
206 448
98 246
71 367
98 348
222 160
122 724
270 951
50 521
74 698
332 434
268 561
108 185
83 903
144 902
197 163
309 783
123 110
118 204
299 380
45 49
267 38
314 256
314 335
142 97
136 236
156 500
154 208
71 780
316 333
296 438
276 451
45 410
19 413
145 210
325 216
224 434
199 953
48 484
347 66
167 417
216 204
225 448
141 569
79 363
93 741
319 320
208 141
345 906
111 239
343 843
169 798
66 95
159 536
141 774
237 872
237 163
258 871
72 300
22 675
54 289
254 947
270 618
197 207
89 770
330 127
159 670
157 529
270 958
204 459
172 485
13 893
247 685
322 414
282 303
146 309
64 491
70 232
1 715
202 162
14 64
296 5
127 526
333 973
68 199
141 508
126 531
9 998
304 577
237 137
139 846
100 722
101 287
290 927
31 349
122 781
85 69
304 541
318 441
215 408
105 208
297 124
338 696
174 11
345 618
91 486
135 608
160 395
36 266
235 951
83 139
137 514
78 765
212 769
84 133
72 417
261 402
189 267
320 943
19 267
140 223
347 610
241 239
121 205
277 325
84 841
199 457
251 850
141 554
173 984
286 224
148 405
62 617
35 648
318 444
293 416
141 538
107 607
266 30
66 566
126 677
70 670
53 311
230 748
99 974
178 928
144 913
279 918
337 363
18 62
170 346
255 747
100 507
37 375
302 184
97 55
47 234
135 124
219 123
172 232
347 166
104 4
120 447
30 985
104 644
86 180
308 447
268 391
75 24
237 754
122 343
285 598
254 884
94 234
316 574
243 719
265 155
64 453
155 657
196 894
318 639
11 810
336 417
162 796
276 424
152 888
189 941
340 476
210 141
70 477
251 535
317 580
129 301
23 587
94 855
294 126
290 434
130 786
212 957
9 251
142 65
244 655
280 344
156 711
215 520
153 546
238 783
349 428
34 242
217 405
213 353
46 249
87 427
5 44
179 778
102 703
218 223
198 142
168 490
277 191
221 497
262 612
155 102
244 370
24 894
90 622
211 37
75 58
285 282
218 3
117 836
243 580
83 326
125 81
85 357
283 180
313 629
64 894
265 726
107 257
15 812
119 73
130 243
4 227
25 270
291 527
135 519
147 465
232 114
158 325
300 308
225 341
44 334
135 793
247 139
4 59
51 291
47 831
183 130
308 377
21 779
39 705
87 548
343 274
332 65
37 115
19 403
150 318
200 110
201 410
330 184
232 772
261 822
34 429
279 890
106 898
66 596
32 131
307 358
23 441
261 719
263 464
100 423
266 958
251 927
155 572
40 768
22 455
235 815
126 565
37 512
78 320
33 880
349 288
111 43
202 572
160 426
103 343
109 507
52 421
128 830
218 901
250 981
343 660
157 906
83 75
112 589
190 420
222 655
19 12
47 335
92 902
214 679
158 722
13 240
55 802
82 966
260 385
177 950
276 581
274 401
236 903
286 129
55 497
207 824
84 99
133 682
46 197
125 326
52 935
166 157
349 685
193 947
208 576
346 349
193 285
208 173
220 370
218 686
269 80
274 628
228 543
93 961
126 114
199 83
348 629
96 312
37 638
267 705
61 798
222 12
324 446
289 364
3 933
21 547
294 328
214 23
167 578
292 685
302 552
42 857
115 178
308 912
185 277
348 815
60 544
137 633
231 327
117 134
165 191
264 869
42 201
85 945
240 529
298 291
96 96
152 21
85 540
225 580
253 669
99 125
89 722
40 460
68 979
298 78
332 874
110 540
225 819
267 656
51 682
213 425
217 786
119 494
88 677
65 45
159 902
307 416
87 27
57 233
99 116
184 124
311 115
67 253
298 963
160 343
65 763
219 392
312 632
11 341
6 533
242 785
127 411
64 569
38 207
75 975
185 166
214 839
131 956
73 524
257 48
243 389
202 471
154 55
218 638
100 655
61 796
3 930
315 704
218 591
281 856
213 584
44 387
51 948
36 233
1 208
254 5
15 393
102 78
110 905
326 723
170 509
313 552
4 41
317 187
7 120
344 293
16 368
310 526
143 222
146 236
267 258
332 126
315 981
9 25
175 357
85 335
241 981
146 331
121 138
198 522
313 57
65 871
334 136
270 14
26 809
194 46
49 403
92 401
350 761
129 408
54 804
28 787
282 536
308 133
10 336
135 486
253 442
346 729
155 179
343 622
238 791
241 23
29 670
255 856
80 669
226 55
292 122
306 433
270 8
172 807
281 608
134 120
327 254
235 319
232 77
35 252
14 831
159 488
339 738
112 852
267 180
298 708
164 785
199 400
261 410
293 50
282 606
38 758
340 730
12 71
295 683
299 796
39 643
49 504
31 654
317 664
176 994
119 134
221 279
168 567
199 532
320 611
128 761
347 275
341 815
323 843
79 947
318 510
75 673
178 419
11 433
237 117
200 337
293 339
331 179
102 930
132 327
181 738
258 263
328 362
236 96
310 666
177 334
283 521
129 891
132 5
184 686
247 454
41 991
294 774
253 185
265 983
214 774
265 808
84 889
22 663
63 89
264 143
288 404
296 659
197 100
54 168
56 184
305 785
13 245
93 751
248 342
216 721
301 515
22 407
219 222
93 798
25 637
285 80
242 175
98 997
103 593
321 704
261 853
327 606
201 462
264 568
266 290
136 937
316 324
196 619
72 83
38 897
192 947
101 152
244 616
93 515
236 567
216 507
135 86
137 721
4 324
198 300
201 713
17 327
35 966
135 734
344 703
183 1000
62 674
300 562
137 19
169 460
141 937
76 22
134 550
173 799
9 712
183 47
81 839
101 531
55 87
135 781
227 259
286 275
147 287
98 184
95 217
235 358
118 177
5 656
304 375
160 139
309 660
124 829
269 363
111 266
289 398
176 163
2 984
219 298
136 475
169 647
221 590
214 381
93 785
107 334
240 626
321 328
146 892
273 699
219 569
196 288
163 131
249 190
195 750
64 699
204 700
263 863
197 268
172 468
70 871
229 839
349 258
24 631
23 766
330 716
274 267
107 156
288 999
237 884
69 261
99 415
70 999
281 614
236 850
267 473
4 410
83 749
117 373
219 280
49 408
163 182
206 311
49 413
272 733
1 839
165 666
229 180
105 612
319 514
302 356
129 960
225 6
22 315
211 886
103 93
218 461
302 539
296 9
167 950
304 806
248 163
56 273
109 225
14 601
275 389
135 211
251 198
173 869
270 718
142 316
239 943
52 697
84 937
238 256
164 359
30 831
148 147
226 131
236 631
31 877
291 429
304 305
5 168
121 641
136 521
13 958
1 42
30 966
230 334
50 476
89 713
119 528
5 919
11 285
330 121
150 16
26 718
215 399
289 477
255 953
336 877
184 398
314 350
228 561
226 152
35 980
123 758
272 315
94 440
95 311
342 606
314 85
207 680
109 228
16 820
212 940
306 711
229 597
155 410
36 846
232 183
48 456
234 167
122 204
210 576
145 583
234 919
141 944
20 436
176 402
255 683
53 143
39 61
293 546
246 203
146 952
280 80
305 454
97 961
36 153
312 249
163 253
310 552
46 720
271 910
263 940
272 7
305 611
135 887
120 271
196 701
259 969
101 723
101 627
309 728
295 103
287 314
308 522
120 74
50 214
86 931
163 907
209 685
8 606
149 880
303 770
275 352
168 143
333 110
65 715
157 457
320 801
55 978
241 831
328 798
219 90
107 901
273 265
4 204
243 17
84 409
201 788
42 212
143 891
235 113
144 90
57 54
135 810
284 906
310 861
97 952
44 201
316 130
120 106
335 294
157 538
138 533
310 675
331 565
215 116
82 149
304 884
211 579
39 848
326 747
106 709
128 359
242 306
56 227
158 285
95 628
311 854
335 117
63 962
88 790
227 712
8 578
344 464
109 3
312 115
326 260
255 449
330 78
74 677
184 50
125 648
120 45
209 382
8 778
159 160
38 668
69 227
178 238
327 3
59 766
337 780
79 223
198 832
250 765
83 980
264 130
53 394
317 995
255 826
21 570
174 983
65 699
297 768
202 663
344 369
284 386
142 523
283 964
295 468
247 267
65 48
250 952
280 718
233 745
129 451
220 513
58 681
123 816
296 472
159 102
41 876
283 306
40 987
155 1000
82 71
101 851
247 489
227 445
16 455
131 947
309 64
181 472
166 34
145 391
183 615
94 937
67 120
123 434
146 238
283 164
81 993
131 896
18 544
11 5
42 10
129 979
280 57
339 189
334 466
151 471
41 949
48 663
97 498
153 637
222 589
197 493
12 345
3 658
122 936
296 574
84 261
186 20
162 560
7 741
30 601
197 895
35 296
150 572
177 789
338 313
188 382
286 152
87 945
326 572
28 85
140 37
54 841
261 170
137 329
197 687
111 142
205 736
200 171
181 231
138 228
118 12
211 126
270 782
125 488
248 466
114 468
272 227
240 991
327 4
27 111
177 459
83 903
329 329
349 297
41 872
303 114
182 653
220 733
319 683
4 559
246 974
3 707
237 11
301 138
231 494
197 431
200 978
87 608
303 616
71 476
35 175
105 458
348 512
195 766
3 77
37 905
234 904
164 689
308 652
322 496
210 126
90 573
146 542
343 554
324 33
332 432
321 710
340 104
239 51
327 664
306 691
253 365
175 81
312 818
256 741
262 247
283 670
68 424
137 1000
72 673
51 398
323 603
219 653
267 302
161 612
35 901
82 267
170 974
67 915
58 210
277 459
160 839
318 337
223 657
51 518
87 694
206 583
333 72
337 217
68 960
264 733
192 895
258 156
107 284
311 165
127 301
