1300
306 271
285 242
150 277
222 241
161 130
104 374
74 764
130 541
81 969
223 531
185 419
155 990
292 714
119 391
313 835
48 541
299 473
178 604
46 504
307 459
244 550
13 510
224 662
26 314
36 112
249 10
136 774
208 950
308 34
214 108
17 619
14 604
68 342
237 328
185 923
82 883
83 415
49 891
90 703
50 763
126 471
325 748
285 750
148 773
157 182
188 753
324 999
109 962
130 157
274 782
324 15
66 250
93 607
214 542
187 592
234 721
193 742
274 699
221 741
40 264
33 662
89 780
244 309
288 343
24 14
201 843
135 475
166 513
43 923
307 362
248 743
313 241
128 73
23 249
236 258
271 978
264 417
51 209
263 172
177 693
273 273
107 918
75 919
43 315
285 95
146 778
15 366
17 26
142 874
312 638
293 93
190 428
325 618
310 678
261 558
234 5
92 208
64 748
281 752
180 485
202 834
147 157
100 324
289 918
58 199
307 219
211 157
163 994
95 960
270 750
5 798
103 657
231 494
264 884
318 232
117 359
274 106
258 527
231 813
307 598
208 575
118 605
29 160
112 774
28 473
207 318
117 369
307 70
294 963
261 690
103 596
175 782
98 835
292 835
272 443
130 797
283 151
63 461
156 249
243 941
202 757
123 195
244 23
108 919
23 382
93 45
315 583
198 504
43 483
245 544
192 414
201 821
72 312
162 945
115 728
276 34
235 947
133 498
48 512
283 912
84 698
225 718
17 950
281 603
258 776
2 701
144 859
236 784
232 792
248 5
136 703
269 869
186 324
53 271
104 605
63 674
151 550
4 484
267 576
279 39
232 261
66 215
207 131
165 350
130 378
91 455
305 854
254 392
82 184
35 522
235 229
119 691
58 281
25 877
273 189
280 265
150 226
296 446
156 282
30 161
211 503
198 757
317 853
155 429
116 755
243 756
293 442
10 488
111 224
75 742
137 216
175 963
46 425
300 662
88 855
27 895
42 335
267 945
55 109
132 728
225 786
280 180
224 46
124 924
120 993
39 701
175 427
51 751
180 241
287 932
245 679
171 330
228 972
215 41
145 599
183 68
191 918
186 405
169 912
243 203
317 420
5 823
73 54
110 322
130 327
290 491
256 862
268 819
97 287
293 580
150 613
266 885
171 173
289 756
177 74
119 859
261 166
115 180
49 276
2 929
124 643
321 467
84 299
127 170
196 955
146 374
8 366
211 625
288 19
155 165
13 406
258 264
126 506
155 512
22 916
283 571
221 684
79 325
145 795
222 515
256 301
268 494
22 285
72 138
62 323
119 557
289 158
299 183
146 128
105 548
262 305
133 402
262 642
38 388
154 590
67 871
282 524
145 715
188 127
159 333
287 692
306 429
229 783
164 284
184 522
25 945
106 72
174 971
252 659
38 13
78 960
46 22
26 130
106 579
69 958
52 580
311 553
53 112
170 198
273 677
101 178
193 463
150 87
232 525
243 944
209 672
319 398
288 220
258 370
222 665
187 674
324 824
119 950
207 142
280 594
155 137
317 1000
137 378
112 148
241 320
249 251
139 215
195 163
258 830
79 115
37 75
318 138
111 428
239 482
43 285
6 681
133 327
293 281
9 304
7 531
101 222
283 761
245 680
105 346
300 734
55 53
143 654
35 774
323 865
310 488
294 920
96 157
73 751
271 652
76 95
223 251
9 4
217 806
30 307
28 569
290 99
96 689
295 234
4 913
191 16
307 699
167 513
212 219
206 912
89 424
261 306
71 893
18 288
167 865
176 28
217 514
23 787
51 39
218 853
32 256
92 668
244 942
209 243
233 553
316 288
291 841
4 46
61 111
264 33
60 559
260 709
28 700
306 956
105 772
267 175
294 783
95 454
294 496
116 143
306 950
316 189
159 392
244 716
294 576
282 241
157 442
36 740
246 104
161 755
106 989
167 75
232 613
127 368
72 85
187 499
308 764
282 856
154 117
289 681
262 698
52 844
297 684
200 929
189 649
229 691
230 24
60 843
130 322
204 883
322 117
287 189
241 642
279 145
60 61
247 883
73 259
232 677
232 536
261 119
52 927
178 269
156 783
58 312
103 408
253 248
113 738
116 153
104 572
249 271
265 478
202 532
16 736
184 654
172 799
222 463
42 676
44 42
203 264
186 246
105 355
253 118
198 821
155 488
59 804
212 981
138 635
246 186
28 199
89 798
127 446
277 66
147 352
266 993
185 487
195 844
281 68
280 204
64 453
27 516
81 792
296 784
205 89
51 472
290 727
307 355
14 398
148 402
177 275
145 943
232 153
17 229
24 833
317 445
286 670
39 459
43 489
139 417
210 796
46 816
284 712
184 652
72 394
126 175
215 459
108 943
298 376
188 282
99 945
234 803
158 470
314 309
19 152
262 80
221 147
265 661
199 233
220 552
252 105
298 412
207 765
195 780
44 291
257 712
101 702
291 568
305 577
214 471
230 601
231 548
187 820
279 67
319 471
113 730
27 79
30 671
73 534
308 87
214 417
275 822
274 304
6 597
49 871
120 201
274 155
208 449
253 338
109 356
62 794
159 756
273 414
242 251
268 239
275 735
182 92
285 133
68 512
187 541
308 438
295 166
300 356
158 475
166 457
78 402
141 985
232 227
319 305
36 101
107 790
318 828
302 345
298 149
128 404
166 961
308 597
282 748
134 944
62 918
250 348
43 234
106 24
42 946
144 60
127 165
278 29
250 778
325 24
243 123
311 66
8 650
46 131
281 765
199 458
325 187
171 651
234 238
214 874
78 934
144 424
293 133
63 25
2 388
137 34
190 391
275 310
178 234
182 153
115 918
140 544
308 172
269 711
285 175
94 913
276 705
239 387
228 115
74 946
57 440
269 72
74 184
241 796
79 154
43 972
141 708
152 921
139 688
201 84
7 441
114 894
161 642
294 446
265 69
111 465
120 156
48 629
280 399
279 327
208 388
214 164
155 305
134 446
131 169
190 300
35 86
296 898
137 229
321 562
240 169
24 146
258 110
253 574
25 216
170 755
63 349
60 602
316 849
174 906
38 747
310 632
325 890
60 384
44 607
324 657
143 31
217 450
303 472
204 546
43 174
139 547
188 788
198 546
234 667
250 442
266 217
214 272
108 775
162 749
159 746
127 188
122 537
44 298
220 113
65 309
322 86
211 743
7 704
164 816
307 965
191 7
232 349
180 475
40 150
199 87
104 807
250 106
169 946
297 965
276 409
37 815
286 925
175 455
153 226
42 383
56 360
132 632
316 545
308 520
272 49
236 980
198 641
241 276
214 335
227 252
93 529
308 918
284 643
219 872
109 581
29 677
272 848
298 272
242 579
79 647
265 853
199 647
283 520
295 539
2 694
287 761
238 14
304 227
159 316
204 730
185 951
282 549
233 889
215 680
178 169
86 865
107 2
51 538
282 496
44 648
123 615
314 607
138 673
52 587
36 567
147 549
149 359
151 246
282 369
274 280
62 62
10 734
180 168
60 926
119 282
115 760
92 209
178 52
316 137
3 469
303 775
202 116
170 464
173 739
168 245
24 178
19 60
22 145
290 600
44 314
123 919
323 89
171 163
324 794
81 216
250 589
199 613
242 561
57 150
223 52
111 804
283 863
9 809
148 426
16 137
277 294
236 489
204 621
310 128
184 534
303 575
264 782
6 852
28 561
182 65
59 157
307 846
162 210
87 429
314 518
190 169
304 69
303 675
210 555
4 876
262 249
116 77
298 497
186 92
62 832
155 143
220 650
124 511
94 331
187 282
321 823
162 246
153 923
201 634
169 868
88 15
33 979
256 388
132 729
319 607
42 314
131 299
103 217
244 384
126 262
226 203
247 607
249 476
143 534
309 956
239 224
42 626
63 720
275 468
302 242
55 678
304 38
230 738
133 972
16 912
276 730
62 855
58 939
43 198
314 359
310 521
312 649
166 291
28 558
82 927
123 608
48 375
206 732
68 89
219 998
210 336
30 522
245 273
108 396
143 578
239 517
134 336
89 943
322 25
140 242
223 357
45 795
99 587
240 951
39 775
128 293
122 5
164 657
296 616
178 46
33 15
278 93
198 270
47 942
25 668
113 995
106 569
152 32
313 833
54 950
244 265
282 594
37 924
15 608
74 963
295 673
299 680
191 298
195 805
317 557
132 791
89 465
319 637
129 146
22 976
301 532
235 489
202 418
191 549
272 821
322 655
215 687
276 756
266 415
122 409
278 849
162 146
142 611
270 694
202 611
79 401
82 853
192 471
75 460
84 198
17 779
75 885
112 170
37 452
294 334
297 477
82 958
45 376
110 911
5 475
28 341
158 267
293 496
85 31
87 228
130 920
66 562
144 318
261 181
153 815
108 459
77 328
22 521
275 520
291 349
165 10
72 118
323 461
298 692
257 374
45 286
258 369
7 234
308 108
4 401
198 701
191 116
29 102
2 398
227 654
126 75
160 706
105 519
229 440
106 568
187 346
139 326
235 128
57 434
26 850
236 206
280 752
145 53
307 31
6 31
21 583
220 241
251 82
71 376
45 372
200 90
181 953
108 914
167 736
54 175
5 33
143 721
107 495
300 809
206 828
204 737
212 118
312 921
286 145
77 554
104 551
14 117
118 636
193 41
136 269
259 329
267 624
266 762
153 334
137 630
275 40
87 335
25 727
2 144
246 111
208 972
165 31
208 312
94 644
258 205
117 589
306 269
15 45
12 815
294 632
36 335
72 961
115 306
233 624
119 596
286 60
129 711
184 533
216 663
274 525
109 830
120 370
125 473
278 949
153 26
325 568
118 430
219 65
255 220
136 923
15 322
204 929
81 63
70 221
76 77
287 273
257 865
302 924
91 683
210 877
208 127
43 746
138 301
33 431
214 99
62 728
234 761
245 904
121 447
136 520
283 77
256 633
78 332
64 316
72 423
156 38
297 112
220 469
265 398
76 10
145 484
84 741
108 431
33 421
300 793
246 767
246 600
99 66
93 304
64 837
79 310
36 264
155 695
232 230
77 521
65 462
74 77
233 765
56 162
283 32
259 903
112 819
316 352
55 94
54 779
132 572
52 81
1 354
103 216
304 702
231 685
204 390
214 847
134 213
279 874
317 811
134 248
158 35
305 300
165 557
31 16
247 41
96 397
293 735
241 714
284 154
99 950
237 393
212 126
216 693
182 151
165 970
318 421
277 51
100 763
185 301
2 62
230 882
165 782
124 608
11 92
35 275
48 720
231 176
160 655
95 942
207 376
202 438
95 845
14 982
196 965
98 2
258 758
230 189
234 654
320 949
145 53
65 977
205 917
170 591
302 539
255 999
299 656
76 656
175 52
171 827
209 855
160 821
303 63
218 219
282 605
194 400
167 838
56 528
65 471
143 760
66 197
67 39
77 29
42 161
125 836
164 6
164 48
4 927
150 484
21 319
121 132
16 502
249 224
170 56
110 598
309 894
199 98
111 919
323 450
283 322
124 158
196 464
52 843
198 292
146 919
44 201
270 253
308 906
151 983
196 204
120 37
66 115
45 260
59 412
220 727
150 211
267 15
19 271
317 21
237 391
43 628
242 880
104 234
279 748
279 99
298 970
46 487
56 792
163 207
142 719
118 556
53 119
325 13
65 853
195 194
303 424
20 684
298 28
254 201
179 562
78 591
277 822
56 282
262 739
268 657
80 542
23 748
71 668
268 221
40 134
234 748
225 485
110 695
105 108
38 474
209 957
313 257
186 69
107 140
288 790
303 44
297 799
220 363
273 330
65 689
78 105
135 848
205 105
262 644
232 871
293 831
217 328
143 758
281 612
21 57
148 878
232 290
38 174
273 295
223 874
1 209
302 187
25 349
283 619
289 760
122 481
238 170
73 324
300 694
40 991
119 892
252 505
