1500
173 515
62 664
364 238
81 911
320 481
133 623
101 448
241 880
269 309
3 265
84 176
131 354
210 593
367 429
364 367
247 836
161 897
325 536
371 916
305 106
94 750
19 527
110 328
81 241
8 352
32 50
58 493
282 43
292 172
237 688
54 179
289 948
114 809
307 408
281 226
326 709
44 704
171 407
342 546
293 80
280 630
94 808
163 468
8 104
291 657
292 153
79 895
237 316
259 229
337 742
244 593
219 832
175 876
103 86
346 801
341 450
320 960
221 158
262 992
133 875
241 451
302 745
102 36
202 468
196 374
333 974
211 824
120 264
99 868
264 444
47 467
371 455
53 385
28 282
142 164
39 59
250 111
94 87
235 154
83 174
180 572
357 609
301 646
14 170
120 807
36 380
203 945
340 579
185 770
162 882
61 685
58 643
125 521
309 202
231 364
158 346
236 743
45 274
219 667
171 23
316 564
98 860
345 713
129 6
210 391
142 701
42 49
332 465
213 583
105 35
89 748
154 112
150 998
332 93
199 455
335 916
32 711
27 421
374 599
169 95
106 114
165 815
134 749
291 550
27 297
4 777
287 433
310 971
373 697
219 14
135 399
216 457
262 821
191 109
121 954
137 411
135 809
125 883
146 388
27 226
192 296
18 577
9 184
87 972
167 991
268 228
268 677
272 296
146 921
207 289
215 717
164 308
288 964
237 539
312 142
289 821
170 999
155 157
60 917
273 997
287 64
65 242
345 889
121 325
220 309
320 787
338 109
319 506
308 519
249 732
114 358
335 462
194 403
219 629
96 15
90 417
158 535
210 290
308 334
52 328
51 699
93 57
366 797
136 95
77 608
306 418
221 835
294 944
261 841
190 310
96 532
2 12
5 204
195 771
184 115
79 817
322 821
282 911
346 708
236 490
99 766
165 384
306 310
188 355
324 584
135 350
314 562
243 829
170 328
134 86
6 780
124 174
185 32
272 958
154 121
236 503
20 810
25 680
317 684
352 451
330 361
195 823
272 137
35 800
371 694
266 787
218 160
169 107
374 585
282 513
352 751
294 826
86 350
215 512
22 716
367 501
326 803
221 406
323 900
370 522
371 352
177 248
31 707
296 984
359 524
128 661
155 380
218 83
324 733
99 469
271 431
145 638
205 640
241 170
104 324
258 212
14 692
207 814
333 500
177 985
34 612
136 354
49 181
164 451
323 592
278 159
89 854
14 712
354 911
40 192
31 266
325 543
247 311
173 705
292 728
123 473
231 727
99 149
51 796
106 140
34 629
260 935
218 788
268 584
190 565
24 498
225 93
224 318
143 487
322 822
14 147
172 584
332 472
145 967
212 167
117 17
305 329
109 580
320 558
86 653
142 320
169 148
120 445
343 46
134 770
26 852
300 260
113 624
195 584
20 876
55 359
244 473
139 517
132 478
131 286
375 624
23 199
168 803
64 716
223 458
123 256
351 145
325 714
343 460
295 655
338 506
182 798
229 340
363 136
122 550
104 58
267 189
283 541
148 888
228 758
294 275
354 454
82 439
287 457
205 560
324 230
159 305
353 248
8 741
365 436
107 814
38 15
66 711
100 471
163 423
247 74
244 606
288 597
96 946
241 568
1 505
60 317
329 384
95 374
189 87
263 782
126 163
271 450
236 402
220 892
31 266
255 363
329 155
14 989
359 833
161 77
19 908
359 426
68 165
272 48
223 752
294 536
309 936
232 347
210 531
151 259
302 282
208 422
97 490
106 301
356 732
171 39
36 9
279 844
190 766
38 228
252 524
36 259
178 315
62 391
56 576
166 820
59 500
47 768
155 929
368 949
70 283
187 919
269 66
220 236
239 564
197 745
171 48
309 985
14 292
106 621
175 707
3 654
283 348
117 922
222 103
167 859
336 587
61 471
31 474
24 921
295 241
151 953
205 348
5 148
114 910
102 721
331 121
96 494
289 884
359 839
61 582
48 973
56 533
362 598
169 644
265 172
317 302
347 110
299 39
155 507
251 744
119 28
283 611
65 584
31 113
5 914
6 197
213 526
82 517
86 772
20 555
265 602
306 343
178 988
325 705
41 765
49 964
80 836
161 250
225 240
339 382
121 143
331 748
165 632
175 328
126 679
206 269
206 953
56 585
359 107
227 584
107 505
295 631
342 679
171 616
298 152
126 733
220 349
146 554
84 975
24 475
139 208
165 95
15 803
75 48
101 886
130 316
350 409
357 187
334 320
278 292
163 395
172 480
210 183
225 64
348 301
72 562
155 311
11 496
144 389
208 846
172 69
85 532
31 346
301 330
306 726
125 495
150 929
321 521
68 267
34 310
320 507
230 440
316 541
98 114
6 415
305 700
351 134
259 977
229 852
213 234
342 803
326 795
15 515
314 418
28 214
323 598
359 639
61 609
192 82
114 596
339 259
102 438
224 629
14 510
237 941
330 458
375 591
71 434
336 492
97 135
146 943
99 241
325 173
219 753
360 61
224 279
58 800
86 178
337 530
195 441
303 435
303 507
68 705
68 572
5 300
27 798
290 942
191 940
290 198
15 725
160 290
266 236
227 438
254 817
167 454
44 504
372 100
78 57
273 806
87 989
248 447
62 304
198 655
85 812
296 519
213 679
273 84
135 613
241 354
196 197
147 416
300 446
201 762
193 21
349 964
77 893
261 252
186 283
303 645
1 454
255 599
103 109
106 97
316 846
126 576
226 907
199 752
244 522
31 611
260 391
214 216
313 543
288 730
287 10
296 856
128 294
30 674
246 780
157 265
229 766
70 673
111 43
304 64
97 578
71 127
152 577
17 280
129 4
35 144
285 787
33 250
242 301
64 378
37 365
258 596
354 680
364 673
193 687
213 901
49 108
367 776
157 816
301 170
201 314
288 346
118 905
133 178
264 103
355 517
290 626
96 570
16 601
351 361
364 907
370 824
298 846
177 637
87 784
94 303
15 334
345 258
201 684
10 125
236 701
331 836
91 69
281 412
317 48
278 714
264 409
34 432
3 299
217 40
94 253
372 548
137 318
46 49
177 925
210 414
99 643
312 617
121 661
95 438
297 869
109 996
188 981
183 50
13 907
313 217
8 652
365 935
279 792
149 268
304 988
255 590
36 367
218 169
362 156
22 773
177 303
216 245
116 118
61 522
315 61
257 76
62 201
350 419
238 250
10 599
276 225
160 992
281 793
212 393
138 758
215 314
374 169
244 907
216 23
355 461
245 385
31 972
352 102
112 886
330 363
77 830
121 867
183 393
375 716
356 970
57 194
214 981
39 796
281 62
233 13
314 692
176 31
226 438
264 530
73 99
170 912
318 810
40 493
228 990
270 225
268 855
100 315
83 384
94 834
191 409
250 646
209 857
269 598
236 367
230 675
322 250
144 882
48 810
37 74
67 965
166 707
11 158
350 226
262 238
121 776
200 843
374 556
243 598
318 166
296 56
307 111
65 487
87 810
161 350
61 212
12 458
14 5
269 908
18 437
324 461
11 676
42 185
233 142
345 505
145 625
265 35
129 605
5 680
158 531
49 237
328 757
322 512
220 611
53 713
339 124
338 529
324 494
47 137
235 427
295 536
57 448
17 178
141 285
131 165
169 6
107 705
216 501
166 712
210 50
9 614
280 16
336 807
193 435
44 379
301 81
19 3
250 465
209 917
38 247
289 8
216 517
98 381
344 339
331 179
178 828
13 785
118 14
86 48
44 507
157 763
156 308
261 401
6 391
2 860
167 509
7 313
183 575
324 955
200 678
212 424
204 318
280 95
213 491
18 241
372 817
347 569
65 999
325 327
140 519
81 579
301 990
24 598
84 461
219 142
67 968
287 737
77 881
375 735
104 387
32 529
199 64
96 723
331 918
290 265
244 556
220 706
205 478
122 808
190 995
273 457
83 290
152 761
284 731
48 169
101 344
123 476
317 432
143 361
43 330
264 834
188 853
254 519
69 659
139 157
145 728
341 777
178 915
358 253
235 877
260 59
198 485
308 42
269 177
29 207
309 490
314 702
180 231
27 870
294 869
186 451
355 377
47 646
311 725
263 571
115 495
53 147
161 815
360 916
210 943
30 977
208 167
168 622
168 615
305 651
281 977
260 772
70 384
121 449
68 81
70 703
60 494
344 366
341 930
26 347
191 663
65 438
174 977
306 982
64 100
96 765
150 875
367 380
311 733
144 155
143 216
249 977
67 856
32 923
238 367
255 416
125 876
360 966
205 113
109 725
313 573
151 54
290 383
305 683
191 946
239 641
56 900
171 543
212 526
18 469
216 79
62 275
22 667
9 348
362 427
266 794
279 261
180 186
296 883
367 315
155 158
201 655
28 326
46 669
277 379
372 520
141 563
360 608
194 507
112 597
69 790
296 213
126 26
204 117
16 8
289 952
307 426
13 902
109 329
209 974
243 580
81 797
266 776
231 5
37 500
271 849
33 99
348 935
317 387
195 459
311 509
206 627
369 410
375 833
217 35
72 657
239 285
216 206
119 544
250 10
367 518
144 738
97 540
80 431
168 215
95 402
254 447
298 906
230 741
271 640
176 853
46 872
244 269
123 869
55 823
113 510
246 798
195 318
156 322
42 134
149 704
315 10
223 310
369 198
176 327
260 999
97 118
55 601
94 710
360 118
49 729
104 60
103 221
91 335
297 592
113 818
141 551
306 502
62 793
163 841
7 79
154 158
218 544
326 706
178 706
39 2
287 79
162 218
204 649
199 118
5 929
262 863
128 634
49 462
179 708
99 62
40 145
109 418
264 775
266 300
160 715
233 231
291 508
79 248
115 53
37 566
120 536
258 730
55 767
284 503
61 73
291 886
204 141
165 85
255 349
167 939
265 381
60 695
352 722
194 577
141 184
38 216
28 104
197 710
159 864
266 273
121 121
201 138
359 496
348 811
325 484
37 589
328 928
206 423
60 555
145 540
336 351
118 475
91 217
362 758
218 935
220 255
348 943
165 263
144 856
312 632
282 675
28 892
142 849
195 337
256 621
359 459
318 935
89 156
187 768
5 516
237 19
200 588
364 194
310 917
82 251
43 795
327 107
29 192
23 864
66 72
280 698
91 473
197 742
323 904
270 762
115 307
232 967
234 310
103 5
287 231
110 748
210 252
197 645
321 95
159 561
221 78
282 861
327 806
73 503
207 717
21 552
203 601
352 219
363 710
311 937
262 925
313 956
174 851
30 99
298 657
3 632
181 751
29 103
225 105
252 19
234 266
44 873
345 198
48 93
327 206
39 663
352 968
291 168
50 376
88 609
154 515
138 527
97 136
185 704
335 817
347 834
285 232
342 861
61 79
229 892
52 694
229 859
354 838
159 164
139 571
334 261
11 623
152 736
144 602
368 108
174 738
27 449
43 789
260 209
367 973
348 635
147 843
375 288
185 730
299 191
168 425
313 69
194 255
14 358
72 22
62 459
85 411
157 999
25 925
170 577
259 470
66 581
113 765
5 261
277 404
144 887
115 995
128 828
373 984
227 70
286 618
348 498
88 240
356 226
60 797
206 529
70 192
185 635
208 907
374 417
232 10
340 623
92 790
69 148
15 382
362 189
44 162
283 664
366 823
284 178
368 390
51 346
2 339
242 13
367 268
184 332
331 17
291 795
257 833
294 117
28 33
159 488
75 605
74 760
310 946
80 632
152 932
47 619
218 671
278 12
19 655
74 54
191 215
226 683
152 161
174 271
218 264
336 863
105 76
293 729
125 532
135 474
119 462
246 545
11 109
340 563
53 79
294 167
357 611
48 470
24 444
293 400
264 580
172 38
154 302
227 927
310 974
9 134
64 631
205 305
121 918
294 827
14 529
296 868
164 186
18 970
112 21
18 690
209 699
138 972
214 822
367 24
27 257
40 820
144 531
260 669
310 22
115 90
221 494
114 486
298 998
95 601
97 918
355 972
272 942
198 326
154 480
280 11
144 791
114 50
39 648
271 306
79 793
162 423
229 66
291 149
75 596
198 308
366 113
210 48
194 48
276 35
178 324
368 271
218 57
23 759
151 992
110 114
318 384
325 241
123 158
141 559
302 887
301 524
256 301
123 339
96 45
76 368
31 563
41 168
41 315
171 430
237 497
271 932
65 692
339 453
334 67
334 983
312 438
201 544
41 824
325 356
287 336
260 277
334 682
258 877
275 572
208 442
365 297
268 644
35 949
260 250
266 153
2 660
267 621
236 28
280 787
371 128
223 8
352 804
252 657
253 648
120 624
62 258
98 364
317 851
328 232
340 582
337 462
345 793
339 904
222 586
36 388
135 209
47 853
160 738
95 148
38 14
225 433
219 302
326 397
218 769
135 787
294 992
200 243
94 669
179 220
311 541
359 142
360 755
102 424
119 925
176 340
58 910
298 317
76 316
206 513
244 630
29 569
4 336
192 601
2 784
315 275
102 358
356 333
2 336
301 397
151 712
335 195
173 405
315 382
359 573
201 519
34 816
57 105
146 349
114 683
180 712
234 24
16 753
20 41
340 816
289 732
50 454
158 206
371 376
287 220
69 476
290 783
297 646
220 901
127 106
52 943
336 452
151 160
351 353
232 494
213 161
219 919
243 459
321 692
372 873
362 419
260 489
352 788
22 260
170 243
65 988
311 540
85 591
125 961
142 674
130 940
352 454
39 501
12 162
256 671
162 137
335 66
23 729
274 702
183 212
292 923
90 836
14 38
109 860
223 363
283 862
167 458
215 811
95 182
81 611
235 165
49 109
294 75
91 324
318 799
53 718
309 690
42 167
41 933
63 946
146 894
85 972
