1100
149 615
103 807
3 869
186 68
47 727
130 137
109 720
245 307
273 228
9 184
38 268
101 619
121 861
95 274
198 889
111 988
30 351
45 371
170 384
245 570
168 352
174 43
143 340
242 444
71 452
180 388
59 533
8 591
234 701
131 773
122 732
259 451
204 972
52 978
71 101
27 329
234 365
189 757
164 133
203 798
163 642
181 264
186 529
271 71
77 677
136 168
234 406
46 393
178 546
122 208
150 204
125 929
8 295
69 963
8 383
125 742
233 685
261 874
63 13
231 263
200 658
147 600
162 753
131 641
47 530
33 79
156 630
205 328
192 805
140 41
121 143
86 414
147 918
142 501
88 909
86 953
25 463
160 422
52 578
165 447
184 719
151 826
132 127
60 537
68 95
178 233
226 289
197 154
201 947
55 871
196 791
244 330
128 286
156 326
229 334
130 402
269 700
80 694
88 416
123 750
71 43
123 47
267 537
34 381
98 160
202 329
78 339
222 495
15 589
126 676
258 764
206 375
204 874
15 804
98 597
217 118
226 684
245 387
222 755
57 284
159 48
212 632
158 220
145 12
12 385
48 240
19 992
184 959
195 441
237 420
135 864
189 612
54 723
51 842
112 91
183 398
94 995
100 959
161 338
62 2
23 37
55 484
221 585
218 893
160 72
256 411
215 701
58 747
238 16
133 320
142 523
104 969
25 449
165 942
48 826
28 616
194 51
140 112
226 390
72 294
99 405
109 689
18 625
71 602
68 782
69 279
191 447
269 618
272 623
35 994
101 660
92 158
2 394
171 130
144 346
33 630
56 103
153 340
107 370
46 582
187 696
251 693
29 277
59 611
246 622
215 373
56 268
243 720
253 654
220 997
191 768
257 652
81 648
50 698
221 572
5 119
22 495
202 524
27 218
149 692
143 19
227 334
268 249
142 498
243 743
62 215
10 586
185 663
240 862
235 604
184 849
88 741
67 804
99 69
132 309
132 459
238 59
209 784
234 259
211 360
166 290
59 4
227 592
27 513
36 688
184 226
90 661
7 168
111 163
248 579
70 793
269 248
108 42
220 31
90 948
39 410
148 941
153 606
78 421
97 903
80 787
14 1
235 394
233 401
86 860
275 844
263 584
179 70
3 210
71 233
256 428
117 523
266 843
65 894
81 286
21 806
199 999
47 114
67 62
229 578
242 878
217 754
272 73
99 109
157 649
49 873
90 156
84 178
143 530
29 565
3 559
201 683
184 64
91 551
248 946
12 242
168 994
71 245
162 792
179 94
145 424
226 834
137 134
224 994
269 861
105 590
64 306
33 385
263 864
89 754
114 525
49 125
18 393
116 547
188 826
58 521
270 778
255 370
230 857
196 23
269 688
244 440
137 722
21 461
137 561
11 46
13 47
53 292
250 893
263 793
235 850
79 58
128 688
253 481
237 856
50 837
122 628
11 800
193 729
141 519
152 315
17 470
263 269
189 990
73 905
12 177
53 411
213 192
88 400
51 312
119 257
88 95
210 96
48 296
7 237
30 730
275 145
18 10
254 572
46 956
204 218
240 518
138 775
184 712
56 208
10 229
141 557
170 661
168 530
97 500
88 937
53 234
97 495
101 429
43 639
52 749
121 387
127 687
42 10
30 713
257 446
139 854
156 14
195 900
70 632
156 752
239 354
134 843
222 380
57 799
69 169
215 929
225 752
39 854
229 138
144 694
97 574
188 125
124 718
204 773
17 741
179 515
124 502
272 26
163 142
145 858
61 747
143 16
154 371
153 867
48 733
270 430
81 178
48 263
28 184
95 767
214 717
274 232
117 183
228 128
98 608
251 751
63 969
55 199
217 548
220 280
210 377
244 119
30 564
223 533
186 421
157 959
139 300
12 968
44 650
111 343
146 978
188 150
228 549
174 281
72 225
240 523
188 732
207 395
167 782
242 107
164 714
210 388
212 955
59 979
224 328
145 516
5 614
83 1000
106 86
194 798
245 877
188 553
81 36
195 956
138 573
25 300
247 987
244 792
194 168
245 974
130 436
176 746
41 372
231 770
265 28
96 896
116 786
119 217
2 347
85 852
89 751
65 389
257 820
235 237
87 564
30 636
118 16
254 237
172 920
145 926
227 704
56 729
71 75
223 573
156 636
81 922
210 722
187 13
133 748
184 220
251 648
200 705
255 223
261 153
197 293
267 434
123 818
173 814
41 188
54 855
5 328
253 710
22 358
86 349
219 51
30 906
240 250
223 977
205 637
120 978
179 531
71 722
2 157
205 438
180 711
66 22
274 413
42 76
89 475
43 445
156 174
120 638
48 602
207 817
119 4
43 198
258 159
222 686
275 489
23 183
8 632
182 531
153 391
139 921
143 831
156 79
250 730
160 234
242 906
141 21
52 836
240 435
27 77
110 99
144 154
46 422
105 749
248 362
20 333
247 958
100 329
26 81
253 803
85 633
204 258
98 737
84 247
234 122
23 398
137 593
237 454
147 288
210 704
172 15
106 756
187 494
155 39
78 807
97 627
7 710
211 811
268 47
196 48
79 30
166 80
24 902
23 484
228 775
263 393
65 686
164 598
10 292
208 508
135 967
53 295
146 451
55 275
135 533
122 243
256 376
126 942
235 490
146 969
107 868
146 866
30 17
18 126
1 457
272 898
231 862
167 7
119 961
236 769
236 29
211 521
176 585
84 218
205 646
17 234
80 647
63 79
82 364
54 649
89 360
136 80
140 231
111 136
87 974
132 462
89 757
265 45
261 309
118 921
63 920
19 238
79 953
82 483
37 620
207 316
150 128
160 409
96 757
268 786
69 37
170 293
162 88
10 112
72 444
260 857
133 602
47 401
13 242
122 26
151 480
198 138
56 991
7 72
271 713
133 377
58 259
183 624
195 462
110 155
12 457
7 458
1 934
269 724
184 243
243 706
53 613
98 696
9 760
191 794
144 657
17 918
171 593
134 352
27 919
4 838
269 220
119 645
238 350
211 677
19 905
20 762
80 28
45 754
119 216
24 501
124 594
196 166
96 539
200 360
216 727
168 881
138 871
40 282
204 828
264 878
136 419
224 115
7 3
86 316
6 638
14 464
150 930
268 46
257 353
269 975
195 502
37 697
78 193
233 479
200 333
19 965
115 958
8 480
248 513
46 502
84 839
240 160
65 607
144 739
123 263
26 72
269 272
110 479
150 128
82 492
272 977
199 729
20 243
232 999
121 737
259 66
39 339
86 454
275 823
116 612
88 200
170 814
174 302
181 847
190 108
233 428
39 32
56 522
116 213
248 310
248 640
70 242
199 938
239 991
118 579
72 769
50 14
226 920
4 951
62 646
86 339
97 327
191 647
19 398
54 164
166 257
81 175
236 360
114 594
259 77
212 447
273 714
250 465
221 233
143 430
248 632
235 262
117 757
45 210
134 47
113 370
139 782
262 10
187 574
243 255
192 780
113 649
29 884
1 487
15 49
2 982
192 8
96 307
160 502
1 357
194 226
209 536
22 347
137 826
49 707
234 318
226 596
192 788
270 4
70 314
194 641
265 863
186 480
229 988
87 321
23 642
77 565
10 270
106 606
206 87
213 537
104 68
138 404
44 632
244 324
217 158
191 295
182 822
162 160
77 533
58 775
95 481
270 798
34 628
66 943
60 219
48 993
75 130
19 55
106 466
58 915
229 935
29 674
259 434
47 869
77 902
253 435
250 353
148 203
112 253
263 258
134 752
74 513
125 466
221 682
109 805
268 884
113 139
21 591
4 224
183 3
199 330
138 478
111 457
196 896
179 336
95 115
81 482
45 11
101 620
226 514
37 82
57 896
248 828
110 106
215 683
243 282
39 16
190 259
46 571
182 508
82 834
135 470
254 213
56 91
118 680
190 450
253 312
19 585
203 353
216 597
244 552
204 669
144 312
249 769
16 485
271 456
18 682
40 878
175 467
18 367
140 250
187 735
207 779
109 824
24 921
229 449
230 410
183 653
253 894
79 288
63 748
138 377
273 125
259 946
38 85
64 829
193 597
113 185
193 580
94 329
153 371
70 263
257 444
111 520
6 347
275 487
171 135
127 144
265 631
7 558
68 984
71 774
218 376
165 799
235 487
159 898
143 417
86 389
37 903
202 565
245 652
180 682
255 424
218 590
99 61
157 542
274 859
230 996
72 494
210 903
58 143
238 942
149 906
27 859
86 185
259 699
205 594
23 36
101 119
272 172
136 41
211 731
166 632
98 866
90 968
208 24
80 858
252 85
225 698
267 367
220 866
198 761
46 728
90 322
136 740
120 311
120 759
30 937
102 752
36 387
154 133
70 180
186 4
52 122
14 693
47 629
65 309
236 412
32 788
22 230
73 541
100 638
231 675
223 73
209 563
234 723
14 164
209 145
181 560
160 87
80 24
107 327
161 86
20 302
247 427
234 67
102 29
190 728
101 504
1 406
249 193
223 510
52 89
275 314
201 897
17 182
93 852
38 601
135 590
51 17
20 184
22 913
209 565
258 435
262 513
236 389
41 730
44 105
130 175
188 555
120 218
141 437
89 367
138 489
268 169
222 435
272 724
243 129
54 597
74 121
34 451
141 191
47 69
264 542
61 336
76 672
172 522
10 313
3 611
261 664
241 281
31 55
77 71
217 642
27 599
203 756
78 560
20 426
81 965
241 591
86 616
181 472
42 782
274 260
98 758
67 32
77 329
184 92
152 667
240 547
231 825
182 338
42 188
135 958
131 588
185 101
193 745
48 16
14 726
248 428
45 447
110 667
63 9
70 841
19 969
249 631
30 676
226 667
6 110
80 423
241 626
185 985
71 947
98 20
149 800
72 423
125 816
46 517
226 951
198 189
118 623
43 385
147 835
257 679
142 178
101 855
135 195
154 52
146 89
103 819
80 367
240 27
54 752
188 202
63 598
198 856
158 184
53 720
36 889
88 852
28 808
177 154
77 81
183 838
141 367
86 576
80 869
204 124
245 449
