1700
87 205
301 230
53 36
81 171
331 850
169 779
58 995
267 382
398 640
278 160
76 481
156 828
338 430
106 374
190 744
422 424
410 146
33 524
216 285
401 755
236 47
253 910
56 760
139 729
35 794
218 839
374 86
60 592
396 984
167 100
395 57
108 298
9 450
187 912
384 184
145 78
139 931
83 942
191 733
21 760
357 390
290 692
381 911
188 561
242 332
422 978
329 895
254 715
107 310
396 398
56 607
343 774
197 865
174 749
294 47
48 804
417 965
309 661
111 777
370 752
178 845
259 1
252 270
401 459
240 930
308 731
331 42
333 425
47 799
190 141
186 104
396 624
187 32
345 399
301 609
276 935
114 900
72 992
69 181
397 606
245 801
176 697
3 361
342 535
343 841
34 321
140 834
80 670
293 529
218 412
271 108
281 691
361 659
278 485
131 614
182 670
279 738
228 568
22 996
134 142
104 784
344 52
230 221
354 803
269 687
320 631
30 225
198 327
232 133
325 147
81 516
317 19
125 264
243 574
44 228
90 755
252 778
83 73
410 828
190 484
334 437
282 342
102 455
163 326
348 96
169 628
335 59
342 281
333 146
358 275
277 873
13 501
344 653
215 821
157 345
283 281
142 620
209 855
116 17
300 776
384 329
308 906
246 38
84 194
37 448
307 293
164 614
396 64
7 367
159 917
314 88
368 22
2 765
29 982
245 177
95 124
380 8
91 635
135 623
265 199
217 15
69 197
200 818
273 745
373 884
225 163
31 101
75 998
197 661
336 112
328 791
263 916
308 892
98 434
124 769
200 337
164 66
137 645
359 892
2 702
103 865
22 968
211 121
160 885
89 401
111 661
34 258
203 968
321 877
29 558
228 388
322 837
157 134
168 438
414 826
87 526
389 905
31 457
195 108
217 354
210 394
61 369
11 874
151 168
121 401
161 143
291 952
177 424
103 685
99 994
203 819
295 815
14 589
6 613
264 287
366 199
96 400
201 985
401 398
57 430
85 718
165 828
382 397
194 631
128 828
180 636
28 615
148 168
314 200
302 868
57 123
89 328
330 283
84 259
374 979
152 524
358 953
387 901
257 606
89 60
124 610
321 209
55 22
117 180
399 634
80 596
376 232
59 817
171 14
45 617
257 378
363 896
341 533
343 162
384 252
12 173
94 970
404 476
385 836
26 769
155 214
199 936
401 221
294 835
148 689
424 774
342 985
43 72
296 845
351 438
236 556
326 845
256 91
321 67
122 256
205 694
55 560
183 216
49 339
131 274
110 462
259 477
83 620
240 618
321 144
102 99
391 381
328 894
51 758
10 755
72 570
252 754
8 531
418 445
111 109
138 399
357 904
59 309
254 471
284 342
68 888
55 980
334 405
320 95
376 209
96 958
172 988
128 859
117 757
285 54
128 792
136 559
63 408
145 547
294 969
240 440
342 770
312 320
55 407
120 167
276 718
366 475
80 221
148 940
81 309
161 579
136 979
241 704
425 799
273 9
319 986
149 106
284 605
88 427
186 367
407 336
123 81
386 655
295 670
171 359
399 287
158 27
272 633
312 932
19 307
422 439
74 553
202 489
283 288
82 277
126 194
263 129
98 452
30 469
342 802
374 732
188 89
338 792
124 296
291 580
373 966
334 484
313 416
24 781
222 129
63 85
185 747
124 136
183 70
347 408
117 679
281 775
357 538
12 341
400 904
132 921
147 8
382 797
269 73
317 190
198 636
92 407
259 175
370 820
286 467
353 754
308 880
292 65
2 843
375 122
394 222
203 261
409 429
425 894
387 185
192 765
331 102
378 973
64 441
140 513
29 277
213 774
341 981
335 182
76 109
413 683
92 221
68 488
281 778
85 369
306 619
142 317
242 843
351 28
122 552
203 812
170 869
369 410
9 63
186 671
109 66
247 558
398 178
410 288
420 848
139 798
250 376
424 704
408 954
273 965
79 952
115 873
349 802
15 895
255 22
52 374
13 67
1 456
94 244
43 380
48 635
171 419
213 634
139 179
168 425
31 643
233 307
248 640
289 787
154 459
294 446
1 975
47 780
158 885
274 966
229 443
376 990
241 148
406 272
35 150
353 648
229 368
249 764
212 809
416 755
166 977
157 161
235 468
134 719
168 467
166 530
11 100
234 336
44 40
278 38
150 424
71 391
312 65
116 38
318 892
101 936
365 276
164 274
71 237
148 271
120 158
394 575
309 237
5 424
284 97
369 503
50 554
165 613
53 480
372 113
401 57
361 496
373 995
117 199
384 431
131 990
411 752
6 716
137 878
119 218
137 55
302 479
112 707
404 179
210 965
181 199
38 222
242 590
266 997
114 594
125 77
110 319
195 994
279 440
226 183
74 770
364 557
342 975
137 306
250 677
338 813
171 829
375 461
9 666
178 780
380 849
375 245
283 266
45 977
395 567
292 304
247 988
88 947
61 655
144 994
370 719
410 783
3 651
144 403
351 574
2 779
374 849
271 429
167 346
409 669
34 571
129 261
33 845
250 628
366 775
189 974
181 494
43 201
220 660
55 913
230 603
97 208
300 515
416 97
117 119
274 443
372 674
61 910
115 480
57 702
410 218
167 203
96 814
24 942
170 744
141 148
300 31
373 213
159 60
141 46
15 970
301 333
241 843
289 491
33 270
154 5
8 417
260 663
360 33
64 671
4 273
382 805
198 146
151 673
315 757
37 844
386 433
248 43
43 435
136 187
411 586
285 84
98 444
145 322
153 338
374 804
214 487
1 656
148 622
324 741
257 880
288 294
419 153
313 670
359 882
265 455
228 919
175 161
352 921
60 476
10 282
404 120
126 926
271 291
291 949
136 95
78 65
226 596
151 620
372 977
23 882
3 932
319 77
403 206
384 894
216 38
92 301
6 749
299 577
17 187
179 715
389 78
26 275
214 722
8 578
257 85
135 141
120 254
203 869
273 123
87 778
194 520
401 911
382 831
19 761
161 975
81 812
383 530
357 842
363 296
37 962
10 479
240 588
302 730
65 736
243 191
35 740
321 773
74 731
410 906
17 70
395 598
141 49
285 751
28 929
247 163
82 379
371 929
224 814
41 311
279 270
341 675
154 801
328 301
348 591
49 712
392 14
376 82
263 124
53 94
241 857
320 404
46 797
224 94
129 11
337 216
390 779
414 349
55 111
20 958
269 530
51 74
34 389
9 201
396 877
32 676
408 889
212 161
293 339
248 10
282 152
184 53
292 563
218 389
407 886
11 739
406 474
93 805
266 223
105 751
397 174
341 657
141 46
132 489
216 26
149 62
144 472
361 976
186 128
11 790
142 495
221 200
304 256
257 179
223 600
121 658
158 167
278 637
188 722
210 467
334 24
108 997
31 150
314 977
330 966
221 412
257 811
283 71
96 232
123 794
366 167
249 703
129 497
157 976
424 716
154 786
337 226
115 681
211 718
14 190
8 181
239 83
329 354
181 282
403 128
368 930
71 831
126 918
31 190
108 867
194 797
302 314
210 551
395 621
274 72
201 905
385 678
208 667
33 939
69 857
149 467
173 806
201 30
344 632
255 898
154 498
347 971
64 596
379 983
367 511
273 137
403 863
394 250
350 857
237 887
129 373
285 631
129 230
415 272
72 435
172 9
144 377
364 227
111 136
422 251
236 345
262 909
84 837
89 226
147 679
106 20
276 347
307 455
215 9
243 5
42 525
204 350
289 407
219 138
415 408
69 980
292 439
125 289
376 832
271 204
349 901
137 512
156 820
44 842
329 289
65 949
230 730
123 265
190 610
256 965
249 489
28 445
262 113
205 356
322 491
335 817
266 337
366 259
254 133
333 100
217 656
17 433
95 633
54 473
19 14
33 293
71 972
417 724
119 993
332 493
336 590
265 163
225 730
378 570
107 745
46 818
236 631
72 293
34 412
31 523
327 262
241 490
391 140
237 548
112 923
202 684
421 664
12 656
422 770
394 741
179 399
418 918
319 467
72 905
12 752
408 467
11 449
324 626
25 842
30 622
172 456
354 899
386 413
392 536
312 862
405 864
176 839
401 987
104 535
286 668
253 690
43 268
302 724
225 456
102 369
302 292
420 768
61 976
10 518
389 42
384 410
131 736
8 611
214 4
51 763
365 644
235 608
123 968
6 639
222 829
225 496
9 326
386 983
405 288
81 963
232 855
180 785
186 327
242 1000
123 837
380 90
224 550
152 791
155 436
59 176
404 923
388 7
227 444
419 407
252 814
224 964
281 376
245 700
389 591
366 73
172 962
404 144
144 710
366 487
43 731
419 476
354 616
42 193
67 235
185 678
420 971
144 528
108 849
73 722
136 576
248 835
421 439
343 551
145 681
241 699
320 880
324 678
148 784
344 490
186 206
175 60
317 213
7 527
259 4
372 39
319 144
197 385
296 76
290 793
411 365
72 487
40 586
18 806
165 254
347 635
102 563
216 402
8 822
240 633
82 316
126 42
244 682
87 408
53 454
228 111
58 718
393 762
124 131
204 875
391 322
338 824
286 913
385 657
90 978
353 417
148 406
382 333
265 638
405 221
87 746
401 731
85 83
264 956
71 688
152 246
269 94
292 435
382 256
396 571
371 615
112 91
406 181
196 900
352 305
246 781
395 903
180 82
407 929
423 425
67 622
17 567
173 133
46 534
115 987
186 683
29 902
289 938
306 295
378 948
328 343
189 935
80 161
275 256
135 850
343 951
19 222
204 753
122 295
148 312
17 777
279 303
271 936
93 885
389 735
121 589
73 407
61 503
19 277
347 835
130 836
79 431
30 523
88 959
45 726
4 777
23 182
418 786
116 289
390 323
81 931
259 353
269 47
279 547
22 61
33 540
403 766
143 187
274 964
375 204
69 418
128 678
416 41
316 27
369 659
304 124
317 344
5 28
90 982
251 251
278 551
225 352
183 683
121 508
235 587
94 138
86 835
193 478
266 727
219 152
229 905
382 218
136 251
298 969
311 177
362 137
336 907
126 887
397 542
307 761
42 525
9 528
421 476
17 738
152 855
58 212
124 168
68 917
231 611
31 913
124 408
179 117
410 784
76 323
374 598
401 176
326 751
301 911
31 288
4 470
201 30
90 331
142 498
204 310
11 386
347 385
155 976
384 663
48 169
297 913
88 558
165 589
363 192
355 318
59 69
315 52
72 530
332 175
128 900
29 672
215 363
187 829
119 634
245 625
425 428
233 544
100 931
160 668
296 184
78 483
101 455
147 689
380 105
229 316
232 381
135 42
385 776
152 45
38 443
64 482
264 876
337 921
325 399
131 802
336 574
260 341
271 586
322 689
108 24
107 99
52 162
132 772
338 755
34 417
174 834
88 337
363 897
233 874
371 326
423 882
173 357
313 557
260 375
33 553
355 212
43 683
255 993
70 768
25 911
36 386
211 5
398 258
296 885
192 533
355 279
275 701
173 339
314 599
260 848
105 191
160 200
181 16
103 775
325 313
115 363
210 145
265 885
274 114
268 912
155 407
304 461
171 721
158 935
23 772
182 890
98 276
37 190
196 963
318 766
324 169
140 103
421 845
150 597
228 556
318 51
420 193
249 665
383 919
119 112
351 168
228 74
285 656
227 111
164 188
253 726
324 104
17 534
290 355
253 788
72 294
60 591
2 341
117 725
95 891
218 175
229 478
425 765
144 788
81 635
108 616
153 161
305 397
363 558
361 323
414 783
119 452
169 511
294 831
203 562
67 185
54 506
198 373
53 882
151 263
72 221
275 665
137 724
41 874
72 416
154 559
54 530
307 305
147 352
140 716
328 531
371 153
95 333
26 961
399 427
177 880
167 343
277 692
83 246
143 922
200 712
414 654
14 471
370 308
301 948
27 490
398 824
6 611
240 984
339 187
248 569
183 118
371 593
58 290
240 1000
377 763
410 602
342 152
186 405
61 449
263 101
222 621
413 399
58 679
389 441
24 994
83 686
67 995
309 317
66 69
361 531
375 188
379 355
130 741
4 62
176 675
405 289
38 609
400 774
8 948
282 729
399 51
237 5
234 845
377 433
166 662
334 268
161 773
311 930
342 198
317 470
144 618
308 419
260 921
385 829
357 479
225 489
243 260
138 274
305 975
384 380
206 125
329 987
134 972
3 404
95 913
251 410
28 74
7 330
144 515
102 445
284 397
51 83
47 438
344 22
222 350
241 296
316 73
5 45
206 83
175 392
130 132
57 170
138 22
230 537
171 693
380 573
176 600
189 237
379 70
88 743
372 548
332 875
1 136
116 786
215 436
373 479
255 518
424 681
149 651
235 831
173 815
260 83
138 371
249 540
172 777
406 414
344 248
96 162
13 603
296 292
21 866
61 507
1 749
114 625
151 937
107 813
380 443
79 103
382 506
291 199
231 600
242 832
87 611
202 116
397 890
135 641
19 944
394 800
1 371
120 468
35 648
65 391
281 106
231 820
53 257
238 28
96 294
276 953
126 157
18 938
383 109
198 603
26 353
337 840
136 377
370 849
107 229
34 295
314 254
90 526
240 797
229 910
126 863
290 253
282 932
313 579
409 910
259 574
126 60
26 126
178 179
194 847
321 25
302 863
48 204
367 268
246 334
197 111
200 856
355 699
57 183
157 938
136 365
203 54
277 921
307 98
1 44
175 87
245 141
203 158
418 219
164 41
411 611
9 305
270 840
372 513
332 859
42 364
402 378
295 67
46 673
397 475
188 575
83 768
216 378
180 199
87 569
350 958
210 53
170 366
340 281
146 963
83 744
249 468
396 191
373 882
300 684
326 897
383 272
408 434
390 836
9 239
424 960
16 69
168 246
301 341
209 496
55 770
186 877
322 692
15 436
423 48
19 746
320 848
318 992
279 678
158 272
415 200
38 532
355 422
266 362
106 169
264 130
419 812
270 486
60 762
95 365
288 319
57 842
346 336
60 599
109 84
172 840
411 497
266 371
396 353
37 147
165 764
380 474
293 290
411 539
328 18
181 859
121 873
114 213
85 539
229 467
107 767
409 783
265 955
169 560
371 799
189 604
348 504
180 168
255 745
9 159
258 253
1 136
85 722
86 214
317 328
184 30
318 291
395 328
134 531
102 7
71 364
93 421
300 56
394 190
44 103
110 276
195 835
298 707
191 874
81 265
232 136
383 590
400 12
152 785
373 658
114 259
202 233
421 736
45 649
294 829
310 658
320 596
161 481
42 74
80 107
250 375
76 429
332 844
291 529
341 830
61 795
144 639
29 627
281 188
83 147
69 781
83 395
417 328
283 754
33 716
303 86
150 118
325 608
35 235
332 82
415 685
279 891
323 391
77 696
36 172
283 32
351 264
304 434
310 823
276 958
149 395
333 640
417 879
371 89
391 34
135 366
58 589
231 290
143 809
245 238
33 88
313 378
76 569
411 144
8 3
126 397
35 691
141 928
235 112
15 897
8 268
257 132
175 470
327 524
276 626
368 601
82 757
71 496
404 702
30 991
27 929
59 130
220 383
285 819
7 708
274 129
99 129
389 418
217 381
27 26
247 511
123 350
56 834
14 276
67 749
57 188
199 158
296 352
215 967
193 767
249 341
144 413
289 630
102 278
183 230
351 342
312 271
71 942
193 83
234 513
10 495
109 865
100 670
348 870
389 378
105 682
138 286
66 80
178 94
385 58
301 622
140 705
423 465
212 808
18 145
249 600
400 961
303 892
159 224
