1300
23 660
56 577
188 969
303 170
219 707
121 416
164 410
155 995
134 587
80 296
19 609
219 261
161 508
130 809
302 853
57 475
291 720
274 444
69 27
215 289
250 217
109 184
207 466
297 993
84 837
30 434
269 819
312 722
73 110
270 851
197 255
239 923
131 913
228 536
294 541
131 255
312 199
183 143
65 895
15 7
91 66
30 31
264 826
95 207
62 460
25 695
36 856
9 389
267 244
152 578
280 334
223 356
286 257
214 1
100 977
199 557
128 886
283 331
267 95
74 717
168 641
292 940
139 969
296 99
169 583
288 987
259 799
303 715
222 403
79 455
210 210
209 791
158 622
14 814
15 37
314 511
227 596
11 498
31 769
190 708
219 71
8 225
305 739
314 192
241 621
169 414
71 20
281 268
11 277
256 829
214 165
243 502
37 262
240 226
87 433
269 22
172 303
48 892
205 489
246 136
110 979
173 284
144 632
196 650
288 745
319 919
239 811
74 852
145 141
127 214
1 774
122 300
111 176
8 531
325 961
294 508
48 132
247 556
160 20
240 685
166 367
172 426
53 599
83 650
175 724
44 550
314 78
34 989
266 721
6 868
71 131
210 835
130 709
241 484
273 827
243 594
164 410
111 858
106 901
278 993
236 909
65 801
77 621
228 843
279 483
252 787
165 72
228 240
290 283
99 48
324 71
149 221
84 497
150 281
12 344
186 377
190 777
112 476
295 324
168 78
248 268
41 694
250 307
88 804
267 873
8 204
65 109
279 24
284 958
318 279
166 860
196 152
206 737
202 566
197 472
274 67
161 598
280 410
34 318
30 79
80 4
148 229
304 946
65 61
271 110
178 693
212 204
294 516
22 447
225 918
251 183
145 912
311 237
192 543
205 147
281 999
162 716
176 895
240 692
100 951
17 429
136 843
79 179
222 779
69 588
1 899
150 238
204 868
76 782
134 862
301 500
302 271
175 238
179 61
171 138
175 726
200 286
68 886
119 119
122 915
6 750
135 556
102 749
80 911
183 437
241 236
45 409
198 792
39 601
65 624
252 948
262 691
214 469
247 756
263 761
105 777
133 628
301 892
148 124
156 121
142 59
26 746
188 870
88 819
220 753
190 699
185 520
158 491
220 775
15 126
7 922
168 225
241 397
59 433
42 188
309 203
77 656
42 879
257 623
123 4
163 284
212 428
45 860
131 304
249 675
218 85
121 210
258 985
13 130
79 587
142 337
241 250
197 757
62 733
261 650
48 143
140 443
232 93
227 696
91 400
89 876
117 775
201 268
33 36
166 211
53 694
10 842
321 983
134 947
178 1000
56 806
163 22
169 610
18 70
33 774
210 332
75 81
128 650
196 459
123 63
218 609
238 656
154 984
135 758
40 610
303 166
141 979
167 922
196 46
54 541
293 118
188 539
58 109
242 314
253 418
12 57
279 283
87 844
240 187
100 312
77 165
7 353
220 217
171 618
57 68
244 765
293 252
58 878
276 662
37 126
284 492
278 85
52 14
131 475
195 848
152 113
233 278
228 878
135 909
174 946
197 927
99 469
131 686
2 408
95 663
32 712
129 753
234 601
203 744
112 288
260 408
222 438
216 208
29 228
289 103
45 347
269 942
253 996
297 356
200 913
6 268
255 243
206 807
10 823
220 342
270 171
228 207
184 100
311 618
262 355
289 631
86 818
58 622
29 332
273 850
137 630
314 191
270 501
209 368
20 437
203 94
311 576
272 461
123 675
66 383
139 352
132 841
69 966
102 285
47 510
227 457
205 593
239 948
49 219
98 197
280 73
53 437
12 955
59 111
185 866
237 310
65 14
17 77
240 801
26 483
262 837
111 959
218 757
154 107
7 835
111 769
55 169
210 950
86 641
259 874
204 366
191 344
257 663
226 999
145 101
233 259
201 241
312 618
95 133
295 854
260 321
200 970
235 368
157 794
194 564
228 928
282 770
293 848
116 987
183 604
3 453
225 811
189 493
6 287
102 465
166 788
28 116
219 181
123 927
248 240
232 952
28 957
44 461
117 807
289 193
52 382
108 155
99 688
64 9
14 828
248 690
191 901
317 919
99 559
97 693
214 158
56 221
200 199
74 245
127 447
258 950
299 130
243 9
69 59
111 37
146 294
42 751
33 269
302 215
39 18
133 191
136 642
61 515
166 403
248 280
280 563
2 113
202 946
58 514
18 120
126 295
23 374
274 72
100 778
124 687
280 274
130 930
319 937
264 870
248 941
9 677
302 45
32 623
305 844
126 103
216 996
167 524
11 349
102 259
145 693
296 186
144 863
275 35
274 221
288 69
38 63
216 604
110 498
68 834
105 166
13 136
23 939
265 288
92 490
130 112
20 317
155 300
116 920
60 542
205 432
169 927
308 185
221 132
284 731
303 727
113 87
217 985
272 165
38 749
82 841
213 227
194 519
201 722
290 390
108 620
84 114
315 35
226 90
20 838
239 202
58 312
276 47
157 931
78 859
123 955
70 585
131 8
73 702
188 423
20 597
257 735
171 215
185 855
296 22
195 138
311 983
168 181
210 475
95 46
177 975
250 401
14 443
177 616
296 624
120 609
324 187
187 32
203 89
186 207
261 113
81 289
239 941
189 165
145 220
175 609
68 513
196 986
325 526
238 35
66 678
317 921
136 421
217 30
248 411
105 398
42 876
238 752
293 415
163 122
129 590
142 291
254 360
216 510
177 94
213 243
3 349
284 551
291 41
112 149
321 46
178 987
129 736
84 837
306 115
185 421
225 752
279 8
199 229
291 900
303 406
250 637
31 141
34 95
150 28
143 564
5 562
16 958
133 976
146 717
85 594
303 431
11 677
2 359
40 12
17 308
194 414
173 23
70 771
156 43
38 114
153 957
324 308
226 958
287 750
177 195
108 808
213 52
316 590
133 624
1 388
303 461
44 589
286 798
25 877
168 996
143 330
8 518
33 543
205 569
37 308
228 540
247 238
16 319
244 22
250 890
65 978
251 4
39 49
72 155
267 127
100 626
226 543
174 302
145 708
231 465
205 175
106 441
263 175
114 995
134 633
301 610
60 717
69 179
69 906
162 816
62 272
123 201
122 535
86 399
184 482
92 543
204 360
124 956
37 806
55 187
242 141
184 790
158 217
21 85
200 42
63 467
46 670
270 879
260 374
192 160
319 135
241 543
183 709
232 755
300 633
12 612
38 861
314 528
4 86
287 893
85 221
323 870
78 713
112 481
111 827
216 157
92 151
92 807
18 576
195 467
186 274
246 965
207 743
313 829
173 518
325 124
80 65
22 597
128 141
316 238
303 340
320 203
87 485
320 501
59 115
217 713
62 253
226 697
267 687
158 725
271 975
248 661
34 283
110 903
97 986
141 736
158 550
284 676
210 411
234 200
52 476
205 844
26 234
72 329
284 245
149 493
36 328
55 499
294 431
193 269
218 515
108 192
228 536
305 396
154 80
136 559
301 678
224 839
113 566
49 969
316 408
20 301
67 570
142 517
324 837
82 625
278 448
77 313
36 883
166 173
49 146
245 679
313 539
88 988
247 548
186 301
110 88
21 945
231 398
201 384
286 839
287 8
157 443
201 883
90 61
177 814
119 763
53 169
105 64
100 249
115 191
214 561
271 801
88 69
131 486
73 627
76 493
249 303
168 641
170 353
171 477
24 300
305 397
107 97
102 664
300 730
52 687
72 76
128 218
261 860
114 902
88 491
133 63
76 934
2 355
314 578
220 157
222 353
160 641
20 252
195 40
303 729
80 49
98 984
136 608
163 793
55 390
265 44
54 143
33 956
75 710
255 443
132 958
145 9
288 603
170 742
264 706
7 571
99 80
6 456
143 96
177 878
277 422
134 814
266 541
139 16
101 907
67 369
93 753
306 775
45 989
151 613
4 813
224 483
106 715
15 666
81 529
176 952
58 110
50 590
268 692
201 36
254 815
89 372
68 338
25 28
252 129
197 585
132 113
184 263
164 4
225 569
288 441
93 562
223 426
274 696
202 846
288 658
55 796
62 364
69 142
299 628
64 62
243 208
126 528
154 161
188 418
38 561
279 463
47 337
107 920
304 273
234 563
272 273
113 420
232 834
93 543
134 58
179 757
78 329
67 325
40 196
249 899
26 567
203 350
271 893
199 33
127 129
322 459
185 9
216 849
255 461
259 213
27 69
288 461
294 496
3 727
198 500
270 924
69 861
85 953
212 7
79 563
300 77
123 566
240 704
175 17
286 30
44 845
29 284
171 337
267 513
173 277
272 29
128 507
10 296
102 527
108 36
151 160
289 28
238 283
127 836
225 922
290 152
224 361
323 539
58 148
89 592
95 941
210 190
184 231
144 39
292 338
323 751
110 404
191 528
311 738
75 804
76 669
95 577
131 485
160 806
188 34
148 626
316 483
184 969
105 810
298 306
136 754
58 211
79 198
103 902
173 307
68 263
72 778
54 809
77 735
160 874
278 76
114 459
253 724
78 351
214 102
62 744
124 223
167 868
263 387
127 340
222 168
6 12
149 569
85 780
101 520
145 203
12 641
93 862
34 459
1 888
235 951
215 275
239 280
310 881
205 188
75 296
197 3
288 144
292 57
247 115
191 650
137 220
135 506
16 188
6 721
149 948
54 155
130 731
107 409
186 571
306 44
23 37
159 169
69 175
249 410
42 100
27 428
30 92
81 449
154 113
143 184
202 217
7 141
245 28
154 681
97 609
242 936
312 358
185 839
319 4
48 61
160 730
226 484
262 897
111 459
204 954
135 832
255 537
29 5
227 155
238 742
161 108
288 968
144 841
141 773
247 497
191 859
24 843
276 601
78 320
33 620
61 266
134 646
276 896
71 89
142 323
165 721
214 313
74 887
234 959
228 789
322 261
115 567
149 110
22 379
18 146
20 276
21 328
112 485
168 587
147 550
95 757
39 250
122 596
280 583
58 814
285 839
82 547
33 735
122 47
1 309
235 552
166 195
58 425
31 402
256 785
236 529
255 357
131 827
52 242
269 529
301 583
298 778
216 694
312 609
182 200
322 817
205 652
65 708
56 921
49 913
254 518
162 240
282 295
83 7
89 213
310 624
129 656
53 896
67 637
293 854
170 475
114 991
139 546
179 367
100 311
141 956
190 796
65 587
265 307
77 102
67 211
289 820
187 612
250 90
292 145
151 850
268 162
267 332
185 322
155 207
201 184
204 96
307 697
58 749
42 574
174 230
152 173
186 178
173 98
243 244
146 433
52 532
254 914
262 963
125 921
107 564
88 475
19 785
22 309
29 38
172 318
112 545
122 690
27 969
129 802
159 302
200 547
31 867
265 813
142 267
44 572
78 488
252 71
228 17
67 47
36 72
155 955
73 618
281 657
315 631
179 39
312 408
228 811
21 663
97 973
78 965
192 597
284 954
295 307
272 407
105 778
140 890
169 611
141 43
181 917
111 977
72 995
23 782
42 607
160 533
65 11
264 139
46 824
168 817
129 203
148 708
72 77
102 168
151 392
185 606
71 254
142 346
123 790
324 934
280 900
285 274
276 486
157 936
120 967
260 719
96 108
287 619
165 206
188 8
310 859
105 919
196 459
143 550
38 637
21 71
128 96
257 917
15 27
42 796
135 803
314 660
165 438
233 784
28 55
317 641
126 169
131 478
42 102
158 864
246 794
183 966
294 71
298 185
89 238
66 224
181 380
263 413
99 517
225 860
74 292
217 201
276 981
32 381
109 224
272 278
141 593
77 282
117 928
87 150
80 654
275 335
23 976
243 99
313 385
139 465
300 224
249 944
47 276
280 791
70 361
153 948
11 932
136 684
120 151
181 949
288 40
299 177
102 218
108 369
89 680
27 237
314 335
80 582
10 257
115 120
184 611
