1400
262 948
248 529
70 953
37 634
328 300
290 523
235 94
325 62
98 569
29 403
4 91
202 187
322 814
303 781
215 679
42 279
147 9
120 733
304 545
184 155
3 758
288 991
91 189
243 727
4 758
126 742
276 443
224 910
18 424
120 285
265 70
68 428
63 670
291 912
309 555
165 595
187 161
37 29
36 475
322 614
208 851
344 937
220 868
255 6
206 193
34 279
335 611
278 559
164 977
4 204
251 587
304 697
2 410
220 200
270 911
46 666
200 126
44 303
132 963
96 136
116 752
63 324
316 756
345 432
181 22
9 823
138 673
311 953
328 569
216 654
11 554
279 470
175 169
254 864
54 894
83 65
242 474
336 366
115 551
196 340
167 830
78 697
307 956
123 927
126 988
176 257
243 180
206 325
98 333
134 747
56 223
128 587
309 645
165 46
25 934
341 809
70 435
132 332
153 751
227 35
64 350
269 317
158 902
307 907
14 986
26 671
167 11
350 96
13 527
143 463
239 680
153 791
253 572
227 907
19 134
227 788
51 452
145 628
251 992
65 928
259 276
122 143
329 447
64 2
40 869
210 922
276 502
326 651
98 233
198 877
117 697
164 146
59 661
211 852
105 877
10 737
211 942
60 821
284 682
321 650
331 129
278 337
328 663
188 346
229 754
169 351
318 199
56 916
34 154
179 360
75 826
312 539
291 628
82 483
313 201
114 5
43 302
26 908
235 657
111 239
235 803
207 877
115 649
86 217
23 24
350 944
3 601
293 733
181 969
57 421
187 948
303 319
271 700
68 57
76 528
272 824
19 116
215 336
321 110
298 707
227 920
345 418
85 260
270 367
212 415
81 810
68 349
280 422
74 717
344 202
84 122
295 445
133 208
232 82
102 746
40 866
187 763
15 143
139 162
124 327
193 362
336 932
51 616
43 668
104 348
151 956
43 274
36 606
326 658
147 467
298 310
220 931
131 154
281 561
76 990
105 983
301 146
241 57
126 483
2 733
15 771
306 291
138 341
123 902
273 499
278 958
181 41
289 368
39 805
244 357
199 230
213 121
178 426
6 116
36 383
229 539
53 799
183 796
61 422
266 82
71 626
89 710
253 176
128 474
185 5
159 619
150 50
175 512
233 911
45 594
237 710
302 991
81 935
16 368
190 196
326 879
60 381
317 532
223 295
14 376
265 23
112 738
277 493
312 649
211 422
260 247
246 105
336 104
43 661
151 714
271 125
270 287
65 714
153 334
112 379
12 662
135 323
255 946
342 783
264 740
197 201
58 982
175 102
267 497
115 129
348 28
20 43
282 458
62 873
219 335
322 447
154 465
92 728
302 974
237 174
275 372
342 430
62 844
165 477
307 877
343 381
131 732
330 986
80 483
8 512
62 367
328 305
332 749
116 181
119 84
226 262
243 716
22 262
162 233
290 15
318 74
91 79
9 939
262 23
207 431
1 193
245 245
212 725
250 37
63 714
148 874
174 747
258 725
36 342
250 814
83 268
62 684
350 296
249 404
145 750
305 838
160 258
168 635
65 146
200 950
170 474
238 653
334 375
278 580
309 142
100 775
333 633
131 109
209 357
300 81
231 526
247 307
286 623
76 131
298 421
187 683
159 912
190 427
49 789
115 574
339 667
216 742
340 709
269 372
79 144
59 827
300 497
227 54
268 958
283 454
142 562
82 374
274 480
213 471
314 681
292 527
293 481
73 428
99 724
184 288
245 44
44 314
8 645
213 999
62 540
171 240
187 178
121 977
220 336
257 492
322 40
301 99
2 153
110 553
143 605
184 585
133 50
111 272
140 12
52 950
63 189
248 280
65 338
123 643
333 686
184 461
104 332
197 556
270 967
3 911
58 986
164 293
258 219
66 860
152 541
16 880
347 630
309 779
340 498
274 687
240 104
194 448
58 382
70 913
16 925
215 414
288 796
22 438
268 784
203 443
331 445
113 166
153 894
95 746
52 81
68 920
139 943
306 868
138 920
12 186
206 946
305 454
283 659
30 978
206 311
101 493
128 546
178 760
260 107
12 651
125 699
87 682
40 172
283 226
209 319
72 314
327 245
317 495
51 328
56 939
256 322
299 66
252 703
18 219
221 12
147 533
128 583
279 956
243 19
26 853
316 591
349 443
183 952
104 274
129 675
193 505
290 898
217 503
35 201
215 193
292 667
236 579
91 628
203 366
141 411
223 206
231 3
156 171
149 752
87 181
220 519
117 801
289 308
252 564
87 218
330 549
13 562
311 809
326 567
177 51
144 401
14 257
155 720
63 634
119 232
38 83
8 323
215 572
328 828
139 290
83 834
245 462
117 798
269 291
145 987
244 876
201 198
170 462
183 844
176 79
181 783
100 790
215 877
158 879
155 677
85 274
348 822
96 151
345 533
323 184
279 63
31 994
69 803
93 727
283 481
199 365
74 889
110 782
215 770
91 222
157 424
298 622
301 203
81 242
163 352
284 85
345 71
331 126
306 750
96 589
335 999
279 879
288 784
80 964
139 722
296 431
300 260
349 797
160 437
112 24
274 214
172 190
60 583
252 238
323 809
291 546
237 382
62 664
222 280
330 938
259 435
298 640
100 324
177 459
82 963
154 916
179 679
16 255
114 920
344 967
42 522
23 636
45 313
204 132
174 53
97 728
9 501
21 327
280 728
211 289
143 518
277 631
7 742
220 99
20 558
174 266
156 112
232 414
163 624
123 911
91 397
195 892
185 368
47 650
270 997
232 174
269 37
3 538
333 103
37 817
327 631
340 188
202 342
244 247
6 125
174 675
259 433
210 271
172 105
329 356
266 171
253 202
5 615
227 334
100 378
264 85
220 329
334 473
54 292
324 428
103 361
298 519
37 591
298 977
287 792
5 213
144 311
100 702
247 652
158 696
96 512
150 276
191 99
4 269
257 31
7 463
59 903
31 829
90 497
177 464
54 490
177 564
260 639
166 334
203 824
186 949
145 314
124 607
93 474
96 95
250 23
218 496
46 434
285 517
112 233
76 989
137 125
307 497
79 57
168 127
242 653
138 612
147 478
13 382
54 964
343 208
38 388
214 263
171 529
145 245
273 374
82 266
31 512
34 991
190 911
243 165
65 940
132 575
304 918
313 632
16 680
255 780
347 659
189 804
286 974
350 570
155 28
303 617
258 465
76 983
191 425
213 377
145 836
167 527
61 336
350 28
117 810
31 683
12 61
322 118
329 853
32 198
154 521
161 495
334 83
229 718
279 818
304 631
36 466
97 60
182 293
194 224
177 480
297 927
121 556
226 343
334 367
336 479
282 697
207 748
339 852
222 813
24 265
286 521
99 244
265 893
94 778
99 383
162 390
107 492
286 737
13 976
193 185
292 366
344 768
81 426
129 724
309 440
211 444
312 982
317 771
289 520
239 571
308 441
274 384
112 386
111 972
211 245
14 360
305 376
117 472
175 573
165 266
310 418
90 275
194 173
264 479
157 153
167 995
191 149
333 908
192 376
279 84
213 878
171 687
302 137
330 49
6 905
55 399
89 913
75 954
62 213
271 777
235 465
140 657
2 844
43 432
10 702
201 652
100 589
332 11
265 321
180 363
81 249
318 335
282 271
5 157
47 154
216 641
184 378
110 751
170 949
141 916
295 25
62 827
202 152
42 782
150 366
174 983
207 511
166 10
215 767
22 283
214 223
14 909
98 268
291 971
248 76
244 493
3 388
60 632
241 50
173 88
77 475
242 893
72 119
138 964
14 492
296 841
16 573
257 459
212 512
265 956
182 248
64 903
341 976
101 721
282 224
232 267
258 835
304 591
108 98
188 355
112 378
121 151
59 915
313 777
193 516
73 367
79 218
17 900
88 734
228 357
100 338
193 311
153 805
86 481
33 823
58 987
288 771
221 506
118 462
346 431
63 756
168 817
305 379
234 954
137 163
283 723
131 853
213 701
137 909
294 63
269 480
138 315
77 663
79 787
249 28
64 721
94 743
250 665
269 812
293 172
149 95
199 247
74 607
3 542
65 953
89 485
261 624
122 911
48 64
304 701
62 570
324 862
67 627
177 669
63 689
44 806
212 690
339 335
9 640
231 627
227 918
298 257
88 674
330 41
217 483
73 611
177 862
333 564
326 279
73 33
18 245
306 575
302 329
293 494
56 664
148 358
298 167
155 929
251 669
4 66
228 827
96 545
43 223
226 110
268 48
297 538
51 54
243 727
253 513
115 443
261 68
230 460
260 426
336 513
18 39
250 659
318 999
311 786
45 301
260 206
265 718
130 792
266 263
224 579
310 439
83 130
283 385
278 659
22 12
223 742
274 797
305 656
257 734
340 678
31 437
69 697
165 844
188 738
97 974
260 120
245 681
38 526
345 46
239 886
326 518
236 873
42 1000
217 42
275 101
122 378
140 446
15 232
278 227
211 985
259 748
54 855
298 839
167 76
267 462
40 251
74 181
232 642
147 912
243 157
320 529
293 744
107 668
123 301
174 873
80 296
305 170
324 414
207 974
318 666
180 526
272 526
135 356
211 574
236 871
46 484
203 484
122 618
225 920
51 771
239 315
25 306
85 577
108 798
5 413
81 63
35 906
166 840
306 69
239 559
128 297
203 812
176 785
316 239
10 691
293 619
197 829
211 87
30 620
172 415
76 334
170 143
9 699
190 373
306 539
135 369
24 265
194 956
133 221
129 842
34 631
262 664
130 744
324 844
112 506
98 22
191 518
18 25
98 558
328 772
204 528
35 128
300 525
137 914
181 443
197 95
278 635
190 431
240 335
196 317
200 279
30 4
139 591
203 170
348 198
234 19
98 978
42 819
94 212
25 15
190 263
241 315
65 593
118 945
154 229
253 487
327 746
228 381
123 260
108 688
188 28
284 726
91 206
15 432
348 150
342 542
196 532
345 633
288 26
203 424
189 783
63 101
210 883
2 435
333 56
126 988
111 989
301 611
287 689
213 884
321 242
287 818
49 399
221 12
7 173
328 879
259 952
173 310
211 455
205 570
321 66
135 634
190 293
297 802
202 655
250 203
205 438
276 72
201 551
194 356
332 875
267 523
310 995
40 322
144 96
100 72
4 297
53 94
28 350
344 373
150 479
255 763
290 444
218 79
276 338
298 473
261 812
140 705
192 327
29 990
25 149
29 10
210 843
307 849
183 941
104 636
274 621
192 692
219 250
250 63
151 102
262 207
90 456
328 665
95 17
112 195
326 655
305 148
333 583
5 504
283 343
237 923
101 551
241 346
100 469
324 677
204 626
119 751
125 919
11 231
261 629
299 309
150 881
143 673
177 900
60 156
262 766
263 187
116 979
103 844
160 211
155 28
318 207
191 821
126 270
265 812
155 162
299 19
43 222
266 555
212 978
327 610
152 839
146 178
85 410
248 367
233 496
270 860
150 980
265 338
108 229
74 137
292 557
296 574
196 619
170 62
338 645
257 409
127 619
241 286
130 194
327 824
202 983
267 820
131 154
220 907
3 700
120 925
197 751
283 427
318 885
183 329
227 153
271 56
209 698
5 723
36 982
105 616
311 302
66 178
76 797
109 386
302 106
309 707
346 358
173 83
83 469
118 73
272 226
198 373
182 357
157 393
317 412
250 834
219 879
190 527
63 407
194 616
322 171
307 31
179 197
119 982
108 471
347 445
152 734
30 840
273 497
321 412
215 581
173 428
200 663
94 219
78 814
3 861
79 965
119 418
147 181
78 677
99 35
128 359
194 852
332 430
280 744
9 910
114 685
278 881
26 690
84 542
162 688
3 815
302 512
105 839
277 41
174 63
216 858
278 803
157 410
96 20
57 904
322 927
77 390
285 533
44 900
141 240
225 798
307 314
8 793
323 706
295 327
156 294
344 555
142 875
55 337
316 324
155 496
76 424
36 212
242 402
114 369
126 174
234 707
110 222
256 185
32 855
250 558
55 291
14 934
163 884
153 861
73 869
252 782
278 800
85 243
221 969
73 605
190 750
81 860
299 276
152 923
307 194
140 765
253 364
201 487
151 984
252 963
4 444
113 889
249 282
346 453
192 710
233 173
181 604
121 736
192 370
148 621
259 51
99 840
263 667
152 605
220 185
194 46
145 703
308 714
63 964
21 100
116 962
165 576
208 259
167 55
169 448
175 347
56 491
89 864
65 983
30 837
7 914
157 953
174 683
245 865
243 748
173 289
269 250
127 493
116 821
145 171
248 498
271 910
267 57
141 826
40 799
207 217
209 295
53 22
194 564
141 956
273 779
273 654
187 413
315 317
261 391
4 949
162 864
295 207
317 92
179 525
286 285
77 335
329 853
160 339
49 47
135 820
96 493
239 718
