1900
387 389
259 713
36 260
330 850
319 222
49 511
133 71
249 844
4 7
159 730
475 905
206 528
412 548
198 338
435 15
425 991
439 678
340 956
273 182
393 462
143 660
264 182
442 555
339 571
425 741
335 257
122 868
377 22
331 863
209 76
158 538
145 824
414 719
426 142
17 662
170 719
191 344
221 192
297 582
400 873
227 624
270 923
451 990
385 550
68 608
449 829
351 186
261 647
183 448
161 348
151 806
186 606
308 804
451 520
71 494
270 292
419 654
396 355
309 434
378 984
428 153
301 497
176 416
321 584
454 407
262 48
175 807
168 684
295 452
203 946
86 463
459 857
438 966
385 712
342 896
456 280
7 710
93 636
46 315
333 98
342 693
164 2
99 503
394 726
446 974
154 65
37 175
168 90
294 93
23 296
157 762
151 703
140 235
351 554
231 826
24 591
100 932
151 551
30 528
149 367
160 903
399 967
291 267
355 959
224 167
247 307
410 451
435 822
362 748
203 665
436 589
325 645
335 510
186 361
35 295
394 699
88 537
291 402
420 618
458 748
282 369
331 349
241 920
109 437
296 155
95 393
95 533
409 270
47 505
131 846
323 661
157 814
292 531
85 478
48 510
299 631
95 2
322 673
274 170
247 486
120 158
317 88
374 680
39 894
149 903
297 762
163 933
471 782
234 628
109 779
333 283
225 688
182 864
353 651
78 776
372 260
54 143
105 941
40 354
208 250
473 274
412 513
119 589
319 246
257 816
51 978
242 1
67 785
193 224
310 651
438 767
144 926
70 671
67 629
139 773
412 4
445 236
184 745
65 584
343 137
85 887
8 839
128 457
443 705
368 116
170 108
33 652
59 278
37 485
34 470
299 229
471 606
409 715
257 92
309 998
222 857
158 627
78 888
122 171
310 69
191 745
253 510
59 551
374 57
429 266
56 370
291 557
416 849
83 778
146 859
163 358
293 6
339 184
222 472
354 44
92 772
460 491
103 813
67 1000
230 952
243 395
464 920
222 461
113 171
245 283
366 569
99 702
281 377
457 512
3 560
387 151
435 469
162 589
144 998
45 920
172 81
308 193
400 312
194 536
301 581
207 704
11 300
31 936
368 312
465 447
248 513
434 200
97 101
342 186
148 970
175 552
271 769
447 416
24 194
375 26
182 569
390 544
221 733
132 828
15 289
60 554
90 53
399 831
287 846
394 478
396 119
465 743
232 519
239 884
35 206
65 507
407 797
33 991
312 438
218 380
69 280
181 855
288 777
175 466
297 460
233 13
436 763
447 900
266 857
127 948
113 447
206 998
237 450
369 230
24 747
64 246
224 810
349 640
283 664
40 447
385 845
85 689
151 623
46 140
200 475
129 869
296 598
145 635
346 785
369 69
322 407
245 982
302 803
297 235
112 868
382 842
442 870
208 927
403 340
166 526
156 208
44 636
163 6
23 816
47 647
374 774
74 603
166 605
362 987
395 82
426 536
429 193
336 444
169 903
153 203
238 916
299 149
32 361
465 495
286 158
108 768
224 784
87 291
203 956
285 931
215 283
312 910
422 514
380 863
308 20
278 455
355 385
83 350
89 988
405 673
160 172
133 14
88 777
392 619
294 729
26 413
65 850
243 271
267 163
180 170
192 509
328 819
86 212
409 832
29 549
370 270
281 965
21 556
47 944
270 317
176 427
461 564
368 56
390 966
311 417
377 508
157 805
336 892
368 26
121 272
425 932
134 904
327 536
362 777
145 827
189 959
248 35
150 39
320 241
388 51
16 937
377 820
307 817
349 108
427 376
246 659
148 746
139 187
72 369
169 671
149 355
125 505
246 945
14 366
77 612
416 191
459 903
21 888
370 468
376 941
219 873
404 484
367 507
341 396
387 868
148 830
61 482
435 752
245 965
144 937
216 697
435 689
273 470
186 700
283 677
372 671
442 98
424 187
98 456
31 797
62 943
8 802
358 348
164 424
212 195
185 809
11 287
443 877
34 695
260 671
32 564
350 985
360 320
268 221
5 975
450 469
435 583
257 496
330 651
161 223
142 747
244 978
141 238
203 532
24 172
242 56
15 331
115 428
458 391
309 719
391 315
359 332
33 169
453 51
232 875
96 469
18 143
143 294
390 763
208 178
405 822
283 618
142 688
182 569
279 257
399 676
106 927
292 229
472 522
230 211
218 280
167 535
131 8
171 240
176 457
295 465
295 422
55 753
8 978
446 146
334 315
297 248
150 333
98 479
433 62
383 433
47 895
229 348
108 552
179 73
266 271
239 810
429 686
94 423
114 294
346 289
379 655
174 572
40 658
153 167
3 559
338 201
279 581
422 474
230 221
50 8
285 303
128 847
419 715
319 145
338 962
29 556
180 498
339 973
316 797
90 449
228 355
423 973
170 136
233 29
125 998
26 776
425 910
34 633
155 89
31 471
140 788
77 363
300 824
100 266
179 217
454 790
301 164
436 576
232 937
99 542
457 60
276 261
162 610
252 961
142 961
29 39
456 619
443 822
400 487
21 973
450 208
248 245
223 573
305 737
229 654
370 636
348 737
427 669
286 207
347 492
423 572
196 449
426 658
293 662
283 786
220 692
420 767
206 142
381 539
375 922
395 743
380 848
217 230
209 841
47 904
129 738
352 867
316 460
465 744
79 430
247 360
299 366
235 225
133 83
8 444
273 597
436 534
466 492
305 811
257 641
38 841
55 847
297 476
472 316
333 622
179 786
31 374
408 921
223 364
237 972
433 196
434 916
199 279
335 98
273 343
372 136
314 617
403 48
347 995
297 988
403 180
147 518
217 385
216 679
440 430
132 816
215 190
222 3
76 281
286 982
305 556
441 303
450 541
118 626
10 243
263 685
276 224
48 141
249 267
460 434
133 547
51 738
270 64
51 98
304 284
209 734
108 22
4 833
256 379
139 574
271 201
34 603
57 816
409 949
373 953
190 184
413 663
241 277
342 761
293 683
217 821
111 726
471 782
405 913
69 1
213 867
44 968
347 150
184 88
97 767
414 668
192 175
244 944
378 111
330 681
188 972
97 611
363 432
116 153
420 242
352 622
253 802
179 41
2 961
454 153
131 156
99 773
196 104
5 914
35 899
123 783
436 614
265 685
61 968
307 83
93 431
198 790
303 797
56 934
37 862
40 335
139 301
276 629
331 748
308 837
74 150
287 120
280 683
282 332
137 578
250 848
107 668
149 790
211 14
116 478
299 495
26 168
123 741
301 800
423 459
244 959
211 408
58 935
163 226
288 228
413 876
391 803
38 57
214 687
212 951
330 401
58 739
415 206
441 276
340 783
65 37
351 978
23 880
15 659
307 146
354 289
141 921
463 827
286 517
438 660
424 324
209 108
128 88
288 961
42 529
11 156
153 623
257 844
117 895
428 665
65 585
341 142
329 494
294 289
18 180
165 259
187 903
395 608
20 384
425 986
215 383
356 619
379 115
233 616
330 444
232 807
102 676
454 864
196 719
13 901
221 507
284 750
220 25
169 448
474 569
254 392
94 94
431 633
118 913
49 980
403 262
433 284
359 699
460 796
394 118
12 50
283 482
390 124
179 634
218 84
300 7
348 363
51 839
29 7
5 561
153 620
382 603
17 39
266 111
157 784
257 539
252 4
73 944
380 24
184 108
213 6
298 621
194 202
208 305
367 609
413 195
254 503
364 141
217 26
42 652
26 940
22 649
412 467
184 189
191 880
52 986
128 11
256 680
90 553
420 973
347 123
53 907
312 801
151 758
6 758
378 510
26 803
415 323
267 533
320 242
322 245
373 84
164 915
4 51
56 776
219 822
17 939
175 731
445 408
65 506
307 70
236 26
243 735
147 664
474 715
119 871
194 633
140 197
174 242
6 333
15 327
204 106
111 987
174 182
319 537
407 172
231 29
206 178
436 690
429 797
24 744
45 525
28 52
41 922
249 696
341 450
152 839
269 861
204 696
130 710
244 512
54 282
27 668
74 464
279 155
441 635
377 295
267 651
206 471
473 525
83 603
121 357
233 937
443 3
22 31
270 349
42 981
221 679
47 697
232 170
194 174
262 600
4 340
240 767
350 976
19 440
414 119
464 168
17 972
269 787
313 547
415 113
194 647
277 274
130 954
1 599
398 17
265 616
249 65
21 285
286 911
243 438
5 705
157 2
312 270
161 240
359 232
66 825
89 411
288 29
115 498
271 848
334 791
292 471
235 705
108 646
175 522
242 38
43 175
380 900
147 174
268 544
68 196
395 468
55 77
243 547
79 654
140 926
455 648
37 351
113 398
351 661
419 340
73 145
169 23
212 219
222 293
79 960
392 34
449 23
196 804
73 678
355 98
267 469
322 587
136 238
16 469
273 969
155 179
199 107
438 995
419 310
303 48
147 136
387 789
284 841
359 842
271 684
407 480
398 573
238 74
328 410
224 593
208 565
214 463
168 433
323 457
301 570
284 27
262 332
310 179
249 431
277 422
250 609
468 395
157 791
147 633
387 802
129 12
315 354
386 173
9 473
60 939
423 848
168 874
262 456
205 32
248 247
282 82
378 459
451 359
394 641
440 348
184 744
335 950
118 214
370 290
60 984
64 711
125 982
309 284
168 551
256 602
59 617
395 615
2 801
185 209
317 259
173 504
258 551
319 778
223 743
140 334
207 374
242 440
438 432
297 857
419 833
134 138
340 335
368 84
455 930
151 996
128 993
31 659
123 678
53 73
243 448
51 814
437 921
159 54
29 641
473 785
399 964
302 553
59 422
250 865
57 982
69 518
374 457
364 775
128 799
41 952
369 164
101 697
375 137
278 383
200 369
15 498
91 583
249 135
440 674
471 872
80 494
179 973
314 827
369 988
434 185
346 982
371 394
16 616
212 466
189 489
421 307
124 312
372 181
41 436
415 84
186 640
51 230
144 468
440 126
352 712
386 208
419 188
161 420
362 127
232 1
232 706
425 631
99 901
442 509
23 181
252 583
152 626
289 32
317 496
426 392
273 485
44 541
98 748
239 323
265 524
410 699
348 767
106 692
78 95
8 104
25 579
126 233
43 688
390 4
326 348
151 658
420 122
98 960
256 601
251 603
213 252
277 478
344 929
148 735
214 701
251 152
15 82
107 364
315 576
125 694
198 911
325 552
317 442
458 658
435 548
121 877
165 913
46 652
124 621
344 483
326 429
162 936
67 531
407 775
376 620
231 289
472 598
267 173
395 408
102 844
442 834
179 165
256 769
218 316
48 61
138 701
202 726
376 163
96 802
351 129
285 751
230 386
371 625
323 157
11 399
119 683
442 210
119 881
259 584
375 743
73 206
225 686
166 429
263 524
354 643
438 465
409 758
369 726
357 65
462 802
308 988
211 579
429 800
222 677
4 334
67 650
452 820
431 70
243 150
57 418
232 269
86 295
217 360
241 957
280 1
447 232
304 94
369 161
205 693
94 888
152 677
68 277
48 843
334 346
129 481
210 508
47 312
472 476
39 276
271 845
211 430
293 418
312 589
38 351
2 431
264 568
55 449
424 466
342 113
140 154
36 715
459 559
198 908
156 783
10 935
446 408
266 508
88 152
174 458
298 92
424 90
364 722
207 639
71 262
15 302
361 710
79 829
131 795
23 637
226 289
163 33
219 198
139 576
56 917
114 540
79 685
18 194
190 593
129 719
266 276
73 25
248 516
451 731
432 527
104 94
180 487
460 369
367 496
281 861
183 65
287 961
137 700
139 462
445 995
32 729
168 465
455 243
301 49
100 664
153 116
202 133
187 502
370 764
327 173
159 77
288 884
429 770
189 87
69 645
136 188
222 981
61 53
222 741
450 991
185 719
453 436
353 312
284 182
326 836
113 265
335 32
301 295
71 338
353 892
470 890
208 842
395 147
441 607
4 21
303 345
358 927
175 42
349 587
366 825
409 845
78 465
435 404
257 820
155 570
140 117
309 11
122 837
368 937
128 557
471 100
180 252
121 143
249 962
214 314
469 103
416 771
69 632
15 228
112 762
73 403
271 68
97 353
209 156
333 780
438 457
106 221
444 920
341 509
87 229
342 796
55 499
330 927
453 703
438 607
336 709
386 742
124 803
269 602
424 530
31 933
189 356
433 316
365 34
318 158
454 405
148 807
440 29
233 428
465 367
119 34
335 628
336 105
180 978
59 935
402 992
235 931
134 791
193 533
202 803
18 798
333 388
126 96
118 646
86 369
467 308
128 299
473 955
280 209
381 80
347 761
308 545
301 73
242 371
192 447
93 962
434 244
284 777
159 759
151 131
135 336
206 307
47 118
324 891
458 142
407 635
199 349
115 513
355 490
29 757
166 848
212 173
301 579
342 820
161 599
236 325
303 524
441 419
65 156
235 552
39 478
213 817
447 285
291 166
172 739
348 858
283 651
175 283
158 7
382 673
274 466
311 153
369 696
421 319
101 662
391 684
123 719
60 582
45 733
383 176
227 574
252 831
221 254
434 19
179 883
96 66
433 455
305 400
63 761
454 502
325 822
242 80
378 530
107 274
3 625
171 522
314 98
471 808
198 580
65 473
122 553
330 907
400 118
427 278
314 815
36 519
201 466
119 774
15 847
410 996
407 650
297 695
143 402
171 599
66 197
445 984
66 761
317 667
368 258
299 682
97 122
411 127
443 12
280 78
265 595
285 110
115 48
428 994
370 398
429 510
22 407
129 987
384 998
126 206
466 650
367 667
70 781
97 330
326 452
205 518
30 307
298 809
125 536
415 463
181 685
325 266
88 39
472 583
473 245
229 565
386 366
394 441
10 952
129 578
56 943
50 292
365 50
466 902
254 421
222 733
431 156
299 346
141 303
360 259
101 666
108 823
46 134
361 74
181 864
460 909
378 982
49 937
343 156
377 795
102 907
137 693
5 416
318 235
152 530
57 741
80 628
404 844
182 255
38 668
2 973
147 346
38 219
13 670
259 227
141 755
191 719
93 195
171 435
218 25
49 552
200 197
353 268
465 482
338 385
77 348
101 23
283 946
460 897
186 185
303 304
150 943
174 641
329 686
215 837
243 723
69 479
472 58
308 816
367 754
240 173
381 741
359 505
144 370
304 914
342 548
45 462
117 371
140 298
145 97
13 825
10 219
408 134
32 483
245 869
260 655
312 292
409 128
436 547
309 801
249 381
390 699
405 136
402 125
359 837
263 704
127 924
413 556
13 450
148 75
74 18
340 959
418 342
3 759
310 30
9 925
434 850
416 293
300 199
363 912
270 719
228 778
87 474
319 986
58 516
418 297
177 303
370 55
45 413
75 388
206 500
301 939
407 855
58 990
228 393
143 66
2 212
275 902
360 560
41 741
208 912
42 685
271 945
99 700
334 628
92 92
5 633
433 548
229 893
436 590
456 782
463 922
55 855
439 868
178 703
130 399
413 486
232 233
459 336
310 192
188 523
353 223
176 707
371 673
153 579
178 231
39 52
51 165
199 339
32 217
462 278
325 499
379 366
265 226
376 190
221 84
272 517
207 189
293 82
442 280
64 978
15 293
342 268
127 971
133 182
8 676
141 156
290 2
245 160
35 971
395 289
73 811
396 515
465 810
32 177
172 444
351 541
341 651
404 348
457 621
147 131
331 904
65 628
80 859
371 238
34 610
333 330
441 851
330 72
305 616
117 234
334 968
345 200
364 756
198 816
70 763
370 331
124 947
251 542
109 617
307 723
151 66
129 902
137 322
396 732
371 567
51 39
394 741
199 806
52 667
330 801
263 220
57 866
235 338
200 264
187 556
463 930
50 892
88 359
2 551
448 733
399 24
390 174
38 661
162 588
105 653
292 502
415 947
347 499
182 103
235 850
448 898
372 151
50 427
222 597
94 960
98 424
448 240
51 461
170 218
78 971
27 792
168 958
112 889
33 13
239 599
163 503
346 666
139 119
378 552
368 835
222 411
35 486
144 908
304 42
8 454
466 617
313 305
428 173
414 936
161 889
296 307
297 710
165 988
130 689
375 429
426 648
282 315
65 911
302 80
343 20
385 203
171 169
324 221
406 718
26 482
67 239
28 234
229 22
458 609
422 720
175 801
408 471
91 839
100 674
1 329
470 976
388 434
212 189
159 909
97 813
156 28
158 282
434 403
254 930
306 107
27 39
244 714
391 897
67 288
239 502
386 690
119 751
300 738
197 352
113 542
3 11
387 14
435 40
274 139
189 226
222 721
67 950
276 485
81 412
255 6
282 115
19 50
178 636
166 414
306 244
393 663
425 146
278 310
107 191
349 393
82 399
398 312
375 473
232 244
458 46
144 75
37 754
128 686
443 282
147 136
447 820
115 881
282 202
432 905
167 214
180 302
1 798
186 903
374 564
358 183
223 506
254 627
213 592
216 980
6 157
270 329
30 12
369 578
234 832
35 148
219 692
380 857
21 304
165 211
157 274
165 44
16 747
112 160
159 616
243 374
74 933
29 132
261 738
462 339
414 784
331 608
280 60
379 583
366 709
299 271
227 612
268 2
201 184
197 362
133 971
307 138
108 795
252 577
177 200
159 795
403 554
157 609
385 800
194 45
256 859
221 924
398 105
59 706
169 319
225 454
101 348
180 549
