1600
291 612
370 369
271 865
148 159
81 889
314 847
4 888
53 249
25 229
168 747
249 466
343 76
188 508
383 410
270 113
117 738
317 990
224 388
7 160
74 693
271 946
194 538
12 216
129 812
274 508
229 487
70 801
382 23
390 580
187 383
262 808
128 122
130 468
332 243
273 468
80 93
344 93
82 875
377 355
41 850
302 65
182 33
73 386
223 931
293 673
116 343
23 487
108 698
195 939
55 417
169 614
118 908
293 223
64 988
94 288
309 307
242 590
188 424
392 158
256 955
91 53
42 100
304 506
38 651
86 873
347 11
355 473
112 562
268 169
215 423
10 874
354 775
377 841
334 130
85 979
208 802
173 477
397 652
23 169
54 827
204 655
353 705
391 556
107 435
60 288
35 338
269 602
80 265
170 343
374 969
60 105
12 368
222 845
118 79
390 252
158 506
129 697
331 604
92 104
342 211
59 472
149 126
40 288
233 7
339 294
288 519
103 833
368 790
43 54
368 825
193 646
161 420
162 241
134 973
38 702
330 686
101 390
318 399
186 667
152 445
48 508
100 829
257 363
120 606
324 79
233 18
130 372
333 604
62 684
58 381
340 526
6 124
245 574
190 506
230 759
321 287
222 3
300 222
21 272
135 876
48 76
189 65
338 260
224 968
177 311
312 651
388 437
162 282
11 384
139 262
132 621
40 215
181 533
85 802
176 821
359 487
102 605
234 578
355 845
120 387
142 424
281 220
53 136
348 346
11 424
366 8
140 65
240 325
314 953
70 360
188 668
91 891
290 548
312 988
156 483
389 777
254 837
154 776
163 357
156 725
348 351
317 308
371 595
69 750
299 74
104 368
303 433
217 264
228 61
200 472
292 349
234 794
105 802
388 604
92 224
375 985
44 333
13 70
391 763
386 892
100 946
92 922
30 196
345 818
250 442
105 700
65 258
344 935
21 913
171 405
153 258
195 194
278 984
53 774
241 559
209 897
368 213
348 482
157 435
212 638
56 252
59 635
170 673
324 106
331 748
296 704
328 835
388 289
111 20
154 68
356 290
149 159
97 514
68 375
114 311
293 208
149 415
63 68
327 827
124 405
110 177
226 901
227 92
173 233
292 263
134 837
233 145
131 801
33 741
248 941
121 247
256 375
152 534
216 661
125 987
326 606
99 537
258 269
235 289
228 326
63 912
53 293
57 813
151 352
332 789
392 58
46 828
64 691
89 983
172 502
115 757
365 129
292 81
311 362
356 913
166 489
51 16
50 574
17 636
218 158
340 227
174 686
204 803
126 974
26 809
263 995
86 80
16 890
372 165
10 462
25 969
248 768
90 642
180 365
117 170
80 560
169 873
353 644
350 155
73 801
291 727
189 723
318 284
74 709
174 140
395 313
84 240
163 17
368 37
249 59
81 830
191 150
26 417
195 651
2 319
63 177
69 154
286 357
145 578
96 260
204 52
13 200
263 844
238 861
120 55
315 9
153 439
201 984
194 942
18 826
257 393
363 8
81 933
173 586
20 408
132 362
235 134
29 144
310 721
270 204
380 737
76 703
245 232
154 903
3 136
24 930
48 542
249 620
334 216
282 811
245 501
176 525
124 420
88 915
379 409
156 290
227 256
216 650
371 958
363 418
141 721
121 984
86 930
361 891
386 962
9 428
390 541
139 854
34 201
38 240
208 962
144 458
149 82
331 376
335 961
312 57
208 257
211 982
315 290
46 994
150 239
249 462
312 41
332 900
266 938
346 941
266 724
84 671
375 149
229 961
140 537
149 201
62 294
58 332
301 411
47 807
87 661
105 847
320 887
23 429
345 484
229 269
13 389
263 678
77 940
321 313
76 650
370 953
89 978
2 862
204 299
93 937
297 577
3 792
197 716
397 910
61 438
315 474
16 165
325 887
385 344
250 466
98 704
171 911
83 789
131 432
224 891
88 475
27 967
73 991
309 125
94 912
347 853
37 806
239 930
15 776
72 634
25 942
235 39
239 489
70 604
14 846
241 455
375 450
108 385
133 854
207 365
307 338
106 89
281 188
27 413
105 520
220 51
160 574
251 28
305 783
339 336
42 515
18 966
28 7
121 506
25 899
395 680
36 391
287 483
42 63
68 100
298 214
219 406
26 872
345 690
221 894
64 272
273 759
41 669
156 643
205 488
159 652
86 225
67 108
385 267
400 950
106 251
180 918
14 132
272 651
264 467
220 857
240 389
384 632
101 636
339 676
207 334
293 583
21 221
152 505
373 445
283 398
178 44
177 919
323 388
115 963
162 40
112 334
32 704
392 785
49 286
143 176
38 25
329 735
347 638
343 293
318 548
262 233
74 610
61 955
44 91
129 191
103 275
318 371
49 577
255 933
236 547
90 12
95 280
38 449
19 85
166 112
357 598
47 554
122 964
9 965
182 478
279 874
243 768
280 522
80 637
107 868
221 219
244 213
100 81
334 344
109 292
238 9
325 125
375 922
110 774
300 242
190 435
36 481
202 682
279 980
43 9
145 949
44 196
83 912
180 322
36 13
261 387
385 622
140 748
305 203
148 881
195 9
130 371
6 184
57 399
325 864
124 256
147 591
238 215
135 355
83 656
228 897
279 2
159 990
207 855
358 650
155 779
89 902
378 225
276 223
102 564
311 235
19 372
155 224
75 620
71 450
129 535
321 522
107 218
99 88
128 355
87 587
150 724
173 53
316 568
209 703
349 735
170 984
264 942
122 843
56 21
286 599
299 103
67 125
193 216
148 263
264 804
49 844
215 511
295 203
280 219
4 45
160 497
317 872
62 353
316 209
76 168
146 906
130 530
183 516
117 162
158 88
45 586
61 669
71 877
57 265
49 960
364 587
47 983
134 891
141 874
382 678
105 489
196 824
391 239
39 930
259 377
111 836
46 19
278 309
306 414
247 993
92 39
14 119
184 376
187 793
140 363
264 632
138 876
61 383
379 665
379 403
288 713
371 555
265 543
99 920
389 254
300 167
226 339
262 302
139 966
288 455
149 821
40 178
374 598
105 513
111 562
58 288
366 27
109 650
219 741
47 430
45 380
370 849
9 410
399 882
378 337
179 481
279 60
54 841
189 519
333 344
233 763
309 331
253 51
384 505
156 542
36 548
69 391
112 513
137 181
208 777
254 472
43 772
115 994
31 878
380 900
353 846
148 262
400 738
244 184
48 849
27 61
89 724
300 256
140 204
2 575
92 79
112 408
221 564
231 427
17 684
323 186
272 50
172 373
93 961
152 455
169 533
271 220
219 598
46 129
35 842
121 387
361 355
312 984
31 828
207 617
140 93
49 937
383 995
236 852
65 555
144 454
257 166
224 647
116 967
352 754
134 493
82 175
359 119
185 208
111 680
218 825
373 142
204 138
186 556
323 317
346 398
4 420
44 874
186 404
30 610
314 143
116 60
39 384
315 158
141 909
211 412
353 431
326 579
88 44
163 960
73 771
247 771
359 334
83 40
60 320
200 107
374 963
17 244
114 217
126 378
266 407
290 663
136 225
163 9
66 266
272 517
256 647
281 977
51 228
204 851
266 500
355 371
377 620
231 960
180 768
138 98
358 941
323 685
115 872
164 400
269 985
193 871
139 351
13 352
334 898
88 735
341 297
163 233
388 927
36 788
227 757
25 770
60 161
213 140
85 527
274 452
187 331
170 674
22 805
220 180
55 258
161 961
322 406
289 521
259 337
392 927
165 401
350 637
190 742
111 689
102 912
241 390
128 771
307 405
155 359
151 621
168 794
23 9
262 137
25 178
16 760
150 375
320 87
235 654
48 211
218 536
100 629
210 880
189 369
305 560
121 136
160 23
183 607
172 634
192 296
399 617
118 803
386 24
200 377
129 212
196 165
6 971
173 835
164 544
212 497
362 650
330 224
243 471
293 638
221 614
66 383
73 528
187 407
244 995
153 124
296 367
122 331
69 292
347 92
226 204
18 759
13 372
196 203
251 245
108 439
272 243
26 478
295 508
350 472
344 596
29 849
240 873
190 509
224 751
138 584
258 461
84 3
280 827
28 5
257 416
5 321
291 102
311 401
99 156
310 607
311 710
146 840
163 833
36 32
225 412
114 927
148 235
279 145
290 178
19 346
189 962
129 663
203 996
155 775
167 467
124 822
253 769
325 203
180 239
201 82
260 604
332 956
391 396
386 840
12 437
116 135
203 605
104 588
260 580
141 786
34 21
72 500
178 602
204 794
270 758
188 476
135 294
47 77
215 58
295 187
373 416
348 552
387 748
18 608
278 777
50 892
91 715
9 184
395 619
312 971
103 165
83 146
348 243
348 894
86 436
265 119
111 269
205 673
62 509
284 838
313 830
10 696
392 841
289 106
91 146
84 465
227 384
159 825
94 524
325 401
312 567
69 638
330 451
304 706
238 376
190 252
122 750
195 220
250 377
387 130
31 619
207 886
390 735
108 392
126 155
313 866
134 611
154 978
290 287
109 659
1 859
368 521
106 421
17 818
272 361
290 428
206 25
84 125
315 149
379 316
177 990
207 221
100 520
40 69
264 930
217 891
249 823
30 386
223 130
400 760
392 445
256 711
130 393
319 454
59 185
165 274
334 707
378 998
114 145
163 558
7 583
104 776
238 362
52 554
40 151
319 328
62 391
92 435
6 106
306 187
27 321
73 785
207 113
1 623
322 997
312 730
326 575
346 302
43 382
133 636
353 222
133 597
103 344
384 633
7 669
238 931
318 419
372 68
91 922
19 283
29 228
92 151
158 678
130 567
211 859
302 223
83 401
90 741
96 448
256 383
174 631
384 98
97 155
154 51
279 85
311 543
8 820
258 671
259 914
330 12
359 150
225 160
22 801
194 821
223 958
368 231
289 236
210 14
221 271
119 322
118 672
183 824
306 868
133 902
128 525
137 860
65 406
290 565
353 335
239 767
215 969
69 48
362 611
333 464
11 602
340 532
84 252
273 230
186 527
292 204
346 316
117 390
2 217
118 913
34 797
326 176
325 869
279 991
321 676
149 452
140 810
188 570
382 6
330 977
282 640
60 244
69 997
366 801
343 864
290 91
371 287
367 857
237 760
245 910
272 31
297 895
137 840
161 314
101 332
372 716
357 922
77 493
290 53
212 189
9 576
119 813
378 529
212 492
157 706
246 912
270 255
142 548
27 79
350 801
73 171
245 309
145 573
399 36
264 680
191 113
316 819
70 718
280 99
78 248
315 101
102 449
125 638
309 539
249 92
225 891
318 866
63 692
299 440
53 364
248 521
354 245
201 722
350 853
381 924
160 45
236 648
77 103
275 878
295 716
368 340
79 458
106 729
365 292
322 433
58 647
114 540
160 761
206 161
189 724
225 273
339 192
152 670
350 357
182 838
189 142
252 822
349 491
161 314
399 189
345 918
302 876
27 766
7 474
389 149
367 763
43 296
106 239
261 37
240 418
398 343
349 222
209 316
282 669
62 551
236 510
382 543
238 462
319 11
238 363
267 254
19 686
11 162
134 364
4 134
100 625
20 910
53 711
45 567
224 484
43 96
162 96
385 449
303 560
384 668
118 998
248 538
374 890
317 854
297 279
218 14
331 772
209 184
91 70
192 456
34 691
29 583
40 506
54 900
259 870
22 155
321 17
254 453
278 497
40 368
339 635
164 455
43 280
55 698
282 925
6 371
157 110
375 90
198 233
85 991
227 810
145 2
247 642
178 350
64 328
309 477
364 846
238 240
326 645
314 862
147 967
174 646
293 522
127 522
365 19
164 18
352 33
246 298
6 67
135 73
357 969
316 7
89 841
284 628
54 654
163 312
91 983
97 133
111 275
45 111
302 798
398 901
329 708
263 746
99 733
283 875
208 790
14 183
210 571
209 416
347 373
245 367
155 32
158 2
119 532
204 471
134 961
225 481
251 901
314 460
204 913
71 376
267 514
69 497
52 401
343 496
366 686
201 520
73 877
271 701
292 671
268 867
112 365
250 386
63 523
166 440
316 614
151 728
206 395
352 73
76 444
201 100
281 947
104 579
146 761
19 739
286 784
394 945
288 153
280 139
339 668
66 402
67 19
399 564
394 427
359 85
205 606
62 476
97 179
278 139
125 224
349 978
259 409
230 378
142 597
201 319
311 110
300 965
224 113
244 131
159 448
281 972
316 723
268 132
142 894
166 49
180 431
22 321
271 224
205 653
134 442
139 233
95 382
288 536
211 887
198 654
217 723
2 838
2 511
297 173
195 382
305 286
4 543
359 42
247 289
288 998
119 738
143 432
85 644
349 668
349 79
138 885
103 474
69 478
337 44
303 281
297 881
324 863
110 122
220 702
178 362
105 679
291 822
346 939
93 286
187 867
34 926
144 3
190 950
330 784
200 913
292 221
103 687
376 157
271 460
391 808
28 509
148 705
230 386
263 364
124 983
139 874
184 134
273 256
101 329
4 84
108 728
37 940
147 211
45 206
359 12
94 874
138 627
204 100
374 48
131 301
260 664
400 361
173 11
60 325
22 814
256 802
157 241
99 995
98 17
37 3
64 945
178 705
113 845
8 611
100 912
221 169
276 506
356 968
112 879
253 153
151 549
179 16
320 829
73 98
198 124
269 165
369 649
58 903
251 489
125 174
291 684
49 469
30 677
44 432
158 659
141 674
9 658
30 109
304 859
195 322
382 461
28 318
286 591
43 220
3 171
22 254
400 142
367 817
347 124
73 356
2 804
394 754
244 931
230 612
126 504
30 78
151 35
53 962
211 987
335 666
185 559
360 736
393 115
396 396
180 901
120 119
31 53
138 771
103 409
277 930
51 107
46 497
30 530
50 558
363 723
279 859
185 592
351 204
286 433
205 679
324 590
266 3
262 71
147 433
353 374
5 730
3 563
32 759
42 231
282 640
11 639
346 400
305 825
300 293
267 522
229 952
16 309
111 978
373 207
250 763
188 735
76 361
354 219
326 191
85 37
240 132
223 585
90 60
117 897
170 713
395 888
43 861
118 418
182 118
286 747
138 600
24 853
190 820
300 291
114 470
118 83
158 473
316 137
272 437
132 279
17 334
191 75
347 221
239 647
114 661
171 488
218 803
242 271
87 326
208 60
240 604
357 93
79 460
153 235
167 115
276 30
365 992
330 771
67 597
7 534
101 508
291 703
394 574
39 216
61 310
236 131
6 933
373 84
388 207
193 928
306 733
149 179
168 7
389 461
394 603
326 976
306 802
212 500
228 867
104 934
98 40
