1300
83 837
302 351
165 411
304 249
271 22
220 495
25 549
8 494
111 854
54 690
101 35
291 269
80 46
176 380
201 981
46 886
49 705
314 543
235 872
155 211
29 133
45 856
261 574
244 531
311 235
143 820
215 856
320 585
2 417
45 940
48 250
182 66
255 931
192 551
93 263
153 578
127 816
134 734
56 381
150 82
273 160
149 683
137 340
147 858
172 470
53 276
18 27
296 528
74 212
99 450
112 165
192 279
247 814
55 175
70 975
295 720
312 283
148 644
265 696
32 853
126 727
293 404
282 929
152 863
91 135
46 344
252 524
212 509
284 905
318 299
305 19
319 513
251 292
268 375
184 264
162 580
172 752
101 349
81 222
273 662
148 194
59 678
26 48
319 217
124 112
174 595
319 885
260 88
307 191
105 496
260 485
244 123
94 439
162 556
316 847
207 603
52 140
52 372
306 381
161 147
276 761
292 457
151 241
197 827
300 493
83 341
99 227
114 947
198 77
161 273
96 578
189 689
14 996
52 552
266 710
302 647
3 202
145 825
17 982
96 361
182 646
56 955
49 138
308 606
103 234
34 429
77 788
240 346
209 840
229 851
164 84
265 827
277 551
3 137
13 738
170 439
204 845
148 636
97 521
228 651
35 741
194 341
322 565
322 853
179 139
268 707
314 769
61 340
235 370
130 721
268 286
53 835
115 715
103 719
141 632
159 822
285 432
4 25
34 562
225 962
324 613
305 45
259 649
324 681
54 313
181 326
196 343
183 160
77 753
51 693
224 442
291 279
59 870
100 392
165 617
91 451
14 677
189 39
201 112
85 368
270 327
51 188
108 975
110 864
77 31
300 718
75 621
297 381
73 952
172 844
108 716
209 855
138 845
116 775
320 954
296 141
179 800
277 223
1 869
102 182
74 89
278 167
90 562
203 394
126 636
169 1
124 890
59 813
106 202
199 185
45 9
315 559
34 642
162 688
48 701
257 941
277 499
31 303
249 273
91 370
294 845
217 834
3 402
226 165
99 185
231 586
136 723
99 270
156 465
63 483
66 968
258 409
153 353
125 297
297 823
150 294
94 294
84 980
168 949
151 502
244 163
160 969
155 161
97 696
28 269
27 558
42 936
279 15
110 991
70 643
166 843
238 201
132 242
129 30
38 720
256 669
277 501
283 519
209 794
321 464
297 60
288 640
306 179
62 570
110 700
320 976
310 567
251 265
161 591
114 872
27 306
172 813
103 620
105 229
305 900
242 466
215 9
304 154
22 199
85 355
175 444
306 134
309 233
31 775
4 250
29 631
11 681
93 408
321 983
222 573
156 993
225 765
3 124
21 944
118 331
13 652
11 603
274 809
142 988
290 798
39 750
323 182
118 638
182 295
256 378
86 519
233 850
317 356
16 154
68 575
236 728
193 301
221 489
303 39
78 461
93 493
42 481
253 714
280 860
270 436
193 874
167 282
76 114
282 598
306 604
303 495
288 660
249 899
200 676
259 426
22 90
82 625
127 166
261 71
269 852
197 792
225 816
239 857
113 581
271 629
223 195
43 226
146 184
23 12
309 982
208 956
281 478
220 997
47 147
202 910
115 53
199 675
10 42
193 726
87 202
160 753
1 894
66 481
70 765
139 413
28 488
44 453
139 198
317 733
109 598
240 144
116 739
271 206
23 69
151 446
236 172
306 43
210 830
219 918
181 985
152 857
87 74
315 339
150 93
253 156
280 807
127 787
284 561
68 454
222 366
288 788
48 121
301 458
119 28
121 834
10 437
126 319
231 418
239 886
19 499
90 502
108 228
12 376
79 569
20 660
273 520
140 410
183 784
324 933
53 116
33 250
224 846
242 563
165 315
131 38
237 90
167 999
54 48
277 673
126 337
189 48
301 746
29 394
268 155
98 907
94 923
26 727
206 949
281 985
238 98
300 468
40 317
91 542
27 107
198 89
191 48
127 995
144 539
262 249
112 563
112 411
68 243
181 346
128 8
191 901
131 862
138 726
251 215
217 817
4 260
191 386
260 739
300 283
203 309
30 734
289 135
131 248
205 805
273 622
95 268
217 573
281 890
186 428
180 934
46 226
302 811
205 69
40 411
115 432
44 825
198 27
102 380
87 802
238 781
222 599
3 540
265 735
33 161
109 426
280 945
31 431
170 21
3 193
109 573
314 338
55 257
224 763
195 168
238 743
317 886
99 499
39 473
67 845
36 702
189 531
321 711
7 350
88 649
27 985
89 774
110 355
53 224
201 731
167 810
6 398
61 223
76 676
185 571
130 362
65 559
251 858
82 445
276 633
211 874
159 181
158 535
98 340
228 472
121 63
55 21
186 19
95 569
40 97
237 968
24 628
83 234
291 458
301 739
259 309
63 124
110 65
209 324
285 367
51 246
1 513
19 370
123 872
58 798
132 618
232 197
195 531
279 496
235 687
251 772
47 385
38 867
235 913
179 541
187 803
147 312
49 705
38 697
27 33
34 235
128 566
168 586
98 427
97 384
226 649
14 8
253 939
210 984
202 312
288 328
252 712
159 53
277 103
93 347
299 459
220 320
120 733
49 307
317 958
41 786
288 532
58 113
217 983
223 185
244 275
162 474
137 871
65 947
15 265
231 535
242 233
35 566
18 253
122 647
116 756
42 637
38 335
121 455
152 33
170 426
17 158
170 139
311 59
21 108
111 801
77 433
90 805
262 730
302 431
221 276
69 852
220 14
178 637
250 879
55 251
166 891
30 512
54 152
6 178
109 662
308 308
143 96
78 260
41 344
282 652
178 907
324 406
228 994
140 500
309 231
252 581
126 750
93 479
123 450
149 846
107 853
164 632
88 221
233 566
110 675
220 253
310 682
254 585
103 693
62 987
45 326
183 561
24 29
23 406
117 821
164 75
132 642
319 138
265 821
226 280
155 700
132 582
102 698
254 527
108 671
307 543
320 723
320 601
304 949
160 750
104 214
122 102
253 638
251 121
213 156
272 194
133 925
42 114
265 723
322 726
37 499
316 746
145 769
82 204
298 244
130 63
149 424
39 597
251 734
15 263
325 369
280 253
165 479
29 496
280 159
191 632
69 732
175 366
276 580
112 806
27 21
17 968
14 175
223 522
279 604
115 799
325 27
149 713
27 975
121 778
273 333
163 612
285 721
236 620
141 775
258 554
225 456
88 696
195 151
155 471
82 49
295 503
182 260
182 897
10 165
160 805
64 203
325 453
36 502
198 81
115 41
94 44
68 355
45 919
310 889
245 604
230 424
224 537
56 162
212 421
317 934
110 360
192 63
106 455
136 922
318 397
226 23
305 56
319 698
149 522
102 982
70 917
101 943
176 354
319 488
145 114
270 790
161 568
148 597
43 203
156 659
82 283
101 198
76 636
283 374
71 395
238 928
203 579
81 694
197 493
207 745
44 405
156 655
12 281
216 468
286 640
90 745
80 252
205 987
238 577
50 985
139 539
244 898
28 491
229 812
263 514
116 482
207 461
96 596
116 976
163 841
166 313
302 801
3 412
117 199
49 498
191 220
118 23
27 163
73 365
286 419
221 867
275 929
36 832
291 109
127 513
201 312
237 54
13 323
220 835
13 891
87 943
296 946
240 717
130 803
40 257
280 800
96 961
177 590
49 251
226 174
260 8
70 557
222 860
122 900
291 372
217 946
28 425
93 410
29 620
62 146
52 730
49 742
178 596
142 813
204 691
17 939
30 5
166 541
283 150
255 238
265 447
62 572
190 421
135 567
68 361
272 367
123 931
100 321
256 122
165 383
171 443
150 903
226 268
227 417
173 359
299 156
243 378
8 597
178 488
310 569
216 580
138 515
284 576
67 506
86 52
287 237
157 2
226 688
100 763
22 837
88 414
156 214
264 362
292 996
236 92
300 581
181 264
137 599
35 307
170 97
320 541
240 930
85 354
103 39
162 681
195 664
35 235
136 960
34 538
39 45
159 930
281 628
45 593
114 474
126 590
167 921
229 525
311 601
99 7
281 672
276 174
163 344
4 333
74 179
177 693
210 488
236 122
277 450
150 862
222 989
96 835
244 250
208 395
93 771
325 388
100 343
159 854
311 392
275 7
107 618
313 386
70 710
275 417
36 360
310 701
82 798
66 886
296 192
270 731
318 45
239 490
214 620
277 12
284 344
21 904
179 237
131 172
164 274
296 892
83 545
166 810
230 158
1 973
289 970
14 253
278 461
87 793
69 503
78 224
286 305
266 890
156 630
233 734
13 268
119 723
179 299
21 120
55 540
176 817
32 227
310 582
237 259
312 32
142 894
7 535
24 615
111 130
190 533
189 868
40 514
210 623
56 313
122 849
89 428
207 543
249 549
103 295
21 196
84 269
237 37
246 97
134 193
192 563
242 453
151 361
182 933
311 852
188 23
305 359
188 598
90 428
61 130
50 581
213 288
86 290
300 306
60 288
158 867
303 219
9 950
201 188
267 337
148 817
187 112
287 285
256 201
182 633
114 111
315 177
68 854
43 363
110 248
234 258
39 257
289 233
289 90
163 670
229 669
238 487
147 469
115 717
41 705
134 691
119 992
83 129
246 675
166 212
236 679
13 815
169 15
197 977
181 710
41 149
66 360
157 860
221 341
19 667
308 739
173 947
102 45
122 941
285 201
301 354
59 580
173 553
280 720
203 278
179 362
217 931
142 187
191 895
71 15
19 974
147 39
41 346
7 914
198 314
292 941
177 203
186 345
262 52
93 641
177 702
126 591
170 68
226 604
319 400
233 312
213 144
80 50
175 683
117 256
1 899
5 224
191 970
273 291
79 649
31 30
266 364
215 173
146 390
47 279
35 786
127 145
159 438
99 896
135 793
112 967
159 613
39 465
260 281
79 175
18 283
63 47
55 970
146 74
242 72
315 296
114 328
109 487
52 718
111 362
135 367
237 451
179 536
249 672
25 180
309 858
9 501
113 207
53 304
224 952
163 122
221 173
290 120
9 959
213 386
278 227
221 762
128 395
199 581
241 579
28 330
271 359
162 402
188 631
20 330
270 652
148 385
162 536
190 215
187 904
191 800
215 772
235 224
216 62
279 265
150 243
7 771
160 388
47 182
251 218
52 886
162 156
13 274
206 893
112 552
319 689
98 966
6 104
175 281
306 24
79 493
17 467
279 332
110 140
288 615
305 985
113 673
201 38
102 872
261 348
47 675
215 878
289 272
276 29
233 966
216 874
196 647
226 304
164 853
148 911
155 342
61 563
263 302
96 939
249 845
290 360
257 71
127 27
109 10
232 518
127 625
57 527
80 482
169 831
65 558
304 60
222 297
238 125
120 793
207 156
27 77
308 641
9 147
107 541
190 81
238 689
197 157
241 448
248 10
171 377
111 852
84 945
166 10
89 389
163 368
301 120
253 541
9 260
252 105
310 121
295 751
133 589
178 371
217 200
152 189
78 393
149 764
86 18
264 819
129 223
229 669
194 800
322 441
200 527
9 667
63 170
111 742
298 862
20 509
254 153
83 431
141 226
137 98
149 279
308 679
119 102
167 643
109 378
91 323
81 850
233 137
91 526
122 414
275 36
71 437
131 991
193 932
301 720
252 868
296 252
206 980
199 913
283 272
19 347
145 343
268 348
131 164
171 96
17 835
199 379
250 477
74 768
119 786
315 991
291 48
57 973
195 196
314 731
76 192
291 774
207 804
171 358
151 455
107 107
193 801
56 450
95 93
176 725
157 3
216 729
145 31
250 693
143 915
118 699
300 379
15 260
211 666
277 112
74 857
198 387
29 998
60 110
109 155
85 595
50 612
274 806
314 691
84 957
216 690
311 196
17 543
30 799
61 95
291 75
135 675
287 408
238 156
207 201
261 169
163 121
94 188
52 314
216 922
