1400
224 27
122 548
324 103
311 908
328 828
274 908
64 774
164 767
226 159
107 886
254 366
118 507
244 842
47 545
313 312
169 902
98 330
325 772
75 484
130 187
233 190
97 884
85 168
155 112
273 377
229 31
203 945
9 778
175 128
90 397
59 268
324 414
43 763
121 476
270 989
309 69
289 703
2 8
125 453
92 660
230 320
259 457
226 298
264 983
5 771
339 724
135 538
91 414
338 631
128 299
281 110
2 981
10 612
33 298
327 868
220 345
261 219
27 571
110 146
333 602
259 860
119 913
146 192
117 766
327 376
149 924
242 583
184 937
74 182
242 316
297 611
105 177
265 948
307 431
300 181
109 183
157 187
12 677
85 674
313 869
325 937
142 180
40 488
99 749
321 133
86 603
113 777
45 733
155 463
181 488
3 217
210 210
331 526
224 863
119 836
194 468
247 347
125 887
314 180
38 752
250 671
98 303
128 100
125 351
99 263
165 994
35 660
256 10
290 987
206 341
259 913
298 61
202 897
156 533
60 45
124 11
343 889
261 257
140 497
211 155
10 135
19 666
246 169
222 778
66 12
311 255
189 925
154 15
257 523
273 565
248 485
93 617
291 85
179 187
86 412
217 92
189 562
211 21
226 80
28 902
155 836
208 409
139 540
56 79
299 732
46 727
230 876
11 768
52 154
231 900
299 496
324 579
46 788
350 316
190 320
306 806
242 112
220 940
205 47
304 523
326 933
198 203
84 867
133 936
18 362
166 634
258 207
208 612
119 428
300 924
82 617
286 295
324 343
328 304
22 181
110 901
5 868
48 21
270 861
211 732
62 577
212 866
285 163
206 866
187 443
190 189
266 915
228 131
39 815
177 922
52 941
339 28
110 541
296 637
278 787
79 209
152 769
6 288
238 879
101 20
332 661
140 489
8 263
260 988
151 36
49 303
348 841
90 161
162 132
149 201
5 871
196 134
288 743
53 784
344 845
291 683
220 168
286 50
28 817
7 430
325 320
247 237
334 361
148 397
39 214
318 958
288 372
334 361
316 697
195 195
303 477
266 526
80 278
38 572
89 803
157 350
60 41
126 5
201 480
237 745
224 360
12 339
278 115
321 507
126 460
240 795
174 922
135 26
158 970
230 158
55 322
120 324
127 138
254 182
24 419
281 650
325 326
92 524
258 564
201 498
94 153
84 458
339 636
340 824
173 559
52 116
52 790
194 288
287 977
131 844
301 130
4 281
220 368
65 508
30 887
259 2
119 337
255 464
123 802
209 755
211 626
45 883
134 852
280 406
323 153
210 387
244 437
16 120
313 637
74 594
225 76
52 163
89 55
121 541
107 411
284 673
188 918
220 489
103 23
148 680
321 462
202 788
305 42
311 255
235 420
303 815
83 849
99 16
22 113
262 995
344 614
142 775
326 414
206 692
130 408
171 418
102 646
342 86
293 983
125 112
137 774
64 828
152 407
38 679
88 22
274 515
1 460
62 225
96 821
90 654
10 608
248 384
227 143
212 219
244 568
85 777
259 485
242 510
97 1
265 151
193 198
178 955
55 726
151 13
254 521
255 47
241 881
20 505
49 920
217 461
27 658
148 756
190 814
99 459
137 377
73 428
180 629
30 84
198 923
208 128
126 469
118 62
223 695
247 441
4 225
174 455
294 708
177 910
11 553
195 825
141 927
79 467
5 881
291 387
144 121
57 121
117 509
4 897
66 878
222 504
326 804
132 1000
73 655
36 975
160 963
187 898
313 303
281 519
183 574
57 876
276 297
68 723
66 920
94 674
199 324
350 821
307 650
159 223
319 282
245 62
318 452
65 971
213 440
181 318
159 987
168 553
101 331
318 582
22 261
106 186
270 323
287 432
109 582
233 867
243 34
305 586
197 363
257 645
69 383
261 33
331 396
93 937
346 83
212 823
40 498
280 175
259 781
336 902
306 991
283 156
257 306
69 275
337 378
95 973
135 678
255 960
69 759
166 971
94 552
235 652
163 572
193 22
46 862
314 361
266 787
330 151
135 859
160 462
62 170
214 559
259 121
201 707
337 366
244 296
325 381
349 748
13 446
323 249
20 346
49 207
216 121
247 650
308 355
245 763
106 603
7 843
174 510
96 152
69 552
2 230
142 792
348 400
320 706
117 70
34 265
50 715
29 320
341 398
309 122
155 790
153 302
221 628
244 663
123 855
118 669
159 441
167 829
40 101
283 167
80 70
205 62
83 235
283 261
274 305
128 589
330 337
239 713
93 164
259 595
282 137
98 441
236 524
225 492
100 729
73 952
76 885
199 490
212 642
94 801
347 27
264 273
337 322
163 157
59 809
270 11
210 6
267 997
162 743
349 546
224 161
245 553
206 661
152 625
93 159
298 348
134 213
186 776
262 277
279 564
295 775
18 12
174 979
22 935
52 427
214 868
265 749
235 553
193 627
166 865
181 965
27 45
293 139
307 30
89 280
322 715
260 576
84 402
100 488
278 37
227 558
87 263
190 678
168 880
209 128
310 970
313 120
44 854
200 175
123 321
312 15
14 3
205 800
247 366
11 124
118 257
61 805
252 668
54 818
242 209
316 251
251 690
164 704
163 647
333 78
141 385
123 432
182 34
328 431
324 810
182 505
47 668
342 763
209 359
36 374
100 83
97 729
334 938
235 835
186 967
186 867
55 78
109 909
60 221
317 71
193 134
169 760
132 306
327 8
240 442
301 505
39 755
307 329
325 568
130 909
135 697
102 629
3 822
319 682
15 479
317 431
324 711
298 190
3 238
44 275
158 737
243 756
319 727
303 168
305 427
21 186
161 674
3 320
120 162
323 594
175 672
68 452
241 321
292 566
282 637
35 28
23 454
151 149
173 747
18 967
66 420
258 770
13 25
226 23
16 257
279 346
264 291
222 47
4 876
81 169
305 678
137 624
286 173
107 383
316 559
321 858
131 253
234 501
331 754
44 519
244 500
74 84
332 118
96 543
318 149
302 632
151 946
42 951
5 463
58 337
15 296
240 785
30 100
118 612
18 98
277 376
327 955
91 389
28 578
297 993
254 955
215 973
330 970
163 918
343 845
19 901
185 664
182 511
32 116
151 375
277 281
148 410
350 641
150 805
48 58
200 90
302 418
234 24
75 710
124 907
335 999
162 196
229 640
22 162
215 233
158 699
267 369
305 485
34 128
41 817
327 524
286 704
124 743
162 270
14 918
57 674
263 270
151 588
112 633
143 709
192 508
144 371
19 253
237 197
101 315
61 698
51 14
160 734
219 582
220 507
242 466
289 962
315 83
284 445
112 166
10 54
282 499
51 432
17 153
231 552
225 818
162 88
6 532
49 601
341 768
346 430
19 880
47 587
338 229
271 711
242 160
107 98
215 410
312 837
78 297
331 586
114 239
129 188
268 806
199 936
83 86
50 551
14 720
86 997
297 923
341 224
8 301
207 786
330 950
302 53
87 401
199 154
1 597
313 214
133 893
252 977
86 624
186 734
331 258
137 542
109 387
299 988
241 528
291 821
130 132
301 67
145 604
107 934
18 849
103 682
312 780
4 948
104 633
44 2
4 639
34 967
280 958
33 604
108 974
180 776
102 548
305 787
175 257
315 377
197 10
152 88
333 112
212 76
95 922
199 495
202 398
140 503
189 976
306 967
28 661
154 335
12 435
139 291
184 541
168 624
293 119
308 120
27 261
32 703
254 302
167 968
286 927
143 739
199 530
333 375
313 849
250 301
84 227
267 521
81 848
89 764
45 970
321 224
301 694
254 992
91 2
299 555
200 41
283 786
180 398
336 146
69 289
114 34
139 3
334 811
27 304
63 5
296 321
196 301
246 494
280 307
203 76
120 767
301 83
213 73
312 154
331 293
62 938
212 385
157 722
71 658
235 20
50 477
102 805
246 772
249 485
339 371
170 954
156 57
1 871
345 457
100 887
342 91
67 801
226 854
277 531
236 17
238 494
45 771
65 779
143 291
239 359
96 273
17 781
203 408
103 777
326 407
2 310
52 567
278 372
349 587
290 944
141 438
33 212
135 11
116 567
149 730
97 207
210 346
90 489
319 553
333 472
53 101
152 470
63 565
6 688
97 553
262 247
297 767
141 102
137 704
22 166
283 849
256 902
348 901
166 127
248 568
135 973
37 194
347 597
247 106
203 718
52 648
5 620
134 182
322 925
193 685
202 971
111 656
160 683
28 879
319 801
160 387
161 552
170 706
119 499
314 611
188 268
254 163
170 683
126 847
338 983
315 970
328 318
128 733
333 618
312 14
90 737
246 668
94 36
2 730
194 551
125 435
213 243
56 425
257 120
312 572
75 308
287 6
42 298
216 169
145 329
218 676
125 315
35 630
292 643
232 96
13 620
132 852
121 154
276 548
64 76
343 589
189 365
255 858
70 877
348 403
116 424
306 768
343 629
267 313
51 318
266 64
280 197
122 249
48 786
91 265
98 324
1 492
134 983
16 273
50 231
30 556
305 979
67 403
107 949
219 362
310 148
298 782
149 530
180 952
223 536
299 650
68 87
222 932
322 195
201 832
105 33
182 189
11 356
85 560
127 345
82 179
26 259
108 191
135 507
150 466
258 336
308 614
60 912
124 753
192 828
272 217
77 537
316 70
48 583
224 983
218 15
330 848
57 861
244 71
130 909
108 297
248 226
250 450
331 122
229 84
64 945
210 733
199 609
222 315
342 19
125 118
313 338
282 916
36 239
217 843
196 489
189 950
104 786
313 503
285 213
322 66
338 624
71 834
230 867
282 613
128 311
92 821
74 379
32 892
298 675
2 185
315 3
189 871
12 16
218 341
70 277
119 869
91 817
260 379
338 265
260 754
2 626
37 717
120 536
75 69
108 699
272 551
321 519
200 166
166 964
188 794
186 931
317 528
213 886
62 828
319 479
184 709
121 735
138 516
58 933
133 179
39 717
327 371
178 74
41 45
332 833
301 332
37 445
93 929
141 512
173 974
313 179
195 40
309 679
270 602
293 584
285 368
348 863
108 555
8 476
12 10
32 975
164 739
11 64
323 513
13 418
151 167
30 25
109 468
46 558
138 100
24 47
58 759
18 806
182 120
256 734
56 371
23 877
79 240
143 694
197 361
163 937
285 175
345 46
265 933
181 988
175 36
154 125
260 585
25 174
145 69
23 250
1 840
279 597
346 85
329 456
344 501
16 346
293 741
242 96
327 551
31 640
303 585
202 812
289 658
7 863
46 245
193 89
345 691
182 668
77 277
302 684
49 336
25 997
348 979
121 580
215 745
320 707
92 244
208 614
297 941
194 56
267 992
86 965
261 477
326 945
38 865
4 650
244 43
45 28
263 699
333 550
77 344
340 990
327 120
234 77
321 699
236 299
334 725
305 802
283 234
202 569
233 995
322 798
91 288
173 293
92 488
1 634
5 132
110 354
337 717
165 787
314 979
202 212
316 897
255 905
164 661
64 860
164 859
92 347
224 516
246 409
115 307
14 464
107 396
45 941
175 1
289 505
149 202
279 728
18 406
63 49
230 860
138 621
150 807
114 711
264 796
78 703
347 217
73 93
338 721
150 917
259 945
52 941
251 545
135 432
275 241
9 175
179 157
337 458
272 864
248 843
110 759
245 966
71 282
51 215
253 189
221 615
266 895
1 187
98 593
235 935
43 293
350 73
232 490
306 335
272 679
126 483
125 16
332 394
170 498
137 917
236 587
117 611
236 863
52 84
31 956
90 730
44 454
172 469
316 271
3 973
179 799
169 352
135 641
78 202
326 622
157 204
196 650
272 119
232 129
288 19
8 477
145 465
290 518
277 267
207 207
139 691
1 672
150 60
100 582
152 956
133 554
329 699
82 719
340 279
318 462
75 542
349 791
311 187
90 172
86 845
214 841
103 920
40 908
50 133
126 723
295 47
155 670
347 691
177 210
169 89
12 218
181 827
117 638
98 94
50 378
326 675
167 142
335 537
144 431
100 837
35 345
166 85
222 462
201 377
157 252
334 467
218 64
25 869
114 711
254 747
64 961
67 872
76 55
213 7
206 42
19 3
33 822
346 295
185 407
198 61
116 606
25 690
210 673
53 170
190 923
174 692
202 712
282 650
115 508
117 77
198 335
137 469
211 535
34 889
108 252
134 517
305 976
270 421
181 263
42 644
123 560
215 1000
77 890
28 596
159 383
191 983
181 760
19 422
11 35
273 403
255 235
223 24
135 884
212 472
233 798
299 19
198 359
51 286
168 76
198 457
249 468
88 98
268 584
286 789
338 721
269 598
46 492
67 862
324 17
124 64
230 713
252 108
193 707
266 622
278 963
270 687
198 169
