1800
430 578
24 578
446 988
227 879
415 876
42 42
307 554
182 909
269 599
88 383
336 428
303 30
427 35
438 354
134 151
119 839
338 553
325 635
192 223
84 123
45 265
324 564
218 16
61 472
330 961
362 4
202 458
193 148
277 625
327 42
384 373
365 156
325 801
295 732
67 62
243 738
41 114
318 682
341 546
116 614
396 513
255 658
18 228
21 841
29 836
127 678
163 877
279 531
103 915
442 299
426 795
373 567
305 900
40 625
39 811
68 862
296 150
77 144
395 237
120 88
341 485
355 614
286 275
366 611
120 201
391 477
228 564
261 253
345 40
277 797
244 315
416 189
180 299
259 199
79 473
162 119
190 9
204 551
42 149
220 672
226 762
9 455
176 511
190 55
316 272
269 386
76 795
314 609
22 365
382 727
199 19
57 615
64 172
396 706
444 288
363 912
171 98
84 683
47 132
247 964
190 199
286 725
355 825
291 645
384 592
42 904
67 334
438 702
317 907
63 979
96 53
84 763
308 420
199 174
442 584
450 332
316 40
395 408
326 666
69 456
11 560
214 172
112 42
376 156
35 528
414 618
204 923
168 815
224 16
375 214
229 159
181 58
362 448
256 615
369 823
151 627
69 845
111 293
250 950
31 538
20 676
364 995
118 590
246 51
369 748
278 736
115 664
356 849
60 284
62 538
45 134
403 13
59 634
100 589
386 23
206 814
278 538
270 671
157 475
192 337
22 613
308 173
411 797
1 581
326 764
118 42
388 11
382 243
389 929
196 437
390 363
398 766
16 854
91 763
58 236
22 617
6 414
301 518
311 971
165 590
83 243
441 58
391 416
431 476
17 536
40 287
340 492
393 766
72 333
255 185
327 850
17 892
409 181
399 829
314 729
276 748
300 92
365 519
108 263
218 772
298 983
62 915
39 978
334 997
160 782
194 669
275 860
45 947
433 677
287 91
89 191
145 27
438 724
322 373
173 870
269 779
30 961
423 332
90 935
392 984
223 326
64 467
445 629
341 921
84 634
327 701
238 967
263 335
236 439
160 71
336 365
356 100
268 421
228 623
193 925
22 360
107 160
290 55
186 839
331 990
244 666
371 480
358 453
188 475
371 562
26 48
96 263
159 117
113 60
255 535
122 968
448 51
443 944
307 147
182 510
129 912
145 219
305 94
370 989
386 677
311 334
356 570
24 476
190 396
279 859
209 744
67 349
421 607
317 702
445 326
309 753
386 391
347 26
437 921
164 264
215 838
203 399
394 842
212 635
104 251
218 367
206 43
382 38
151 673
15 146
411 398
142 116
126 79
368 172
416 188
175 432
299 645
358 412
165 236
259 88
30 908
205 763
236 14
221 371
436 900
81 147
323 857
235 647
104 394
393 729
59 53
222 219
388 283
258 1
287 65
55 72
281 942
384 578
25 541
214 115
348 56
198 424
103 918
410 347
7 174
361 184
249 255
237 17
185 747
36 78
80 671
407 89
280 290
128 314
374 94
309 348
300 438
371 55
450 965
247 482
86 49
148 654
19 736
379 894
37 669
430 467
338 481
199 14
150 717
325 857
304 559
412 6
104 442
9 990
367 87
242 79
86 253
155 759
273 357
226 504
163 620
302 528
5 386
97 804
396 923
249 560
242 204
416 246
355 574
103 900
353 536
12 103
119 670
160 307
443 43
361 397
42 772
221 633
306 238
66 669
333 124
209 606
309 467
105 18
152 396
169 244
308 533
27 64
288 485
142 326
117 591
435 11
259 349
141 721
259 889
164 807
100 610
20 881
16 206
319 178
296 955
327 791
102 132
271 696
294 458
161 636
13 822
209 65
356 107
301 118
159 946
415 796
150 453
243 691
90 823
388 258
439 24
145 193
38 677
251 469
110 305
222 733
361 436
365 966
124 40
388 421
17 850
236 683
43 972
196 994
275 685
108 372
224 696
332 271
68 698
173 231
284 208
70 822
40 267
49 495
377 438
21 677
414 168
418 780
187 758
36 192
424 189
330 493
142 388
6 42
54 723
267 383
215 750
248 152
218 395
147 666
57 719
50 111
328 799
13 492
47 709
325 633
78 767
307 116
83 550
367 782
69 260
139 501
427 580
447 933
49 85
39 647
199 490
11 378
190 646
222 27
314 629
59 886
293 489
53 649
294 961
108 441
349 112
238 467
89 961
69 388
154 194
20 828
286 132
217 211
231 680
185 778
131 407
39 392
271 652
417 474
62 765
447 739
281 978
100 380
176 605
300 1000
417 101
5 451
181 886
191 655
54 697
159 299
159 400
443 723
448 700
389 111
306 307
301 578
53 13
164 876
20 227
83 10
321 734
127 885
133 484
44 824
39 972
187 489
306 547
16 986
152 282
340 843
427 555
40 771
440 567
394 781
375 675
80 8
157 553
256 374
267 50
14 243
328 388
350 390
433 944
295 185
358 731
421 734
152 796
230 521
67 139
285 922
186 50
375 240
106 453
107 729
443 160
25 285
224 958
255 442
295 490
209 494
121 374
269 611
308 958
254 199
94 631
307 100
294 565
165 871
418 482
168 340
325 62
360 845
400 181
319 751
162 272
97 639
196 500
144 873
409 484
327 589
193 683
274 113
336 922
292 509
247 539
375 926
204 538
333 181
390 518
103 544
284 813
56 59
103 533
310 248
283 866
68 233
404 41
123 818
212 301
443 442
182 914
242 640
377 749
349 547
111 797
66 829
51 485
217 407
31 207
390 412
241 635
62 4
162 687
432 100
258 355
6 47
76 98
109 625
280 296
284 659
163 628
109 890
29 780
178 222
230 811
403 321
115 391
97 37
217 747
148 145
244 565
325 780
80 490
170 12
70 560
324 249
185 497
361 419
271 374
287 59
64 626
272 439
80 615
179 401
281 395
2 855
414 111
175 871
12 262
131 709
220 320
168 707
93 609
432 840
358 275
125 800
58 693
372 78
386 153
408 769
155 75
283 48
142 984
404 132
448 752
216 629
358 978
336 703
435 929
97 854
406 366
420 559
263 228
125 523
362 720
236 599
73 124
69 43
447 530
2 534
297 817
430 210
289 314
107 116
115 403
329 888
340 25
367 924
67 215
316 643
297 470
311 338
160 91
376 245
359 640
174 692
229 976
401 247
61 5
319 804
276 268
164 426
140 486
406 34
362 615
331 856
361 755
57 648
430 491
209 141
391 373
188 783
193 456
371 468
104 818
303 994
212 967
73 655
128 757
144 594
30 260
93 255
301 903
428 792
162 12
363 89
413 521
432 379
423 255
316 250
28 440
352 758
233 901
269 786
392 855
147 106
242 240
271 207
445 503
38 55
199 479
355 642
261 530
358 7
104 740
71 712
144 440
363 232
146 431
438 41
182 577
247 499
234 78
105 348
32 161
431 399
230 272
39 107
162 39
414 558
318 311
325 368
78 92
346 673
306 443
136 214
121 906
90 924
434 171
447 242
87 391
22 470
360 966
116 628
400 826
164 12
37 165
50 571
367 377
237 989
134 950
52 344
243 714
360 101
127 690
397 228
427 172
22 956
241 750
257 937
286 429
318 647
252 88
94 544
6 913
260 319
168 35
47 738
72 758
241 669
432 40
208 734
142 605
101 978
103 659
215 933
38 534
229 468
83 173
284 290
121 713
210 618
38 120
352 1
153 536
287 384
11 487
35 752
130 144
270 168
221 891
273 463
28 526
260 686
49 198
110 890
37 275
343 143
425 855
299 465
429 654
328 8
155 564
49 928
298 562
448 151
136 905
12 493
279 218
283 120
291 630
28 680
201 737
296 521
315 104
301 9
112 147
135 173
385 221
356 193
232 81
74 285
386 495
301 537
52 926
13 363
24 695
188 920
395 713
392 513
296 221
160 166
391 930
107 146
187 10
26 736
179 607
21 844
348 995
333 332
179 217
411 2
228 233
73 204
351 507
393 674
167 422
342 274
184 902
278 724
26 420
24 413
42 858
354 28
441 167
95 211
381 733
227 965
226 34
434 63
381 215
133 436
392 896
62 545
223 490
323 94
337 933
445 437
251 480
6 772
80 660
318 874
207 488
250 398
15 976
125 551
86 252
34 880
326 810
319 203
49 953
150 420
67 742
288 519
33 827
347 414
43 891
438 292
124 410
315 958
380 804
206 353
29 566
256 595
274 483
443 175
61 941
384 979
182 346
267 655
48 581
1 926
266 379
14 48
352 95
412 829
180 789
126 930
221 821
223 76
312 439
428 317
347 213
23 827
248 227
169 531
445 415
156 996
223 958
300 596
322 41
412 180
290 187
399 437
85 429
87 727
326 228
436 724
75 2
218 662
159 945
333 405
288 895
212 665
294 170
134 471
126 341
431 427
181 488
98 282
444 447
393 244
379 434
124 634
160 334
87 168
364 843
234 721
60 979
84 132
78 356
113 165
257 70
87 662
286 776
60 940
61 753
208 434
134 36
213 452
92 995
6 354
72 18
131 394
91 753
303 624
421 862
27 883
354 932
104 164
154 805
414 274
374 905
173 117
27 955
336 672
324 790
368 627
120 100
35 103
284 247
45 94
412 230
53 673
430 573
280 572
97 588
325 779
106 821
437 435
145 205
294 932
442 317
339 785
93 181
88 719
389 329
173 502
448 888
351 658
14 1
270 698
101 74
428 175
276 300
368 52
19 96
336 742
194 318
224 307
257 634
279 630
103 367
447 778
77 886
405 912
382 254
245 70
228 530
239 422
395 749
403 895
409 435
345 651
199 97
435 411
204 467
158 282
426 788
353 519
187 199
119 333
69 433
74 617
256 966
135 188
260 189
383 188
57 63
294 557
48 878
350 865
361 166
31 138
76 912
68 671
309 370
131 666
116 926
436 511
101 524
78 220
390 423
236 553
315 502
177 769
423 193
409 956
368 81
444 748
138 997
149 782
149 441
95 798
439 639
230 688
301 684
44 113
13 603
274 600
35 398
27 325
260 583
72 314
351 683
179 377
62 123
322 800
177 252
295 398
401 360
152 792
101 669
434 708
375 321
206 828
325 656
347 386
357 179
282 74
384 570
391 13
179 730
449 290
236 436
203 741
383 549
396 159
66 619
29 749
48 88
158 947
166 461
161 17
421 438
201 745
6 104
104 593
125 851
148 436
445 206
309 147
296 101
395 796
74 461
182 601
417 962
113 444
191 929
77 7
397 467
328 499
58 16
5 504
350 154
370 856
7 488
58 344
377 905
411 24
181 304
168 60
195 971
241 699
165 570
275 969
224 465
58 322
350 808
305 933
259 773
233 307
218 518
68 162
446 382
195 8
81 388
440 937
331 218
393 106
324 247
335 652
182 615
302 530
61 390
96 277
247 968
268 216
98 611
264 101
375 624
339 725
122 769
310 886
26 828
242 119
84 764
428 390
20 573
16 649
51 386
40 190
164 405
73 511
238 221
350 831
86 526
63 377
304 390
448 984
138 863
384 990
176 618
206 125
60 257
114 295
3 407
33 212
168 183
84 260
195 412
8 952
421 390
395 174
327 672
126 363
191 985
179 998
429 974
243 741
155 34
42 480
157 364
98 798
297 779
267 775
107 343
150 981
127 896
264 690
29 439
345 83
302 235
79 97
47 586
31 319
409 984
270 673
86 741
143 328
251 524
145 663
409 831
266 309
43 41
131 667
61 884
303 518
250 696
308 437
357 220
403 320
331 463
337 502
71 422
432 495
236 602
380 761
312 92
226 690
131 832
285 544
236 483
5 707
377 642
317 953
379 813
164 596
73 748
152 527
116 820
395 157
435 707
177 852
30 197
427 854
132 956
271 97
271 945
97 462
147 167
28 38
33 48
404 350
102 737
126 104
333 855
61 11
151 727
48 659
200 576
229 817
193 198
339 8
66 733
387 641
414 375
105 330
345 58
97 858
337 682
404 120
436 188
402 747
416 893
379 774
112 912
69 53
271 183
151 618
249 510
29 75
356 304
287 192
393 453
410 738
77 919
304 35
277 2
355 187
434 238
385 687
379 319
415 206
101 286
417 314
289 681
204 666
57 391
295 91
347 66
396 348
199 176
327 993
435 827
371 365
86 614
160 45
148 829
340 221
166 463
258 599
150 708
191 164
286 71
419 162
323 111
318 461
70 468
211 932
404 507
353 532
230 297
417 423
26 776
412 264
251 773
121 330
95 521
286 33
49 44
146 945
381 300
281 606
209 923
233 672
422 145
66 711
395 656
301 925
199 187
348 805
298 812
376 828
284 198
297 858
338 770
324 216
62 965
328 704
327 178
171 846
23 85
306 323
402 695
46 855
12 885
231 386
165 563
56 422
207 719
183 743
326 726
176 732
300 382
402 794
186 664
109 697
296 197
406 149
102 892
200 249
238 68
23 531
227 904
150 85
334 64
450 73
391 52
397 189
295 742
350 906
279 137
49 19
441 977
86 622
303 743
118 509
99 504
375 5
72 538
171 171
79 534
161 664
317 481
56 251
6 314
146 184
149 579
114 823
209 556
447 258
259 70
340 851
7 114
194 239
60 189
130 404
450 842
449 120
169 733
214 835
117 104
71 919
170 346
299 74
106 642
298 783
332 242
238 444
106 900
378 993
186 758
387 25
304 559
402 813
222 30
421 274
115 559
87 709
360 680
99 87
322 447
397 864
2 954
281 138
150 159
282 580
315 597
225 822
14 988
142 791
424 688
374 138
391 846
128 519
379 615
345 222
193 657
228 554
39 396
370 175
145 642
326 350
41 488
241 822
370 648
73 359
40 500
195 845
374 475
271 322
88 581
331 538
368 485
178 664
446 303
1 695
3 305
18 838
171 425
427 163
213 720
236 203
412 270
24 190
198 726
397 245
28 20
432 817
14 564
314 877
387 712
181 153
357 649
130 552
278 56
115 243
268 56
440 516
17 498
204 645
201 22
183 811
127 429
237 705
257 476
109 290
170 97
132 41
77 294
195 297
353 92
78 463
204 127
414 121
229 634
148 454
376 452
427 916
396 617
207 90
254 320
134 656
334 726
23 803
198 250
79 990
419 64
219 852
329 146
14 433
266 390
43 668
71 185
341 571
389 140
36 445
55 705
292 279
278 186
82 572
409 886
135 843
44 826
136 706
159 438
250 261
4 946
289 504
186 223
116 280
399 716
368 134
263 447
192 167
448 296
227 98
330 242
39 762
374 512
394 358
98 883
360 616
1 667
355 175
106 338
267 17
16 332
271 665
318 347
291 416
171 219
366 690
128 530
408 529
93 398
360 676
112 553
233 520
95 375
24 704
99 673
20 439
263 494
60 905
85 933
113 765
146 29
310 318
430 529
327 830
5 249
317 185
39 594
399 818
175 612
415 774
431 375
231 593
169 708
151 654
275 689
138 488
252 998
295 754
76 488
212 393
178 531
287 846
422 267
362 53
392 193
381 565
142 943
142 398
245 567
260 274
55 263
158 648
201 360
60 285
170 277
364 626
133 605
84 667
448 256
137 194
231 345
115 530
263 509
184 68
63 869
323 795
275 56
30 138
265 212
28 11
170 440
40 208
186 450
211 979
122 122
299 744
202 57
1 189
167 345
353 791
407 149
383 225
120 405
391 854
173 342
406 776
185 815
153 482
232 956
196 78
422 244
53 205
50 681
201 385
166 521
307 94
230 364
76 7
154 959
394 965
54 97
24 324
28 68
297 108
156 425
247 955
158 63
318 417
36 751
403 405
99 271
375 428
234 504
134 459
147 179
279 917
330 5
307 217
165 731
221 476
374 110
273 344
403 287
424 653
280 608
27 770
118 451
189 110
276 120
416 160
303 481
153 183
331 970
384 592
390 957
264 282
18 877
169 586
76 149
372 364
87 494
227 301
175 415
78 202
53 805
24 171
100 899
450 159
353 577
442 54
446 517
110 548
383 168
343 389
304 402
276 810
209 749
314 938
235 319
437 673
365 336
47 610
121 499
392 622
33 899
89 77
220 751
48 314
300 220
357 672
420 319
406 682
257 62
322 113
323 305
425 698
376 662
374 360
241 568
209 947
172 654
207 332
176 760
383 197
392 641
144 705
170 595
266 8
47 644
332 89
21 395
341 236
79 817
353 878
354 663
263 765
232 384
361 279
295 763
45 664
83 585
430 532
336 115
91 434
242 146
202 695
239 173
253 330
42 975
