1300
297 753
243 333
247 774
308 651
95 861
310 936
15 91
175 182
273 89
153 657
209 178
136 48
203 727
12 833
293 653
71 615
39 957
87 256
177 681
310 920
164 913
31 455
125 710
251 270
131 833
203 12
207 976
113 160
261 743
136 832
201 827
133 679
53 809
195 402
213 481
66 986
109 356
49 452
17 371
297 791
183 735
190 974
233 583
32 318
133 222
58 49
179 971
59 441
244 424
250 110
209 591
311 357
243 853
88 492
269 40
2 665
96 240
55 811
311 584
305 516
314 759
113 355
133 582
195 186
289 707
192 64
4 647
20 745
97 602
52 247
38 485
85 429
3 267
14 55
42 894
174 144
240 989
6 307
246 388
25 929
107 849
110 182
305 627
143 231
39 945
133 714
17 531
268 826
262 130
206 355
162 281
33 55
19 86
302 584
317 258
71 409
263 777
32 238
266 754
311 135
318 4
306 239
304 198
270 815
205 341
199 765
283 899
129 202
230 522
217 126
42 103
284 233
24 70
101 906
46 50
236 558
225 199
314 761
40 642
70 608
72 845
56 429
269 772
89 513
227 423
310 242
49 196
175 113
54 216
7 580
91 812
29 629
34 79
70 725
205 199
55 868
51 513
265 875
271 104
189 407
37 275
90 582
60 964
139 943
124 879
44 911
146 934
39 757
144 35
321 489
37 988
172 910
151 471
213 223
113 152
214 710
310 858
30 506
169 86
60 282
114 384
248 522
261 483
302 695
34 192
128 227
138 347
188 592
269 339
11 814
176 803
226 926
103 927
266 875
108 991
298 358
252 399
117 93
177 690
269 151
223 606
285 877
277 56
250 6
297 960
290 352
111 225
113 26
124 264
212 149
3 441
43 270
201 419
199 643
161 749
18 301
189 538
160 933
325 31
91 405
99 749
211 693
254 518
142 271
320 220
16 413
257 355
150 304
264 785
34 677
100 3
313 651
21 915
324 177
56 338
83 754
314 686
201 768
2 754
32 156
240 555
255 684
139 206
110 85
116 780
213 50
218 151
318 143
179 234
98 213
279 148
305 397
99 850
192 698
100 431
168 249
251 218
11 771
300 270
68 903
73 313
10 444
294 302
89 381
230 85
232 885
225 429
145 619
142 145
49 217
317 816
236 197
63 457
58 195
191 473
269 797
274 676
255 36
37 265
69 113
62 165
195 320
69 49
59 393
263 270
135 864
255 723
143 712
17 915
43 733
209 41
193 825
233 411
231 415
198 289
45 916
325 164
198 296
37 132
181 575
233 164
285 734
106 803
169 13
224 365
260 548
275 409
49 100
157 676
60 153
96 223
43 647
309 685
66 551
186 100
200 760
277 368
36 275
20 193
157 118
15 476
202 249
321 559
77 785
14 329
261 798
182 215
155 267
122 646
102 122
210 540
150 306
21 242
149 323
245 225
118 332
40 722
4 424
320 780
67 680
264 450
165 869
315 879
324 74
204 987
296 45
127 336
48 236
176 429
12 219
57 339
162 663
181 924
35 211
13 821
84 659
14 26
184 403
136 644
64 710
238 109
124 248
293 302
250 729
257 967
263 775
126 883
89 382
167 705
276 1
171 939
310 13
247 271
149 838
90 503
14 45
106 173
322 393
30 978
45 382
29 955
65 823
301 904
184 208
189 564
273 240
312 176
157 726
135 598
163 407
245 900
99 72
249 527
106 395
8 533
280 311
153 236
4 947
75 375
214 753
286 526
94 97
252 783
83 946
22 825
315 400
27 536
274 505
186 805
30 453
260 777
42 782
229 585
104 967
218 319
42 781
20 333
278 945
301 47
136 754
151 559
186 260
24 133
5 767
172 239
244 295
321 610
38 838
59 583
275 412
24 826
188 880
80 134
105 244
240 339
266 942
264 404
175 102
88 629
249 551
308 279
257 127
80 913
90 780
287 359
67 474
234 623
240 771
211 739
325 644
10 21
177 823
311 284
201 520
30 511
34 234
171 978
30 61
191 309
34 444
310 785
243 467
271 275
48 93
146 120
54 555
182 947
79 436
73 323
234 447
107 133
289 858
104 740
129 941
132 909
32 508
1 874
57 24
220 502
202 501
114 410
55 630
86 924
234 919
6 727
250 600
118 700
162 396
45 601
192 137
250 463
5 343
223 40
202 672
113 559
131 174
98 360
173 373
315 86
175 247
48 560
133 978
223 342
157 584
81 63
28 531
120 546
89 296
139 120
205 970
140 638
116 240
158 63
105 861
269 1000
60 386
134 368
44 225
135 852
291 611
106 561
177 924
38 674
41 99
61 825
59 559
172 565
28 893
131 26
19 574
88 374
182 846
133 223
321 641
252 879
315 36
131 938
17 114
35 714
3 624
29 435
121 934
224 521
177 486
280 39
70 121
263 108
70 59
91 553
202 735
21 194
17 957
273 150
37 233
309 473
115 889
39 258
289 535
17 718
315 358
163 516
320 623
60 54
260 802
324 753
277 376
296 526
106 804
87 328
240 450
30 907
89 420
184 209
116 72
89 560
289 765
107 306
207 773
308 611
231 438
223 937
109 709
196 924
249 601
66 42
267 51
4 714
9 90
274 293
276 282
124 871
129 103
104 740
198 503
285 264
169 777
177 992
312 165
313 957
157 496
137 994
106 602
209 222
171 917
132 547
23 815
274 713
243 51
198 472
93 296
216 367
179 645
128 473
135 982
105 97
105 209
71 78
108 462
306 505
261 270
102 386
237 725
61 893
106 285
320 792
152 943
69 354
71 339
320 997
303 329
178 799
176 89
102 811
74 450
183 857
292 502
246 756
78 962
40 560
227 904
140 831
36 856
182 407
230 33
118 309
279 841
294 309
102 35
40 26
59 489
217 912
137 799
106 609
90 715
17 592
208 102
124 518
315 461
118 639
184 558
65 901
114 956
173 901
26 882
324 976
151 508
209 971
50 869
26 425
162 357
158 43
207 219
153 238
217 960
72 468
47 880
42 118
224 472
219 552
98 288
188 970
314 856
133 704
285 676
266 169
127 837
78 554
41 759
165 376
222 552
183 557
296 521
213 488
66 307
192 68
75 729
317 811
35 596
271 339
319 160
16 713
227 524
138 393
272 922
249 269
12 774
177 109
68 100
121 751
11 51
35 849
208 693
31 360
93 128
193 4
145 808
271 185
145 260
258 55
280 390
132 667
248 222
301 465
113 473
302 415
112 398
203 181
128 588
209 668
81 408
21 253
72 799
203 436
276 569
284 106
268 554
243 620
113 343
299 682
173 528
252 322
320 833
312 439
253 872
306 782
66 400
52 678
66 288
159 246
20 868
190 294
58 151
188 806
308 395
153 747
290 325
122 53
201 445
27 244
64 931
251 946
241 741
50 43
82 867
217 820
240 541
133 208
84 232
200 52
173 894
28 551
98 398
67 914
138 419
148 43
72 18
43 724
82 551
152 561
115 664
151 5
191 924
98 865
286 605
233 329
214 564
325 259
16 72
171 168
169 94
16 715
255 945
9 622
180 753
30 735
76 391
308 309
229 709
75 325
27 277
174 551
24 130
183 618
19 203
193 638
212 734
140 316
308 579
194 483
304 653
249 217
107 497
146 980
139 806
277 280
135 884
274 129
241 547
311 624
5 385
50 309
231 397
107 889
316 662
270 622
307 432
98 136
41 70
316 925
298 932
193 230
18 513
130 99
267 508
116 26
245 165
299 682
31 133
210 613
127 277
110 812
271 631
163 562
285 109
184 696
163 383
279 312
120 302
52 400
24 193
88 41
217 941
230 53
259 938
34 596
95 350
208 46
73 142
17 647
324 407
227 388
43 611
227 62
159 672
170 363
117 168
143 214
28 793
241 446
195 907
15 925
111 528
206 499
195 118
152 292
32 615
130 971
274 888
197 668
249 807
52 156
319 705
53 861
193 919
243 434
282 281
302 754
260 569
281 173
2 128
316 931
71 347
52 549
182 282
210 627
188 522
38 557
222 608
153 330
324 877
218 786
131 680
70 320
210 144
145 891
33 557
32 975
269 9
77 904
97 736
305 563
257 27
129 90
70 159
252 298
107 305
64 974
223 539
26 753
148 567
207 422
238 247
186 644
23 291
31 259
145 370
65 997
42 888
302 791
250 353
202 532
304 986
232 353
174 33
244 598
112 51
1 362
320 296
297 89
97 630
191 924
287 945
88 720
52 198
126 219
201 640
172 557
265 27
259 155
200 393
281 893
147 280
292 582
309 361
317 322
11 828
100 125
82 163
249 812
267 113
1 148
223 715
162 844
81 1
216 370
184 208
173 615
13 171
60 646
280 613
191 527
221 799
22 207
185 925
197 997
126 204
50 828
277 377
150 42
74 893
296 413
79 577
85 549
96 301
139 990
173 773
262 937
142 997
185 592
295 455
255 590
164 62
256 419
302 273
131 350
212 233
134 591
58 946
13 334
150 547
32 312
318 203
250 946
108 178
191 901
114 930
165 670
66 327
211 191
197 646
213 781
38 572
127 59
21 953
288 839
184 816
319 943
268 1
105 780
34 756
11 670
178 518
153 18
179 694
117 833
184 492
114 115
295 121
313 958
266 66
180 798
288 943
190 623
305 463
102 59
10 693
256 565
66 860
153 756
286 235
301 16
155 149
127 111
259 298
257 934
48 469
311 569
235 522
76 360
247 21
207 955
60 112
279 769
65 710
208 483
184 149
137 668
66 442
143 853
296 374
186 276
82 258
197 622
180 881
131 286
54 561
299 990
308 171
264 923
37 72
312 607
93 637
250 858
202 344
23 684
310 131
54 702
301 813
79 928
58 500
13 368
70 966
285 195
30 546
147 256
199 984
114 801
20 716
194 955
112 143
251 507
315 9
264 227
94 155
84 322
217 627
281 122
36 105
108 653
38 518
194 799
45 87
292 150
305 711
248 940
104 194
272 199
51 50
65 922
77 273
127 159
248 760
142 128
121 231
158 851
92 957
283 711
253 244
61 110
269 374
143 416
256 916
159 341
315 554
165 961
161 928
16 500
219 427
286 84
248 160
14 78
292 209
281 177
248 393
271 338
230 186
193 290
204 750
292 224
112 680
244 438
185 504
175 951
212 338
298 924
85 523
281 290
131 962
225 75
33 534
171 390
162 365
109 334
177 227
297 166
306 395
74 796
308 620
157 202
161 503
301 612
237 195
311 346
134 865
112 472
79 153
175 421
155 84
137 209
119 102
91 728
101 491
227 972
100 595
235 268
46 529
55 106
147 739
86 908
131 749
139 248
236 188
313 19
293 998
308 547
73 348
161 509
216 602
61 416
89 448
213 19
171 628
139 531
251 340
264 962
108 258
247 883
14 312
196 215
304 883
47 173
323 344
81 363
63 531
180 842
325 848
140 123
44 763
278 298
222 749
16 697
125 467
153 831
229 40
122 199
278 54
83 553
66 624
217 417
221 836
259 287
3 455
280 820
71 148
153 118
233 208
144 598
146 671
182 716
188 860
153 252
320 930
174 710
297 213
262 834
325 823
41 720
64 451
301 191
181 19
65 763
53 803
224 766
174 151
316 110
268 99
73 587
103 620
189 148
323 77
260 89
250 859
43 713
99 194
128 605
47 374
257 720
315 9
182 972
318 119
28 889
118 943
59 166
24 227
65 712
188 630
1 115
295 349
300 764
6 328
202 807
239 574
175 696
256 955
192 265
158 159
142 831
156 231
227 308
244 273
186 624
41 358
107 120
307 348
126 398
316 376
294 952
313 220
116 724
208 952
47 935
169 764
56 13
323 656
324 195
80 666
57 118
193 45
10 267
91 114
201 778
148 29
156 414
118 622
325 843
247 649
184 291
152 511
45 655
298 214
134 441
96 524
219 753
175 745
55 354
196 330
219 431
297 31
86 274
278 606
