1700
51 800
280 808
358 844
217 875
122 514
261 181
166 177
410 803
158 655
279 339
359 501
394 674
114 480
404 437
358 642
227 895
25 335
340 966
391 100
22 236
237 520
132 886
418 481
90 910
322 606
26 794
107 711
63 569
333 824
43 16
425 998
160 301
351 813
324 109
234 463
41 258
322 894
74 74
246 86
15 667
135 505
370 289
416 451
197 247
272 687
46 465
215 896
400 289
341 959
161 939
196 404
200 71
183 812
11 309
231 79
306 98
121 624
117 492
149 459
234 304
373 991
313 949
153 362
73 122
221 770
302 35
34 501
401 227
290 779
401 372
299 332
202 124
181 556
86 462
197 272
174 185
202 679
130 643
76 921
49 679
267 658
302 605
345 343
347 201
246 199
173 996
99 891
387 124
344 465
411 778
40 230
372 229
74 95
124 107
274 390
253 904
77 567
222 444
399 583
382 693
27 781
387 300
321 715
211 541
148 646
17 375
156 987
327 604
319 701
264 233
83 894
175 280
79 544
344 597
105 97
47 262
137 269
18 60
343 324
216 466
397 904
382 584
382 174
394 130
419 977
418 741
64 690
40 882
180 513
235 27
39 195
409 438
31 918
315 120
166 696
75 938
336 674
89 900
40 877
397 957
202 866
23 749
132 950
143 506
211 473
392 734
386 746
15 979
383 713
414 627
20 763
217 938
196 398
319 421
125 476
256 585
48 408
166 529
352 443
96 659
287 677
102 306
305 70
327 417
183 229
33 123
394 297
20 105
373 749
380 52
161 321
414 202
120 571
102 604
182 539
221 514
366 324
122 280
113 888
123 910
169 253
332 806
62 269
221 265
381 294
405 17
366 71
219 926
8 345
384 518
95 994
275 497
222 497
315 293
290 819
394 645
135 944
99 31
8 268
197 480
343 280
185 992
370 581
158 412
69 639
97 952
317 35
115 406
224 2
168 521
315 31
69 728
177 818
393 432
321 744
82 232
100 27
152 946
22 64
424 745
263 994
238 519
216 428
405 645
88 751
233 104
265 38
370 212
307 881
369 4
314 269
361 502
401 792
303 415
111 988
67 544
331 497
241 17
361 218
226 563
159 936
356 432
307 490
385 267
219 112
89 694
38 949
355 325
43 617
388 154
116 544
118 904
194 462
248 891
131 146
292 180
199 798
345 570
209 215
39 564
18 448
297 454
297 444
59 693
334 902
190 60
152 621
292 536
317 803
28 999
71 99
327 818
191 286
84 797
203 166
333 70
36 965
381 989
425 386
270 23
217 852
414 684
164 544
421 963
315 200
12 752
13 935
242 178
421 565
106 119
8 250
120 791
267 297
324 120
326 430
204 650
117 775
368 168
78 271
48 687
2 921
408 970
211 838
186 595
83 234
117 439
370 993
176 549
166 566
278 632
272 704
321 516
288 184
106 184
393 552
185 545
59 393
242 449
215 665
74 6
75 644
75 242
240 937
166 819
360 483
392 694
286 156
58 594
146 401
70 754
365 765
351 362
17 842
51 682
279 564
288 267
152 38
293 556
166 107
408 32
125 145
63 814
85 547
197 466
63 887
342 627
343 957
325 212
169 152
364 63
169 706
96 195
106 962
239 767
277 288
24 214
423 827
237 30
185 322
145 148
30 195
200 142
302 907
19 883
361 382
306 416
187 259
319 741
75 274
369 581
222 916
99 73
110 65
204 820
160 328
120 806
49 467
185 867
73 323
177 264
277 840
163 840
190 532
91 490
280 156
154 203
423 943
35 399
422 80
91 687
325 141
2 888
264 525
179 391
411 339
4 683
64 361
189 492
285 221
241 438
323 115
139 795
68 926
55 572
296 862
387 971
267 771
279 850
402 866
226 547
367 688
184 359
185 993
375 766
255 190
33 760
64 890
325 959
413 776
339 23
391 328
248 575
312 871
66 838
371 556
249 868
362 827
319 438
262 353
411 156
407 750
81 416
34 177
119 433
347 814
343 849
420 471
184 314
307 703
296 705
370 116
139 115
56 286
281 825
321 524
223 443
4 972
203 752
113 194
82 9
220 44
40 868
304 578
202 357
391 265
413 601
48 517
174 482
93 397
323 876
291 162
12 318
131 221
69 55
29 333
206 515
412 662
117 181
379 738
97 545
81 797
230 94
296 633
224 630
142 871
290 21
394 347
235 237
158 521
49 61
414 200
86 906
409 229
348 285
14 776
369 571
175 516
387 201
228 289
28 232
399 909
119 535
312 863
125 460
418 695
263 331
107 867
115 137
217 136
262 327
31 671
114 858
68 1
337 977
18 323
284 938
266 279
265 217
149 166
212 279
88 207
39 639
392 259
77 88
84 778
213 351
129 474
245 126
145 672
223 814
119 412
62 313
118 237
276 170
326 648
339 890
133 811
101 427
215 249
2 177
306 826
107 424
60 671
268 590
57 459
285 801
133 610
131 566
80 595
183 410
319 828
322 961
126 160
328 292
169 868
381 861
340 940
290 365
158 228
275 712
241 189
48 796
353 398
172 27
246 440
59 84
397 758
299 597
270 251
288 798
223 942
420 769
72 805
260 235
216 620
8 294
416 12
393 293
46 522
396 157
58 992
297 849
419 252
325 85
209 192
336 22
160 80
349 881
233 151
393 595
88 624
105 377
68 582
400 589
372 33
113 257
228 30
27 972
159 267
95 691
231 34
135 363
420 431
166 676
206 348
92 158
354 722
279 638
17 962
192 849
180 109
256 749
144 925
271 721
419 447
166 977
263 995
365 458
123 728
165 627
2 388
352 467
179 852
167 229
43 817
237 167
96 875
303 291
47 628
393 489
85 481
284 530
244 793
62 640
205 462
252 95
412 452
97 241
348 799
282 339
288 602
235 94
72 574
346 102
338 374
122 470
153 914
232 993
103 89
29 263
316 105
20 348
10 578
191 125
56 807
122 777
340 607
279 390
227 395
292 470
218 605
113 518
167 15
37 548
206 752
315 473
378 902
223 74
232 469
253 617
258 780
357 214
50 247
326 72
306 955
105 403
21 420
378 283
216 354
402 716
227 857
10 646
98 755
270 293
3 899
54 207
358 408
327 984
8 614
366 645
168 279
358 310
245 74
139 579
102 630
339 119
252 865
27 294
144 595
415 770
16 66
323 339
377 132
135 90
16 349
157 416
59 359
55 733
242 535
236 167
1 556
30 841
255 260
31 594
146 383
93 988
183 526
277 67
270 394
302 986
345 980
13 105
33 702
226 634
192 760
209 666
148 474
28 820
236 724
277 880
39 311
305 190
315 199
78 259
379 326
137 367
216 154
390 860
219 422
66 455
88 249
52 96
125 23
204 626
101 439
378 270
246 699
8 927
158 347
223 275
90 126
200 911
207 899
249 645
396 714
298 16
197 403
351 895
117 714
405 672
184 469
401 923
308 431
74 981
239 619
252 977
182 190
247 563
102 862
118 562
212 319
13 895
90 608
166 892
32 7
249 139
260 456
240 421
164 340
264 960
118 885
208 279
318 364
76 499
201 63
313 549
339 780
380 411
286 718
365 343
122 847
284 406
24 585
258 2
212 418
87 171
387 185
412 242
94 202
392 963
127 510
78 546
289 105
261 788
276 660
113 684
49 826
355 477
228 713
272 114
347 1
280 975
210 541
12 242
244 323
139 291
391 278
72 858
256 542
196 107
56 163
322 74
351 367
159 45
233 218
150 359
234 867
287 233
20 610
174 144
286 990
124 524
42 216
412 182
302 702
365 870
254 868
36 776
266 314
271 143
52 720
249 388
123 89
24 258
313 529
118 586
143 170
37 749
354 769
193 610
210 51
241 603
362 374
360 546
180 868
288 176
291 605
318 460
381 110
390 601
334 371
150 408
24 854
259 675
261 737
107 414
327 633
55 692
79 489
154 555
302 813
189 299
305 437
399 548
182 897
22 668
365 499
241 11
229 992
315 893
347 484
317 23
31 299
329 956
334 626
369 393
79 623
139 284
167 24
209 57
188 247
184 879
139 180
342 391
18 719
91 299
31 436
312 262
425 519
378 942
117 334
282 844
246 667
153 24
191 338
319 400
198 116
24 466
87 615
139 539
6 526
371 965
279 720
217 237
398 356
88 47
287 107
412 312
136 853
293 636
113 402
193 34
196 339
107 365
7 179
242 958
117 298
248 514
351 478
403 678
24 503
8 572
391 94
253 263
285 713
286 901
11 429
384 846
386 341
190 173
169 893
122 910
203 770
28 2
365 95
360 133
273 906
160 94
121 441
74 411
183 685
417 438
212 517
34 884
351 425
266 618
183 748
203 173
359 384
409 713
185 42
111 348
57 49
416 97
48 141
286 988
133 915
54 272
353 999
212 855
320 161
208 768
107 498
54 198
286 578
169 244
133 896
366 544
32 386
422 822
185 676
256 650
217 489
200 958
286 967
104 843
388 829
70 395
119 242
169 121
245 516
62 571
31 586
323 764
286 957
26 439
138 875
79 846
423 181
283 998
244 859
181 482
39 374
159 857
105 860
299 695
402 855
17 910
232 602
165 632
295 454
235 817
119 508
191 840
147 160
164 131
392 973
8 124
95 973
249 119
17 931
283 949
159 269
98 452
84 377
66 325
96 147
201 263
370 113
143 950
41 306
169 399
152 163
28 427
351 115
228 83
286 51
132 752
247 123
342 566
299 483
32 485
285 127
115 93
255 509
299 33
79 343
234 598
260 584
93 31
234 659
347 401
144 355
153 33
418 425
152 881
21 134
61 295
264 370
416 116
237 177
309 578
55 142
336 361
52 981
401 894
366 695
352 719
360 779
37 836
92 746
288 731
159 958
341 555
36 547
390 441
13 567
216 322
19 986
422 784
12 879
172 642
205 977
294 51
78 121
232 57
272 970
303 36
171 663
41 745
97 518
362 50
221 969
134 894
127 198
419 923
384 540
152 210
222 982
360 333
372 168
97 983
82 525
380 844
321 974
203 314
371 984
117 449
355 550
51 931
380 798
36 902
208 174
50 402
314 821
273 52
93 878
382 104
16 393
348 931
344 481
278 938
297 248
165 811
175 98
8 805
360 627
359 503
308 217
314 152
349 609
301 157
314 645
108 373
184 592
303 710
77 799
210 441
332 386
134 201
160 511
408 867
214 758
135 829
389 242
124 42
257 965
242 546
200 327
103 132
425 679
406 598
32 673
394 495
417 555
318 415
374 647
18 814
178 832
188 747
2 123
392 136
403 732
275 277
231 749
31 196
135 975
30 770
76 850
91 530
174 329
37 182
327 354
238 948
113 25
126 365
132 37
117 532
245 852
115 7
50 378
94 827
235 224
232 385
23 633
42 358
405 50
60 467
149 758
326 131
63 254
10 558
194 467
160 942
328 172
235 937
84 62
409 239
391 231
47 356
245 817
81 591
345 996
195 375
55 833
209 54
331 875
31 20
258 959
410 796
112 264
119 612
42 826
288 406
58 295
89 767
137 513
161 341
293 948
236 650
367 595
171 116
413 939
415 11
39 518
199 131
71 120
295 461
87 467
138 790
313 21
254 82
282 594
353 171
38 565
298 682
328 316
350 839
67 843
104 626
83 453
54 90
107 468
410 376
111 400
279 329
43 459
374 69
103 814
124 958
373 425
80 322
297 61
315 222
202 362
202 887
57 324
408 402
185 669
411 928
197 591
230 21
260 335
403 819
162 317
24 686
125 554
207 344
276 991
415 949
417 419
411 988
173 403
117 661
350 883
323 59
363 866
186 872
414 366
349 671
370 547
322 343
40 32
388 157
303 203
237 278
37 106
30 192
368 342
74 723
214 193
131 58
357 973
183 632
181 970
362 436
244 725
18 958
318 729
231 11
268 361
261 968
337 156
182 127
303 525
2 864
307 553
46 464
381 798
91 503
398 875
24 511
167 44
303 183
157 800
211 934
252 876
401 687
223 317
243 538
214 797
229 328
192 280
339 580
397 200
393 61
277 72
385 263
287 980
364 833
79 518
159 318
332 179
7 292
26 908
293 873
40 88
10 903
56 959
29 578
390 506
23 878
66 241
242 159
43 274
126 578
301 434
155 975
177 28
169 519
128 84
192 582
219 164
57 439
240 599
389 160
12 661
230 727
167 648
359 303
352 958
155 465
9 806
88 381
153 461
368 679
310 250
314 522
397 164
9 291
231 783
207 769
24 975
264 296
268 836
338 442
364 600
304 735
257 427
28 957
224 715
14 780
274 449
368 744
387 114
307 298
57 494
397 203
407 407
379 978
398 824
268 761
225 482
168 756
19 286
182 106
285 524
230 638
91 802
27 155
310 733
84 47
241 908
350 238
57 94
306 222
271 341
348 843
105 290
19 835
121 727
176 725
201 104
369 184
402 952
273 832
96 325
246 841
145 751
420 823
179 80
287 38
143 544
195 693
97 560
405 38
381 966
264 694
105 400
93 424
58 124
163 532
259 507
136 590
163 879
369 853
107 52
265 95
255 415
153 944
3 662
420 653
112 21
158 982
18 196
284 165
389 724
38 271
398 320
400 653
392 45
164 764
298 565
285 997
381 543
49 665
75 496
360 30
378 353
165 279
338 564
50 40
276 25
410 94
365 66
192 400
183 846
341 354
151 129
345 188
369 179
38 504
26 585
147 569
155 651
179 999
116 50
72 79
295 428
316 613
183 919
41 243
370 749
367 318
50 897
112 566
198 197
246 231
227 947
343 632
156 319
82 882
25 167
295 50
361 887
375 464
175 535
163 3
137 474
91 404
16 74
279 600
78 683
2 713
252 717
374 486
24 553
97 232
59 372
76 204
192 663
36 178
140 683
234 980
277 324
288 208
325 726
201 671
362 346
244 867
270 542
24 212
19 335
70 736
21 104
118 218
290 550
222 297
300 718
270 244
9 379
143 78
410 706
214 74
301 466
393 808
188 640
76 782
298 635
291 406
37 203
23 530
170 841
258 851
22 379
275 857
186 44
284 522
217 629
184 941
173 376
137 579
331 934
1 27
324 667
421 651
325 372
134 35
262 650
240 733
328 321
160 271
343 972
125 736
51 527
179 117
328 774
191 304
162 43
189 364
225 287
348 159
302 134
169 335
400 384
15 176
353 758
191 804
52 942
276 162
154 767
296 623
96 937
22 985
80 338
220 568
69 575
176 342
202 573
361 348
354 486
225 957
177 931
359 127
362 753
216 707
193 699
372 301
278 831
380 472
223 593
276 515
276 371
391 793
160 939
115 572
14 785
267 702
343 526
279 20
172 402
14 174
267 875
173 740
115 199
278 93
184 259
8 344
73 748
172 650
360 470
230 523
36 211
319 827
336 618
280 601
7 795
419 910
328 994
345 483
13 913
184 759
35 320
374 692
73 260
141 883
351 606
403 219
269 703
295 275
25 280
381 847
153 923
222 6
205 248
411 652
174 481
382 674
363 158
359 266
82 192
312 253
351 628
243 769
343 687
160 405
345 601
106 26
75 217
305 439
360 498
333 626
133 928
380 321
146 332
256 447
331 993
418 601
271 977
154 495
114 373
365 176
210 985
212 214
422 624
283 292
165 862
293 300
206 326
48 893
385 440
154 622
279 479
75 591
305 453
220 534
196 250
28 204
14 928
189 729
45 930
68 797
150 183
242 116
425 950
229 244
363 635
7 151
281 521
136 740
309 113
411 163
31 608
419 871
178 989
7 976
75 19
82 753
360 849
355 137
