1900
103 25
276 690
179 79
133 908
90 597
397 83
459 190
456 728
256 660
373 633
223 762
88 823
54 659
390 246
388 589
272 562
365 219
227 613
258 718
93 390
31 224
399 956
338 577
445 372
438 945
192 22
55 331
94 789
295 460
414 134
234 251
8 703
231 166
258 848
317 96
315 493
440 710
208 922
240 596
282 23
181 684
9 186
275 537
65 571
80 560
55 94
238 31
23 396
367 172
319 230
277 284
170 676
35 57
431 943
438 38
442 481
211 833
413 369
71 965
212 589
41 960
320 293
208 610
451 94
81 259
452 929
274 353
415 262
117 460
53 578
155 182
81 405
295 450
133 301
352 667
64 349
467 180
389 443
235 604
333 67
22 680
141 746
357 5
454 411
285 92
31 464
21 292
286 942
313 460
418 380
132 448
452 288
90 16
410 963
61 367
108 695
368 262
277 375
151 194
179 915
49 850
196 988
97 875
396 65
175 208
396 533
459 637
200 952
333 421
185 926
347 805
171 29
354 577
417 352
227 188
158 403
183 794
421 214
254 628
18 713
359 951
198 883
188 461
40 275
391 320
416 588
432 663
274 670
85 751
59 299
52 27
22 925
296 163
133 187
398 318
132 711
297 997
435 946
355 649
305 364
137 211
340 612
310 128
244 257
374 557
435 500
316 665
424 1
37 512
290 48
268 427
349 278
234 801
145 487
93 878
450 835
295 649
306 187
269 763
244 723
144 887
369 209
149 40
207 160
380 256
59 963
244 58
22 506
226 175
299 929
101 47
101 67
227 765
156 236
131 911
159 842
241 190
120 781
222 286
16 627
11 785
474 233
422 891
403 762
332 476
347 984
427 225
40 924
307 721
421 534
467 238
145 563
113 341
426 889
398 848
57 102
147 77
446 991
466 451
122 342
66 257
462 512
387 212
358 778
251 782
436 399
232 77
202 178
28 1000
99 745
282 317
9 869
362 169
146 372
411 860
29 563
20 994
330 260
103 281
65 112
472 392
141 311
217 333
59 683
320 389
404 830
294 964
328 350
276 895
157 844
329 199
350 574
296 623
2 449
258 584
165 9
343 756
377 879
199 68
357 143
443 942
93 105
4 122
12 441
183 725
158 8
336 107
48 23
408 919
86 970
460 166
362 332
305 339
311 673
397 944
375 506
9 476
425 966
450 704
413 536
234 946
303 659
18 382
260 251
388 490
61 409
58 653
112 481
415 738
229 235
53 177
471 518
143 543
82 210
475 388
399 422
400 147
11 830
66 865
400 315
353 454
430 889
28 792
362 578
192 464
148 421
46 473
147 927
217 901
448 617
177 729
436 240
104 384
412 216
338 681
243 591
184 452
107 721
308 544
144 676
153 928
235 113
321 135
406 67
426 497
207 610
87 557
166 693
440 536
127 94
133 34
419 310
212 435
284 652
23 416
163 183
18 729
54 103
434 518
65 872
74 937
12 551
296 741
250 366
392 86
132 838
193 818
431 185
443 135
59 639
66 418
457 803
413 414
180 943
125 788
339 604
80 682
80 70
176 28
75 697
294 817
164 25
115 560
241 998
273 924
92 419
297 111
269 248
219 124
403 698
270 520
419 110
145 645
226 106
419 193
250 814
231 24
154 259
419 567
13 482
371 302
284 77
249 296
228 154
163 38
65 564
458 569
463 259
278 262
354 76
238 332
290 635
263 329
441 612
405 400
474 935
383 365
238 344
56 662
340 605
432 225
303 788
279 362
247 729
78 806
378 202
146 537
16 434
139 427
365 358
362 878
259 603
164 567
337 214
160 604
57 466
336 88
137 629
115 979
176 162
151 291
54 338
202 647
326 17
122 252
37 19
171 146
152 198
140 339
303 107
385 706
79 196
455 325
210 534
57 649
352 307
343 199
57 162
302 109
283 370
431 695
474 149
325 638
322 682
68 353
111 219
294 507
87 784
284 224
89 626
403 916
86 472
292 477
390 517
192 853
39 867
464 967
214 826
448 640
454 967
396 397
437 277
400 722
41 970
278 841
214 20
125 332
209 394
130 273
180 293
104 970
410 638
167 347
130 329
301 556
305 20
66 371
137 334
150 248
17 896
62 310
227 474
385 12
102 648
405 332
215 452
21 758
8 785
63 392
55 592
222 579
97 336
91 769
264 741
177 8
186 206
107 996
56 759
37 765
470 422
337 530
142 590
150 223
55 592
331 683
114 511
290 571
316 195
374 462
205 951
408 274
327 498
26 757
462 349
320 750
261 425
222 495
393 676
410 533
315 47
440 529
137 878
163 727
260 544
287 679
424 123
453 765
84 10
357 809
75 957
442 970
160 926
152 517
444 489
408 504
191 650
324 17
192 376
23 489
189 727
266 192
421 119
79 947
130 806
450 444
427 708
240 428
95 483
134 676
264 703
361 487
226 931
446 502
445 860
325 380
102 403
150 979
144 969
89 781
159 238
313 770
35 123
429 141
181 796
152 630
1 593
373 428
399 183
336 373
327 247
145 649
228 401
148 978
112 416
375 822
11 829
406 838
67 917
468 139
29 355
269 674
260 343
269 203
151 538
433 76
48 478
29 893
32 912
452 437
462 115
245 205
375 202
347 870
469 228
197 394
54 133
165 291
313 355
110 629
138 190
315 791
155 39
310 245
57 7
383 423
467 114
433 802
17 768
189 999
307 884
365 449
70 6
424 42
232 215
131 23
183 608
82 37
357 307
414 289
375 851
350 608
246 928
336 126
311 725
457 910
333 354
292 357
27 772
466 377
360 425
251 247
424 612
57 840
293 709
456 93
334 434
318 674
250 7
332 423
96 239
91 954
96 905
72 415
348 505
270 57
309 519
166 513
111 941
406 670
361 698
67 606
312 311
16 373
398 917
59 594
224 172
365 172
371 334
354 570
119 493
301 131
19 203
427 402
315 667
425 338
266 156
212 89
121 226
269 667
223 302
102 46
379 682
46 164
403 941
111 629
377 483
413 905
75 776
116 947
294 433
169 738
14 521
145 309
397 177
207 469
20 743
287 205
422 816
255 854
274 491
115 671
427 212
196 757
149 69
385 85
113 995
40 199
319 159
67 81
424 764
371 801
366 545
398 853
57 647
23 441
381 797
422 590
303 554
58 783
5 80
9 769
232 691
258 907
337 848
92 885
328 42
411 621
448 592
349 373
65 307
286 955
324 533
72 665
290 513
282 812
48 411
350 127
368 284
135 205
189 644
458 634
169 907
25 82
337 623
69 275
339 480
364 507
376 117
228 879
449 347
357 292
359 638
141 981
16 912
232 323
103 886
372 691
31 901
88 917
404 559
106 632
375 737
299 202
376 725
232 526
284 933
343 963
78 76
35 386
339 551
170 257
312 868
402 789
308 710
114 994
433 833
74 998
201 919
67 40
176 527
203 270
450 955
193 619
277 1000
237 596
401 642
174 651
329 502
451 602
260 101
123 754
139 440
375 640
60 624
50 675
160 270
415 338
372 556
192 265
434 968
326 433
416 176
203 406
131 561
25 830
105 300
219 481
105 474
145 476
239 375
344 787
304 12
72 798
243 500
41 975
380 321
392 296
162 59
2 352
455 954
19 168
24 902
159 182
421 292
57 916
94 788
3 496
3 438
92 830
303 894
82 728
99 286
420 89
77 329
228 466
46 472
339 554
389 103
247 624
2 548
94 686
221 867
129 213
351 983
194 858
307 283
268 197
321 588
169 767
135 564
347 433
199 354
37 104
205 426
19 24
337 733
169 114
287 904
15 802
313 655
257 666
360 974
6 446
20 643
50 811
432 214
101 816
86 793
258 477
435 615
445 699
273 516
163 293
281 755
94 182
446 401
280 715
106 940
45 630
427 57
362 488
446 28
140 872
204 927
263 804
110 718
172 711
431 50
287 498
456 724
209 826
84 317
110 611
424 556
443 677
207 115
196 237
333 353
169 971
220 267
304 725
176 194
145 793
230 404
261 736
199 756
211 76
106 918
60 314
350 982
212 22
436 508
64 807
56 459
92 717
408 60
157 787
174 63
121 665
150 213
465 974
396 332
355 882
150 250
454 14
180 426
254 334
308 954
6 89
210 93
333 718
324 346
78 80
211 175
432 488
105 554
13 18
370 474
328 649
395 245
178 471
352 537
170 660
66 415
458 820
101 734
73 505
160 84
407 514
11 378
263 414
352 948
238 696
422 352
140 770
414 92
2 670
405 823
156 405
33 542
434 90
302 721
437 28
69 272
329 494
49 234
235 617
56 756
56 317
280 875
251 140
259 314
263 621
423 34
13 841
155 787
332 787
453 150
299 172
310 716
466 71
216 269
436 627
235 793
329 884
170 675
190 235
403 840
266 514
14 600
310 253
205 967
415 823
201 206
326 388
87 740
351 294
198 194
160 622
75 813
411 947
395 127
65 5
37 640
1 199
210 829
83 817
416 491
166 337
257 898
44 625
144 33
115 70
101 828
99 517
189 956
313 206
319 940
437 576
196 375
428 570
176 324
383 733
347 395
366 603
181 110
305 435
40 79
110 903
160 543
317 920
453 110
348 521
323 672
88 849
350 698
107 29
310 317
233 680
103 192
340 102
75 928
439 807
301 569
301 392
328 614
473 239
14 106
200 942
191 56
261 600
375 147
160 868
276 650
85 414
286 916
251 499
60 83
457 741
444 216
210 764
453 464
78 740
15 111
132 203
442 159
222 454
347 380
131 370
283 305
254 156
386 5
74 980
134 322
280 192
282 779
451 461
474 666
460 716
48 742
316 202
187 787
230 935
269 866
104 860
71 362
171 913
227 949
337 803
231 796
301 825
305 863
378 703
137 955
153 130
445 634
436 422
130 679
202 625
333 466
120 257
114 43
208 943
349 59
129 957
442 300
290 160
337 934
112 263
91 413
256 860
103 886
44 742
73 78
438 818
233 859
420 140
372 37
138 385
272 631
468 738
152 832
445 862
162 630
17 147
60 20
462 485
239 545
356 262
123 824
140 184
164 40
451 22
345 605
235 864
48 599
424 493
312 851
429 349
446 710
457 649
440 217
106 1000
318 461
271 393
305 139
141 79
195 424
229 634
386 144
257 745
279 531
370 4
264 843
121 210
40 506
283 20
323 762
156 387
278 962
367 293
418 277
259 169
122 464
203 193
199 621
464 783
139 6
302 396
158 280
162 88
22 924
99 266
358 979
473 312
429 811
378 399
414 464
34 218
155 89
239 885
391 407
30 643
233 892
370 489
99 558
361 183
104 369
383 291
86 48
21 598
284 923
422 973
79 169
40 611
102 991
113 951
291 109
85 102
279 78
85 219
110 809
308 196
388 289
257 282
128 346
53 586
157 753
312 687
175 984
259 159
155 853
43 416
18 472
468 290
129 994
92 781
35 688
139 388
84 869
43 987
140 938
100 302
358 814
303 919
226 140
163 269
384 392
464 999
250 117
4 996
111 72
223 434
182 674
430 946
362 131
237 19
52 986
128 947
278 385
112 524
2 751
104 665
201 470
338 187
305 493
221 627
452 402
357 377
114 815
230 885
217 152
69 264
345 763
362 284
267 623
261 423
112 112
419 643
39 817
327 980
453 699
301 685
467 507
259 991
205 748
70 911
281 133
346 211
278 673
455 879
141 15
156 605
164 368
365 241
16 40
200 910
81 54
345 324
441 971
343 422
175 148
455 158
212 392
69 812
439 849
224 379
356 355
279 48
2 994
423 783
356 115
105 9
25 683
58 433
448 241
378 454
116 790
419 671
215 898
71 690
351 616
89 930
374 649
416 158
404 497
418 866
108 520
235 619
128 686
199 127
247 402
284 900
46 304
31 783
244 310
291 627
130 18
454 715
107 807
182 573
88 941
155 388
56 289
412 105
151 255
126 143
170 501
450 106
39 421
197 652
370 946
23 922
52 39
91 857
417 248
343 413
302 15
401 670
450 972
51 158
44 46
20 635
92 486
357 389
362 497
143 99
346 206
356 900
465 445
43 275
452 360
247 722
381 568
415 567
467 29
314 717
138 872
63 983
318 1000
28 894
368 882
61 459
33 820
427 245
180 5
180 567
95 723
57 60
271 297
238 204
163 14
381 194
151 492
439 30
15 229
171 11
50 710
448 694
96 599
276 36
296 29
6 890
372 52
186 24
308 461
202 205
106 609
274 590
441 728
74 749
168 376
379 878
305 438
346 28
209 293
115 544
315 429
250 436
71 726
423 147
303 78
190 531
6 716
290 389
31 758
5 882
342 293
26 771
320 79
171 19
298 663
285 763
372 859
221 22
6 922
470 641
319 184
245 529
310 445
100 835
340 799
316 542
368 97
328 135
417 378
180 385
334 676
98 870
359 174
239 548
151 351
189 651
461 486
426 516
263 727
108 507
100 613
260 156
98 265
362 581
154 783
301 762
340 857
155 674
234 712
313 831
216 416
223 803
114 893
128 442
20 414
169 886
398 651
205 402
21 184
203 521
394 214
270 22
380 446
389 883
260 659
168 965
77 654
325 513
61 344
138 373
189 325
333 285
237 756
449 413
207 32
210 500
179 917
5 72
96 981
452 553
195 173
25 651
463 295
341 958
409 419
410 17
390 373
398 285
313 212
77 20
445 706
3 931
445 608
33 509
113 272
451 124
286 625
454 849
40 467
375 331
257 355
253 21
259 219
369 875
389 393
237 63
448 414
75 390
89 838
376 177
217 473
76 501
470 182
306 1000
116 162
275 663
264 291
385 526
291 677
380 67
421 130
49 423
404 907
427 400
72 409
151 474
186 230
354 445
115 9
175 21
444 515
10 519
101 989
29 47
425 644
223 556
166 826
326 897
342 189
438 62
330 915
245 426
206 520
129 623
237 571
89 35
127 966
83 857
28 287
50 136
12 611
134 140
248 267
262 835
216 324
57 147
73 319
380 637
192 813
61 752
17 221
136 852
133 732
456 527
183 29
158 343
112 173
465 340
179 298
470 563
391 378
396 605
269 806
172 713
95 99
77 655
230 621
223 68
234 524
9 521
302 354
219 294
428 907
372 571
344 919
284 283
28 487
422 19
247 115
423 63
304 53
169 182
462 391
159 541
387 406
201 689
129 636
142 67
150 639
228 118
190 517
158 679
261 117
321 918
281 851
123 908
222 719
131 49
127 642
377 294
35 312
299 652
374 148
206 994
92 764
269 839
441 701
2 97
439 582
261 314
280 298
51 555
409 260
291 955
349 775
462 316
307 517
242 131
87 585
304 41
119 530
149 222
240 649
381 685
348 797
74 73
375 676
196 159
81 318
410 468
26 847
96 257
296 270
262 67
226 105
112 583
324 990
134 158
361 217
134 544
316 423
21 7
81 625
50 491
60 413
113 452
226 777
334 290
23 930
340 641
259 904
274 135
258 777
272 408
160 79
343 699
87 619
271 344
120 248
41 515
422 78
23 580
52 868
138 469
292 968
271 688
396 694
286 529
1 58
103 372
221 814
58 74
138 476
95 569
98 648
244 604
1 895
114 538
384 452
276 154
49 780
207 130
55 827
341 780
209 445
166 528
427 406
17 757
92 931
198 127
414 287
320 474
289 236
246 409
35 193
335 343
286 298
340 371
87 390
380 783
284 5
452 448
81 91
8 141
55 844
157 35
385 209
326 798
171 664
263 292
148 852
170 389
218 392
444 858
392 383
124 115
176 403
326 380
31 333
250 125
284 395
76 820
170 291
51 243
102 850
134 145
330 863
150 622
76 298
353 36
186 199
99 863
161 781
180 508
307 828
35 170
137 97
10 430
386 802
29 322
20 282
447 884
253 690
389 240
156 832
1 95
448 582
427 116
61 137
297 625
207 306
28 875
138 156
436 683
357 991
97 42
80 956
239 403
140 413
416 679
269 190
344 400
1 702
242 579
384 355
70 380
28 940
22 229
247 235
364 765
389 314
246 751
433 567
259 677
218 282
206 539
374 269
6 545
302 295
226 397
239 605
366 850
389 443
440 323
223 291
470 985
344 192
440 299
439 499
161 127
356 634
245 378
472 888
278 248
450 686
205 511
309 10
80 474
390 82
274 996
30 910
79 438
189 384
139 234
148 919
274 290
288 187
357 48
436 860
335 336
210 689
268 892
235 66
192 406
182 880
254 954
42 895
275 540
170 277
294 251
453 561
338 880
138 837
164 417
116 511
181 209
103 977
448 294
169 23
117 471
339 631
332 886
346 787
91 615
111 505
179 211
28 306
461 547
338 124
53 72
267 707
433 784
223 997
362 872
285 827
8 321
213 623
185 177
406 816
63 475
292 345
341 634
104 910
29 704
154 94
438 796
70 183
473 331
143 519
448 126
262 292
103 960
430 674
297 612
36 712
463 749
467 349
300 530
341 353
257 155
434 822
54 119
18 417
282 55
83 896
43 983
368 81
302 657
366 925
279 980
144 278
331 491
259 293
154 70
389 673
164 79
250 314
430 851
287 289
100 66
437 152
388 175
345 611
443 391
37 494
228 757
385 838
374 518
444 113
67 613
387 496
305 304
420 26
37 716
120 290
180 733
446 880
409 782
59 110
184 939
251 850
199 783
95 180
139 233
471 927
156 572
148 868
99 834
394 821
379 727
206 938
328 317
244 691
