2000
130 490
194 26
395 593
450 156
304 994
355 208
210 931
366 230
38 621
486 755
94 95
409 727
419 480
365 41
81 767
94 887
461 475
9 374
155 543
434 796
386 374
49 847
384 350
21 516
471 936
309 893
246 596
41 893
282 916
347 227
96 587
345 161
54 791
399 649
373 510
228 809
162 2
143 631
405 570
332 862
12 358
198 362
76 104
298 520
174 397
89 972
10 542
35 310
264 322
269 647
282 652
147 56
160 945
105 753
305 861
304 216
275 741
152 369
406 953
404 849
191 140
302 433
64 774
249 766
49 449
449 806
317 888
165 580
438 845
88 368
81 973
142 869
280 273
160 50
31 842
176 480
102 872
316 740
402 109
371 866
419 667
44 617
375 953
13 909
2 235
327 268
354 912
351 78
91 589
243 916
190 108
136 593
385 512
11 855
60 81
470 633
498 260
35 831
454 252
468 172
216 386
316 131
453 310
221 567
287 343
341 757
197 674
101 352
418 100
307 796
116 479
275 825
401 579
74 647
318 987
218 973
14 910
339 979
476 93
361 2
320 400
209 556
299 553
53 238
497 226
197 428
296 957
4 57
433 504
232 643
404 914
332 283
38 93
418 575
106 76
500 264
300 395
169 741
360 983
399 429
81 937
492 383
462 125
149 281
283 523
460 309
437 939
438 158
192 78
436 996
419 629
440 516
491 775
212 662
140 14
285 989
21 513
189 243
433 429
192 808
200 304
153 429
155 294
38 771
83 189
227 715
329 717
440 355
177 539
145 74
54 278
340 780
98 715
163 51
495 418
99 366
161 351
114 577
195 829
330 662
277 530
340 435
114 759
137 663
106 505
473 120
59 440
152 596
419 937
264 909
176 269
45 698
412 223
447 292
208 268
109 923
134 598
230 442
16 799
408 4
28 28
342 11
427 398
140 830
133 178
312 264
357 694
482 135
500 648
67 517
420 999
238 904
232 550
346 105
383 914
367 276
233 975
132 547
138 148
149 468
433 211
469 796
480 470
461 232
114 697
136 387
172 252
1 381
285 88
397 455
372 364
341 115
233 151
426 243
17 409
485 930
490 272
55 393
292 988
180 64
178 826
315 147
392 88
305 181
476 340
479 69
281 103
136 817
161 712
80 298
88 401
183 754
41 746
326 369
209 815
83 40
438 459
240 23
209 430
29 591
361 450
231 890
99 66
449 774
236 893
57 764
104 715
144 387
282 887
407 471
292 103
258 228
427 588
162 544
498 80
220 548
93 577
149 149
495 506
153 676
452 563
413 525
9 937
469 879
165 202
155 990
124 85
259 998
286 847
339 461
404 793
408 622
46 728
471 216
249 812
56 981
280 965
232 245
42 913
34 891
445 798
121 117
143 559
33 756
278 974
176 424
387 943
171 642
142 806
267 841
41 136
253 258
34 860
456 237
339 867
142 382
342 810
359 555
313 375
109 186
316 669
241 16
496 521
233 923
323 238
441 715
103 400
265 707
481 322
355 944
93 865
143 124
391 452
241 922
411 196
369 391
389 281
305 182
77 707
47 55
317 560
21 879
403 492
255 961
125 173
206 289
264 831
206 214
481 688
68 719
70 759
424 742
46 69
246 150
104 775
246 342
220 847
395 770
497 630
181 378
95 323
22 617
371 347
184 802
366 941
220 996
442 776
97 404
481 109
64 339
470 226
229 791
351 115
342 907
310 636
21 762
9 996
184 339
306 195
363 943
192 550
326 620
131 615
189 177
131 361
59 331
26 134
62 66
375 943
329 847
328 861
471 160
171 868
393 582
103 497
442 164
236 777
78 382
110 103
146 804
344 365
115 406
358 917
192 375
391 727
147 723
279 389
128 788
181 877
99 454
330 396
269 578
249 957
39 829
85 367
43 211
307 114
203 33
332 950
300 262
372 322
398 736
434 861
158 734
309 722
209 839
44 213
268 234
331 146
78 730
130 851
79 170
47 231
465 85
320 483
298 975
53 343
270 200
170 392
153 824
363 820
71 80
391 713
320 71
405 836
90 603
226 170
461 272
153 854
135 294
138 420
327 695
303 233
463 803
196 163
427 726
194 364
221 339
407 469
141 189
434 274
35 407
346 591
161 584
468 727
237 373
196 167
402 691
435 167
432 156
122 469
268 700
354 12
113 377
94 644
87 111
485 967
245 528
249 613
115 921
101 113
203 131
113 427
332 519
50 666
489 297
241 878
66 638
20 41
364 948
398 841
420 718
401 571
285 655
360 895
393 140
473 62
500 429
182 253
178 153
82 393
437 706
156 933
422 613
97 692
396 535
252 123
229 659
348 802
268 714
10 84
372 696
493 161
80 130
15 88
100 537
150 15
368 803
172 846
367 639
329 585
93 54
85 898
77 758
265 515
338 929
403 533
331 333
454 294
422 780
245 35
484 962
196 238
341 52
125 31
146 301
156 819
38 464
288 210
399 62
307 564
437 980
475 695
153 986
345 271
32 717
494 952
19 767
457 592
301 643
220 879
247 737
486 203
61 293
140 682
8 830
269 211
358 425
74 121
448 692
309 132
268 751
215 280
489 501
242 28
7 953
47 317
438 255
26 66
138 423
199 988
431 256
378 276
88 208
369 313
237 452
342 210
290 109
413 841
91 365
412 108
217 591
200 721
480 135
410 394
324 861
14 748
226 937
360 35
414 195
85 954
381 904
93 296
194 9
442 830
441 180
250 824
88 315
283 456
300 772
325 342
28 368
189 639
201 131
490 353
230 460
145 88
3 211
60 582
365 237
302 916
264 831
394 599
157 305
312 599
81 658
79 519
63 280
279 756
127 173
146 781
20 558
178 30
334 598
182 991
322 932
452 667
119 668
206 40
165 678
155 981
34 307
387 220
443 301
332 182
60 919
443 817
97 520
280 8
496 383
51 181
13 175
390 185
83 776
384 263
117 562
395 901
309 252
301 708
223 419
495 955
155 637
337 38
308 976
332 659
111 302
320 588
233 491
157 682
170 391
116 784
487 461
384 375
72 846
446 951
132 524
33 621
402 905
333 897
291 265
336 845
44 731
473 314
149 889
217 704
64 972
276 435
198 381
384 324
478 978
173 657
464 896
64 682
98 407
128 231
131 175
375 406
95 69
320 862
466 908
447 314
450 502
50 186
444 978
315 716
459 707
183 966
445 949
134 409
348 387
255 700
282 678
115 500
213 231
274 479
160 595
141 55
225 804
49 723
482 337
205 859
172 941
451 767
306 733
474 445
481 305
297 477
340 61
75 1
441 115
288 448
183 553
41 459
102 815
372 347
138 537
143 418
282 333
341 299
60 387
443 200
367 590
276 994
75 245
484 774
203 332
108 557
347 1000
50 492
449 4
249 807
354 48
129 981
179 301
471 276
428 660
71 291
151 617
43 399
253 199
193 468
7 280
378 837
304 535
232 354
488 340
212 874
299 489
425 199
143 540
122 50
445 571
53 870
480 464
225 72
474 489
24 561
92 866
146 947
273 416
21 518
466 39
2 534
406 555
285 167
460 384
490 936
422 365
117 516
111 757
35 117
422 956
30 162
326 131
259 374
321 588
370 799
428 203
75 692
462 797
486 66
124 275
394 22
254 611
181 463
233 806
288 325
361 637
93 588
357 522
236 546
292 406
176 771
353 897
196 585
198 967
178 132
92 964
169 594
475 978
270 622
4 200
492 634
177 721
414 62
317 347
499 63
352 467
189 534
55 943
23 837
65 264
287 675
395 95
450 615
246 274
41 783
169 528
40 272
161 390
157 683
135 964
463 997
234 459
162 914
36 857
403 550
231 812
349 992
47 282
30 271
390 360
252 412
43 420
112 740
310 381
204 917
312 341
183 706
499 806
54 893
300 328
370 809
102 682
3 425
26 370
143 821
498 387
98 477
5 667
141 369
304 543
238 740
214 338
111 432
36 250
376 490
310 338
151 58
184 73
147 699
249 181
428 231
51 799
383 246
1 864
250 514
389 25
329 569
144 123
138 206
380 280
86 209
303 9
139 456
225 162
61 613
260 449
457 573
214 242
129 907
468 278
147 569
415 730
246 988
57 229
142 211
414 517
402 490
326 893
253 150
147 381
420 316
240 287
93 480
301 210
360 465
75 753
276 366
172 120
233 53
200 68
165 651
130 886
374 388
264 335
360 406
211 367
240 27
469 207
410 562
415 445
42 65
281 588
97 362
366 715
137 342
125 217
491 821
496 959
25 379
129 352
404 233
196 390
28 591
20 160
353 858
471 569
484 976
170 733
195 716
208 462
473 679
184 628
341 759
209 576
266 617
172 889
297 580
189 255
297 472
157 715
442 654
313 538
260 452
333 595
115 732
437 512
152 892
25 455
271 813
1 248
201 765
399 775
341 896
377 278
324 153
81 381
209 718
183 747
481 734
83 285
25 109
117 810
82 537
402 629
242 955
398 111
238 60
350 108
291 846
373 939
272 501
236 90
381 710
478 86
211 309
259 313
186 209
123 415
37 927
187 50
484 998
87 15
24 226
335 529
50 545
165 688
109 240
218 45
375 279
462 301
280 316
204 363
332 801
143 618
416 806
21 949
26 778
229 47
194 780
68 167
331 491
293 328
338 76
347 827
466 369
353 249
234 810
123 949
199 893
388 22
41 633
307 574
388 152
268 584
373 406
95 278
469 974
179 893
385 759
429 518
200 623
345 941
245 600
318 740
383 830
343 351
454 75
175 815
232 617
201 903
130 660
347 895
161 656
429 852
277 430
423 166
278 377
230 613
204 927
90 900
483 255
141 175
248 721
101 850
373 143
283 392
499 9
128 235
7 98
41 258
325 636
208 197
301 98
13 871
160 624
368 504
12 941
271 142
306 9
347 319
440 185
336 989
79 530
87 642
128 251
304 594
306 419
157 102
257 716
21 828
157 178
7 435
314 633
176 117
350 985
110 178
377 467
335 338
252 561
300 915
453 240
379 530
365 249
443 139
415 882
141 401
361 68
42 44
89 657
499 52
12 119
427 502
377 615
457 122
488 809
373 948
360 591
266 709
250 156
238 63
230 231
169 420
204 146
397 445
335 750
351 915
333 851
334 308
165 448
156 671
451 483
288 966
158 765
328 780
435 715
437 141
87 689
310 958
413 610
38 694
399 86
459 30
120 114
200 718
299 280
274 878
477 734
161 374
275 592
274 998
340 769
361 677
263 512
202 151
436 50
220 77
7 382
62 624
276 340
229 228
326 131
154 835
184 81
260 542
494 519
30 617
372 291
254 51
165 287
387 180
33 46
118 804
108 753
387 759
432 188
189 911
380 715
444 159
471 197
27 862
133 382
53 159
333 107
124 815
390 60
443 176
272 482
462 16
208 835
379 506
241 524
379 12
11 720
459 282
271 61
272 644
292 234
365 484
268 317
147 551
315 734
351 674
9 974
166 461
442 529
298 549
1 844
455 521
265 997
225 777
250 673
370 143
484 181
204 172
65 936
410 736
224 298
23 468
375 585
421 745
161 499
19 1000
128 877
197 99
204 474
93 179
66 873
119 765
147 558
16 31
198 947
385 888
378 156
44 123
175 798
440 956
424 105
159 853
18 306
476 657
494 863
158 340
73 328
234 528
417 458
191 314
76 246
370 862
379 785
480 802
354 53
344 685
345 552
88 245
123 930
183 734
449 700
375 391
368 932
310 93
349 864
355 500
375 16
188 471
445 886
130 598
149 44
479 44
315 580
337 449
455 114
358 975
78 940
15 263
146 616
63 626
208 154
285 52
270 55
445 46
406 25
275 739
335 814
315 599
376 994
355 529
171 40
153 840
78 30
331 830
410 882
128 554
256 927
281 891
189 970
457 656
255 57
141 885
4 145
108 687
29 192
441 816
491 840
207 342
499 222
220 567
352 802
237 621
159 140
68 565
235 906
335 888
71 919
350 89
200 375
356 229
250 925
345 92
312 339
105 366
225 164
229 914
138 6
254 868
164 28
381 687
140 692
441 784
176 558
32 366
299 145
253 621
214 421
301 654
252 533
171 939
238 779
193 74
229 837
70 814
57 744
499 978
288 767
8 483
121 358
191 891
235 957
341 775
57 828
387 237
37 681
151 23
432 546
63 720
31 946
82 515
273 464
55 815
69 887
480 85
196 666
425 9
392 379
316 251
134 226
369 261
396 682
478 343
72 924
23 654
352 759
438 36
119 767
440 913
494 907
274 506
73 865
371 796
59 165
441 704
26 584
156 234
276 404
257 952
244 767
429 118
491 44
343 134
194 400
179 892
340 125
101 760
37 556
460 240
204 984
486 566
458 949
211 829
382 443
431 351
110 285
267 479
354 46
42 449
219 142
401 822
294 514
150 367
51 768
448 674
492 163
68 369
381 314
353 125
175 73
11 175
246 512
25 88
172 904
119 207
363 134
2 23
437 501
257 425
415 634
219 279
104 474
250 819
399 872
433 737
12 341
439 40
430 718
178 631
298 675
334 63
30 128
379 53
334 797
184 8
206 553
300 25
293 71
443 880
60 359
448 816
136 693
60 86
120 921
321 286
172 706
183 139
153 594
51 294
128 677
290 769
22 108
109 119
355 728
425 226
397 75
339 171
160 640
500 634
137 704
34 259
106 52
104 191
476 998
233 410
53 443
500 521
40 144
194 901
478 927
492 49
61 838
21 42
89 604
164 603
128 196
28 957
42 379
259 972
492 612
62 310
130 664
474 684
175 707
83 4
293 433
188 22
189 154
490 920
266 485
324 262
346 230
110 470
340 366
199 913
421 460
239 416
78 208
176 876
284 767
187 525
319 831
131 12
36 717
41 20
379 30
451 783
114 120
180 177
316 274
161 304
278 560
272 590
172 246
424 320
385 715
47 24
101 711
286 686
155 169
468 469
177 393
370 793
208 698
454 921
37 853
79 503
390 612
50 604
336 65
470 477
153 697
409 76
308 478
170 452
135 822
36 966
114 829
343 145
127 50
347 465
429 21
359 783
488 923
84 728
274 497
493 767
261 20
32 279
31 275
207 855
142 955
475 839
258 582
288 377
282 547
249 991
442 535
251 550
272 436
67 973
319 618
224 969
327 697
27 660
122 944
235 797
302 152
366 849
386 215
408 148
58 925
401 923
465 181
142 831
324 441
189 750
227 640
452 553
254 201
406 650
466 483
422 951
326 173
166 779
246 549
490 942
220 941
490 948
131 682
253 178
77 492
191 663
174 996
173 74
386 702
437 898
174 507
154 487
457 997
436 680
74 767
312 532
21 778
479 657
174 303
467 837
353 84
98 35
102 523
274 467
433 702
29 615
474 621
149 684
57 133
275 609
226 350
302 276
336 88
199 105
450 468
65 54
240 998
326 75
105 276
309 783
297 370
353 555
106 772
388 346
119 405
487 544
68 670
242 744
493 253
364 905
402 450
138 494
50 12
217 148
123 99
439 736
255 826
114 809
361 437
420 122
154 178
478 327
258 445
54 535
374 430
180 7
106 789
167 122
62 323
143 597
277 115
190 820
155 506
500 658
391 29
17 213
156 2
57 80
257 373
401 214
172 524
157 502
229 647
85 850
186 353
484 588
379 154
289 778
491 343
36 887
464 280
110 381
169 248
337 194
38 561
169 763
210 238
326 386
444 438
491 843
125 559
467 21
495 727
257 114
47 764
435 955
145 635
149 967
366 77
115 395
430 623
410 557
158 608
242 577
451 848
310 829
483 131
351 536
249 205
450 439
372 361
291 433
26 320
465 266
476 524
431 703
394 512
382 898
214 859
266 319
287 870
479 426
275 589
16 932
160 574
456 928
201 37
405 250
144 461
350 449
275 697
11 524
479 704
62 678
253 911
111 735
284 753
207 554
373 943
263 152
228 589
474 658
136 441
134 927
404 89
105 849
56 366
399 359
298 690
327 309
411 896
442 474
101 104
238 384
259 394
176 98
429 77
91 517
466 807
5 454
237 497
437 890
59 387
366 589
227 492
72 772
141 168
172 15
391 354
89 623
80 887
332 58
227 576
100 344
339 32
106 248
319 924
63 276
347 382
221 409
186 684
365 44
70 916
153 89
126 686
436 558
111 552
205 956
381 672
482 313
117 489
415 101
77 268
32 108
265 79
27 263
85 659
85 101
6 710
247 34
302 669
54 434
90 20
435 135
116 447
386 71
229 603
41 770
353 490
129 589
254 258
453 882
9 37
18 645
381 149
264 437
301 913
492 874
304 745
147 964
225 64
418 348
490 601
440 537
215 541
80 878
401 53
127 619
67 276
55 982
7 286
350 407
95 860
422 806
284 980
243 337
379 462
324 31
20 641
434 538
104 262
169 288
39 759
105 324
425 676
162 888
367 283
89 869
422 776
192 229
386 810
308 810
176 764
33 220
119 212
35 179
63 526
32 564
243 838
499 884
12 209
123 698
308 714
313 299
200 62
123 609
258 614
178 441
264 439
389 280
467 82
374 704
428 247
364 203
403 467
429 73
71 855
210 385
85 809
380 831
22 899
215 620
335 355
285 148
499 941
189 196
102 193
161 979
319 76
444 260
267 824
484 308
98 90
196 226
172 983
193 282
212 711
20 901
17 937
239 723
288 643
445 187
50 871
394 268
399 285
239 472
9 299
427 703
319 34
393 790
184 915
230 543
346 972
109 700
484 481
422 452
263 899
463 668
28 715
295 186
28 58
462 321
228 526
276 162
69 980
259 458
235 238
138 264
358 442
420 771
71 36
131 626
302 208
125 539
190 173
372 627
150 663
390 604
14 209
275 276
61 304
108 888
230 621
52 993
6 258
368 482
498 356
203 420
399 335
365 14
252 616
18 378
419 527
443 456
14 420
318 562
180 889
455 908
70 890
328 857
421 579
48 897
490 327
75 458
291 508
101 698
223 851
287 711
149 325
222 654
357 547
424 782
471 511
116 28
289 625
90 504
154 452
196 20
217 392
369 487
318 896
339 887
105 14
496 113
237 781
33 712
198 406
284 93
350 923
11 248
320 356
466 789
263 119
185 663
190 777
489 14
98 346
386 421
242 71
358 598
496 144
491 322
229 724
152 581
281 695
98 578
