1500
64 805
36 853
324 35
52 705
264 649
163 680
186 304
54 391
319 433
270 432
238 895
30 293
227 981
374 993
153 896
12 703
117 543
29 507
1 773
361 576
371 540
332 188
74 165
319 608
30 703
373 207
208 144
189 995
349 797
149 632
117 833
309 47
65 854
164 971
27 30
89 976
60 42
129 89
58 601
14 157
178 317
247 323
30 870
67 50
260 748
320 235
101 638
50 881
56 519
211 777
145 877
61 497
135 591
143 827
132 486
242 605
273 68
14 399
3 512
39 475
109 977
35 656
131 877
64 758
342 976
318 363
261 310
271 389
184 944
287 735
205 271
358 29
298 35
245 974
120 631
116 454
258 634
118 681
145 445
64 472
122 582
88 33
12 636
362 593
245 513
98 781
33 595
100 294
158 645
216 600
47 287
315 355
90 905
336 7
354 881
335 906
229 632
366 859
107 453
190 51
182 411
51 350
218 378
246 471
67 208
20 365
132 750
46 809
86 872
109 369
99 737
375 215
371 555
116 375
136 897
96 418
293 919
79 960
353 499
28 162
192 295
80 35
56 373
153 925
107 255
148 915
52 467
264 404
357 398
332 520
136 704
228 721
191 686
187 152
180 774
129 962
3 691
1 296
123 647
228 616
220 524
259 802
351 306
67 194
279 694
57 294
162 323
154 712
196 944
274 904
184 396
212 563
26 227
342 265
2 5
238 710
229 933
321 224
293 339
144 400
33 781
287 31
181 720
238 148
76 860
200 952
50 525
278 176
20 880
350 991
87 24
82 534
67 216
365 263
213 249
67 129
105 985
78 680
30 872
322 573
95 603
366 745
231 706
226 226
187 792
171 711
224 212
88 814
211 171
305 590
182 217
338 457
255 662
59 859
177 263
6 686
283 924
281 20
101 916
37 134
31 135
173 498
275 400
224 394
334 98
325 74
331 490
26 332
2 704
128 275
179 282
90 113
109 866
353 450
310 298
40 675
14 28
252 506
218 59
44 829
200 645
296 590
207 123
361 162
302 859
160 492
234 160
71 708
173 419
234 417
228 25
288 27
131 348
147 360
1 54
350 347
293 175
183 772
110 738
345 317
158 591
93 431
242 155
322 172
36 866
49 166
330 824
330 340
189 238
292 594
206 849
288 936
184 874
24 852
337 402
247 615
77 127
371 572
177 732
69 917
286 401
300 284
73 176
148 822
203 607
363 668
342 827
230 572
340 740
206 290
282 849
174 619
7 378
112 291
159 405
42 144
211 676
299 345
15 520
20 513
345 806
257 54
352 218
147 594
32 709
354 45
62 540
39 385
208 994
165 941
114 824
121 637
236 307
332 952
208 787
64 112
174 851
102 296
258 446
40 94
373 258
356 664
223 776
42 190
200 219
146 730
108 177
56 731
128 595
117 98
221 531
11 4
313 429
366 983
219 758
199 117
218 359
153 99
309 33
133 265
287 976
110 262
111 865
212 780
118 28
306 792
337 266
354 351
48 613
326 864
187 735
367 304
57 159
360 398
7 855
324 486
252 673
368 554
67 459
148 407
228 707
331 710
237 916
236 223
64 685
95 808
16 564
375 87
110 168
123 183
137 716
59 973
212 239
131 260
191 407
372 822
76 170
59 475
300 150
24 620
8 483
71 44
222 156
339 947
323 878
99 965
132 981
75 295
74 425
132 803
36 315
5 753
241 174
139 838
182 571
68 388
269 188
257 899
348 878
71 539
325 846
104 725
187 189
8 470
213 396
359 263
275 180
133 279
349 936
336 603
88 289
70 639
166 77
151 999
85 806
168 808
219 110
172 526
101 473
171 375
240 179
231 44
209 281
227 506
332 797
351 820
80 98
85 606
343 916
282 125
57 491
367 889
25 971
18 577
203 704
229 188
353 545
172 274
348 185
216 900
50 561
107 842
64 141
244 944
198 848
236 407
206 649
157 350
122 834
81 940
362 764
52 670
317 150
179 152
9 5
204 24
202 170
308 660
48 830
164 968
284 450
159 5
49 576
128 890
286 694
273 993
128 826
273 356
243 506
347 197
193 661
372 383
249 344
87 900
98 599
222 564
141 467
361 818
188 244
276 643
254 33
99 505
28 734
292 476
155 703
164 173
62 121
205 320
157 97
335 579
159 418
147 517
253 721
279 71
302 638
287 142
303 148
371 776
212 742
284 203
1 783
127 548
61 472
103 844
44 851
251 726
131 575
50 315
270 712
168 744
324 945
157 662
278 984
117 323
179 625
300 945
311 708
146 271
100 421
133 827
306 267
234 202
88 11
90 700
135 627
200 956
18 641
151 859
95 282
370 665
232 605
200 630
273 328
291 779
325 631
95 930
75 928
151 928
267 492
329 738
197 423
306 326
187 371
272 643
159 222
51 866
156 774
236 510
131 606
9 375
206 910
5 286
290 910
62 840
65 623
48 899
290 474
44 206
237 299
56 818
143 946
304 147
335 565
339 550
60 995
254 20
146 453
182 169
261 835
200 937
107 99
113 809
307 194
222 397
62 477
291 263
269 382
51 76
281 247
54 942
161 440
62 465
192 982
144 805
170 561
190 48
47 453
305 816
328 515
372 878
189 175
186 391
209 383
356 333
281 840
226 407
344 648
304 477
256 151
330 976
81 865
93 650
175 170
142 361
122 365
100 308
81 412
20 416
299 995
288 413
259 119
375 61
303 164
49 970
31 238
360 312
241 631
32 494
60 622
106 43
119 528
14 624
171 252
365 480
147 683
199 23
120 37
153 928
332 538
61 474
205 917
54 450
113 777
375 835
89 646
109 575
75 973
315 430
61 57
220 779
57 257
167 674
59 551
305 874
193 855
324 214
293 21
117 583
256 243
207 458
122 395
140 33
295 448
136 114
209 981
121 53
334 917
124 425
76 682
233 394
142 842
116 860
312 530
321 5
15 986
5 539
203 26
233 12
26 61
278 127
288 40
83 585
107 915
13 413
108 793
299 396
365 12
137 586
111 185
85 680
205 390
30 461
52 490
4 148
166 48
230 297
296 264
65 752
20 593
218 127
239 527
171 132
359 985
115 837
120 751
280 273
305 463
173 765
265 37
118 944
243 935
228 24
241 18
102 30
98 804
75 998
299 540
42 413
41 434
88 450
341 682
360 221
203 271
158 232
30 729
161 7
4 905
323 233
195 632
199 968
89 734
77 235
43 510
294 76
115 206
38 142
92 875
89 52
155 266
24 989
248 334
234 723
309 761
185 33
29 64
229 725
152 914
43 585
284 293
345 306
105 708
85 546
124 159
323 716
231 554
285 414
121 541
56 201
48 113
362 566
178 403
365 145
187 766
42 483
75 848
252 528
308 615
292 841
27 469
338 35
56 637
270 749
156 82
312 963
263 396
159 253
246 213
332 418
328 844
32 657
315 501
107 832
164 534
79 289
38 129
39 856
9 199
262 773
252 965
312 395
43 695
324 143
249 228
191 253
104 239
45 279
121 235
252 242
279 89
58 338
199 255
318 902
192 453
59 47
174 574
231 22
31 92
106 121
179 418
58 172
361 732
16 5
54 278
323 862
17 474
155 561
276 813
207 517
37 393
354 453
357 639
174 304
56 492
170 222
250 963
49 727
39 473
33 367
370 127
219 412
207 449
82 918
43 367
91 627
131 641
213 883
201 448
16 810
303 519
360 646
275 815
186 978
170 726
173 350
135 423
365 769
213 482
231 146
329 679
8 696
260 683
193 924
138 965
170 368
208 30
260 666
341 352
87 421
84 839
226 246
208 385
177 806
262 824
339 33
217 401
66 890
168 210
89 273
222 686
113 400
248 224
269 588
227 283
31 326
159 765
3 86
217 104
253 523
60 283
11 926
91 125
143 149
282 3
159 688
301 313
93 227
365 709
188 695
244 203
261 226
324 526
194 229
211 247
93 228
153 685
355 751
96 445
309 840
188 944
27 350
200 22
4 221
21 951
131 412
374 543
109 659
208 843
352 335
66 792
331 867
268 814
281 309
8 462
347 369
353 543
283 76
68 350
140 493
285 139
303 854
206 400
371 704
75 537
150 194
11 514
93 222
77 311
374 130
337 925
338 577
334 550
244 314
204 403
245 819
83 549
349 964
79 981
365 276
234 377
115 196
146 120
52 165
31 108
169 358
330 933
135 330
234 399
102 600
369 885
115 305
20 779
278 410
360 743
157 183
263 438
286 49
152 144
87 790
258 659
157 742
356 55
21 796
302 369
332 714
29 511
113 564
284 105
160 912
299 882
196 714
350 719
120 840
23 934
313 786
286 506
31 953
8 626
152 439
144 470
249 724
64 900
367 150
127 297
48 735
76 381
53 737
299 917
288 430
145 985
333 266
56 154
366 908
86 138
107 52
162 118
41 616
60 588
281 714
49 668
127 866
67 734
244 120
144 14
48 936
146 869
341 220
365 364
51 339
333 845
65 911
35 148
61 495
206 837
132 47
322 975
301 165
248 169
313 334
361 321
318 775
225 22
106 580
284 262
337 564
261 689
180 590
251 546
221 60
313 857
231 764
106 209
300 705
282 830
77 43
108 47
133 107
141 869
245 714
303 748
363 140
236 90
158 895
30 839
199 419
168 201
8 419
179 28
10 656
242 310
353 508
333 966
162 457
302 95
150 725
221 203
124 1
230 456
304 576
133 188
289 186
188 814
342 129
149 139
260 49
144 570
359 56
246 652
43 86
28 361
76 136
27 238
372 865
301 523
130 645
363 135
26 283
163 535
283 544
281 630
354 549
2 652
161 144
246 632
171 573
371 903
176 841
145 956
114 726
5 508
141 899
209 809
186 365
108 197
175 102
36 974
19 868
72 308
79 241
323 901
163 563
316 709
198 782
36 681
181 161
165 295
23 305
255 862
86 860
314 437
85 810
27 256
318 250
202 168
120 963
289 196
26 91
243 268
88 745
163 574
152 721
253 144
116 567
83 738
5 706
92 929
328 492
294 988
71 602
245 435
245 983
22 778
331 884
133 837
128 492
186 952
285 429
67 40
272 212
370 13
4 424
261 286
251 421
347 529
254 53
46 595
202 983
278 178
285 207
201 932
302 45
80 183
157 99
84 473
184 316
26 637
272 201
369 581
172 636
123 162
348 413
89 575
305 234
167 459
296 792
257 874
252 794
33 862
119 320
257 144
212 784
18 952
275 423
22 712
102 455
104 603
214 36
229 722
284 891
94 656
193 62
57 502
177 707
33 545
304 806
254 553
197 770
55 908
232 508
343 970
30 66
178 142
82 604
263 211
275 256
73 596
249 417
244 846
63 350
29 1
311 576
213 339
184 228
110 793
30 471
209 44
102 699
7 227
288 487
165 327
53 319
356 663
155 298
371 2
253 96
24 120
226 779
187 42
178 623
198 534
27 858
271 359
106 91
83 413
332 996
69 857
167 453
3 950
221 662
276 337
314 963
331 451
156 355
107 364
125 462
362 315
163 932
185 377
190 227
228 220
14 235
54 845
43 127
325 489
233 419
111 442
161 527
220 450
15 793
227 148
176 834
108 689
372 496
332 890
58 945
223 473
250 754
329 309
347 469
339 161
162 825
88 919
6 728
296 37
137 991
37 519
124 497
48 73
310 790
230 961
200 908
92 208
313 248
68 962
267 655
189 808
91 641
136 487
253 91
199 705
43 966
186 919
152 238
335 354
208 550
15 811
267 189
165 468
258 979
243 311
235 910
318 771
59 240
277 759
91 102
257 711
34 317
223 156
57 287
182 284
172 704
171 335
151 194
71 425
237 329
248 777
142 755
275 77
144 742
326 342
316 235
305 255
329 380
368 58
40 762
9 55
114 378
245 984
194 864
360 376
122 824
127 792
281 191
323 105
148 841
213 118
197 337
367 583
306 403
179 819
250 679
197 401
137 761
262 795
222 398
226 398
31 938
125 402
91 395
18 335
322 729
82 779
127 760
59 432
211 566
296 304
374 953
180 91
306 541
202 873
51 974
85 336
215 735
248 859
344 229
153 85
184 813
20 288
7 644
112 314
322 286
108 927
165 533
310 6
239 8
91 609
58 659
207 189
255 107
63 614
374 221
329 30
202 615
365 636
300 101
278 708
328 613
152 973
352 165
212 87
145 516
235 832
123 870
55 365
53 375
88 911
28 696
67 469
210 499
328 549
184 949
348 246
198 948
243 919
232 378
361 10
280 915
345 310
231 588
157 688
190 698
4 22
269 266
338 753
205 868
49 189
368 659
63 612
167 614
58 249
42 361
253 584
321 14
13 299
343 17
192 759
113 960
201 749
355 198
326 431
21 907
375 688
156 969
200 900
277 433
133 446
66 739
168 43
18 589
367 14
104 690
342 116
209 158
275 380
128 798
248 340
347 722
121 758
241 733
279 292
80 99
187 913
136 717
211 155
176 238
310 268
113 113
57 591
216 909
256 517
152 262
198 705
42 479
10 384
63 49
38 739
356 953
192 805
5 21
136 319
261 272
236 299
31 349
244 708
88 355
290 719
152 23
314 964
287 439
98 65
145 418
148 343
352 797
218 296
89 442
275 249
111 783
240 745
265 87
64 675
123 531
135 616
214 162
164 480
285 769
36 505
316 894
140 440
48 121
306 827
269 816
369 722
157 987
189 821
242 474
154 264
35 845
112 568
298 105
340 987
312 731
335 302
87 471
67 440
64 474
219 864
296 502
165 689
99 910
6 946
89 908
105 741
345 255
351 778
106 806
185 546
42 113
295 746
27 470
76 489
373 261
102 47
354 21
94 854
353 143
13 612
181 590
100 227
63 25
350 510
350 716
