1600
255 453
104 325
157 851
28 871
98 502
191 527
150 875
127 479
146 391
216 823
34 43
217 680
367 91
27 181
294 115
329 365
62 413
38 946
294 580
298 333
129 643
170 965
6 287
132 96
113 764
308 939
148 278
321 239
179 866
320 789
235 27
296 347
124 887
92 252
291 85
387 332
21 691
268 758
76 491
295 920
325 916
382 698
331 145
68 955
185 168
393 645
323 117
236 615
185 291
267 40
60 563
197 931
399 725
351 166
222 14
93 525
75 271
68 966
345 763
75 800
281 109
313 107
311 887
137 659
121 305
256 646
222 329
320 956
193 31
249 502
81 45
61 559
168 195
22 30
116 474
395 278
382 239
168 868
382 555
247 57
224 97
222 991
399 478
251 570
349 474
327 99
330 641
333 23
393 712
348 427
337 681
180 457
321 439
68 859
265 433
331 354
388 244
268 324
237 876
204 346
141 632
86 403
350 258
314 38
126 124
341 223
232 476
191 356
389 115
320 398
155 818
138 926
33 162
247 904
154 329
30 547
28 658
11 680
57 73
98 761
339 53
312 294
122 5
208 286
101 853
397 361
39 533
219 129
220 780
89 454
8 737
130 110
231 406
197 87
346 629
72 213
107 446
371 986
384 84
351 537
17 816
347 839
67 693
333 718
233 126
343 541
129 259
351 818
24 67
313 157
204 737
135 532
174 853
25 76
221 547
26 347
152 29
148 352
170 223
38 378
92 960
9 790
148 458
102 519
399 875
83 282
179 6
394 931
352 641
21 573
191 603
399 176
154 811
212 578
219 996
247 639
375 113
87 86
64 450
290 636
74 439
339 198
72 88
62 841
334 296
141 871
66 781
41 998
207 578
245 993
131 911
318 36
131 482
311 717
206 140
274 368
72 358
298 290
259 304
17 961
169 2
133 1
90 638
89 140
109 827
28 66
186 988
125 314
205 251
300 331
210 782
39 791
58 563
280 24
10 409
232 102
7 530
336 730
52 825
219 52
294 59
55 243
276 888
76 203
214 194
329 643
289 574
356 47
16 67
124 574
303 416
234 335
43 774
232 398
197 51
343 667
151 480
336 224
242 152
30 243
120 372
283 697
389 759
185 678
305 11
50 690
65 149
107 647
41 798
136 123
62 139
71 16
395 302
310 853
325 464
199 737
269 957
17 836
104 568
94 729
151 706
299 633
207 767
376 647
84 623
195 462
170 983
352 661
357 205
151 448
35 809
241 998
396 768
299 369
127 813
249 721
14 477
148 658
260 180
11 806
375 3
321 104
220 697
328 399
176 664
13 180
258 314
308 194
164 97
349 711
364 532
51 443
347 215
287 430
366 979
357 526
380 392
7 44
374 155
208 602
266 509
389 625
31 95
7 13
245 586
285 7
126 342
105 764
80 362
196 841
343 973
386 103
104 225
106 715
244 863
283 8
330 59
159 14
167 76
172 21
95 929
285 266
300 2
196 832
351 96
117 814
302 997
37 628
211 171
6 819
83 474
118 809
349 311
317 127
28 494
185 238
321 601
340 658
252 364
168 450
169 294
251 842
37 422
24 283
225 164
164 854
204 616
257 656
123 442
177 229
395 432
296 842
118 92
315 907
124 506
201 81
295 620
142 791
34 504
193 128
217 794
236 611
79 104
97 531
49 705
358 899
144 984
56 904
173 578
118 512
166 544
235 19
361 854
210 893
350 316
77 407
212 305
153 929
350 107
308 564
132 531
351 879
117 278
195 632
285 307
27 214
358 782
322 132
193 247
277 137
287 53
262 96
110 122
25 397
233 353
358 734
350 393
237 718
7 964
111 202
176 68
337 769
75 685
140 399
90 949
72 36
273 418
218 762
329 771
192 665
164 382
37 77
97 741
152 280
308 321
278 123
18 88
233 607
167 718
29 118
135 793
242 327
59 538
20 36
142 927
309 236
201 96
379 4
377 538
298 144
374 305
93 345
197 71
103 842
336 530
173 581
223 345
42 832
20 19
156 885
103 471
306 652
183 652
206 45
376 842
300 553
55 772
289 393
45 329
261 992
273 798
229 736
272 465
43 552
299 364
218 76
192 121
15 562
398 303
130 921
147 531
397 278
218 589
189 459
43 998
245 875
280 268
91 309
336 205
255 201
135 823
282 641
109 497
350 630
301 558
193 800
236 122
381 849
265 780
114 734
142 101
357 691
313 598
218 128
81 403
208 447
87 883
225 550
212 616
185 700
124 82
181 368
50 984
39 360
148 226
91 869
24 55
359 351
140 961
142 579
11 24
267 917
329 529
114 280
153 100
161 100
118 394
351 641
308 556
102 705
16 429
398 671
100 453
346 440
84 100
270 398
109 281
298 238
133 252
311 118
334 726
148 696
224 657
306 459
355 974
166 496
92 743
147 256
304 891
275 622
48 814
190 598
294 157
204 33
294 987
197 525
220 626
394 321
264 856
271 294
136 421
377 789
179 828
95 642
120 464
208 197
141 163
23 590
233 830
235 425
280 630
133 999
288 482
106 842
243 444
344 52
290 281
250 191
395 687
25 483
338 484
341 88
114 927
283 185
325 943
326 400
194 449
10 723
200 663
65 474
311 13
326 232
250 161
37 135
52 751
67 380
311 9
388 698
240 17
338 972
84 491
363 737
118 754
241 78
208 398
358 1000
390 903
396 658
228 441
321 597
151 431
190 258
379 199
184 960
176 254
16 200
128 906
64 633
53 649
220 62
177 628
81 51
180 739
116 104
281 795
351 340
145 284
116 169
184 737
275 734
149 425
176 504
246 619
303 290
109 468
80 445
38 593
126 411
174 991
88 68
117 324
381 375
333 841
91 248
133 858
192 268
316 539
209 968
341 456
275 127
165 940
149 272
62 787
147 275
95 167
349 190
364 237
336 801
60 985
187 293
237 605
347 137
383 946
222 504
214 101
163 820
298 77
241 242
67 813
21 481
396 955
261 384
371 660
231 303
309 444
198 30
28 519
1 2
245 518
52 368
141 455
273 427
129 374
390 438
218 48
314 116
286 126
345 2
10 704
386 69
322 656
324 476
260 319
22 82
236 287
229 622
16 35
152 35
29 120
147 258
218 798
55 300
305 897
213 386
99 445
123 985
184 538
317 281
31 388
345 391
239 851
238 618
197 840
346 270
312 209
315 684
379 928
301 830
28 794
196 503
310 254
35 260
131 62
154 441
191 599
73 335
181 342
11 798
85 331
305 190
337 501
266 958
153 184
150 769
337 961
202 961
284 654
256 912
99 409
76 433
307 102
309 323
204 594
354 528
134 795
105 796
147 805
366 867
365 515
271 810
316 585
308 780
387 930
288 347
300 91
354 129
296 716
361 762
181 508
20 996
258 227
234 54
121 22
209 174
14 406
163 38
212 6
12 293
175 790
241 334
162 286
353 686
371 514
374 113
339 37
327 349
252 383
214 367
247 519
218 948
366 677
72 656
193 385
37 710
150 678
61 759
146 924
299 454
162 818
158 165
298 139
364 654
100 528
301 681
112 201
45 42
211 758
227 433
303 266
133 931
298 270
233 358
400 44
39 407
268 271
304 189
133 868
75 124
329 728
369 699
195 804
191 518
42 80
380 873
70 809
74 293
215 548
19 43
376 535
377 807
280 411
150 970
213 136
330 703
177 459
77 889
264 966
198 567
247 140
93 990
332 198
185 484
57 820
198 464
275 258
132 447
220 443
376 881
53 935
251 871
387 877
160 935
87 315
249 160
124 649
198 315
41 976
252 286
102 752
338 208
111 30
181 265
282 169
161 569
44 61
110 362
292 58
337 351
138 993
239 692
213 1
233 692
178 710
395 192
59 313
118 764
267 508
103 918
324 902
32 83
85 739
108 541
371 217
96 818
112 132
342 432
242 100
206 268
53 884
123 566
268 444
202 33
23 549
275 927
256 161
302 542
6 486
240 228
337 635
93 564
95 514
381 186
12 859
235 988
286 76
332 70
212 944
146 423
68 17
340 70
294 595
33 444
331 761
190 871
93 423
123 51
371 771
3 313
192 290
117 225
285 39
96 62
51 61
164 201
68 316
100 418
176 475
184 859
399 597
385 53
237 564
361 486
317 885
320 367
164 687
82 18
133 952
115 168
123 726
10 635
171 71
349 336
119 443
85 367
205 365
385 808
161 786
248 814
307 258
255 946
262 624
131 517
352 913
339 845
59 484
132 767
243 207
54 719
173 263
264 450
238 437
354 707
395 817
105 502
275 299
387 482
2 82
379 309
366 518
376 752
362 421
203 92
228 163
146 348
61 708
182 173
124 496
159 657
123 272
66 91
290 411
113 843
196 410
145 667
194 297
352 866
47 16
160 289
299 597
224 159
307 672
54 372
143 819
394 795
32 512
241 468
283 266
342 939
152 138
27 638
322 381
231 889
363 254
310 213
239 560
137 855
236 198
295 455
345 186
113 530
122 879
108 24
119 398
171 619
91 884
102 291
19 789
51 539
213 991
122 159
21 263
234 89
246 748
381 565
240 577
50 1000
73 355
334 729
44 939
50 776
245 801
327 6
207 908
360 884
127 782
237 113
241 984
139 337
354 734
283 411
357 826
144 201
387 88
13 282
154 729
276 698
162 594
171 203
281 728
209 602
128 59
384 375
371 518
80 851
133 555
79 145
71 206
163 51
101 194
240 792
254 647
120 531
266 770
112 486
256 764
167 191
306 666
85 931
126 65
174 437
316 714
66 348
378 785
63 826
178 239
390 69
15 251
43 672
24 143
173 574
41 486
271 469
7 962
176 37
43 919
135 670
172 594
199 815
59 970
256 288
98 57
127 237
25 480
23 659
314 410
206 333
286 174
48 167
247 840
354 174
241 891
123 693
8 794
54 277
357 924
296 210
225 539
187 499
360 156
196 175
122 79
142 840
203 145
38 454
303 936
314 999
168 708
278 899
394 950
398 724
59 857
131 366
278 42
4 15
4 987
27 362
350 674
326 665
73 682
108 415
371 316
152 629
154 673
376 224
294 526
259 24
158 390
74 15
383 180
319 769
286 24
151 996
46 589
71 367
184 574
334 33
305 627
121 633
274 605
281 710
208 739
129 691
34 606
14 293
39 175
76 833
359 71
387 706
93 8
386 205
196 563
48 403
58 16
72 555
31 47
6 369
167 103
115 595
344 175
114 838
381 696
71 166
263 874
55 452
147 101
323 331
303 992
191 967
366 234
157 743
196 267
213 868
182 409
315 759
152 524
75 772
220 432
327 366
312 80
298 222
64 190
85 605
190 973
2 737
375 290
317 268
81 268
150 406
324 914
46 616
17 486
312 467
125 67
138 351
185 727
46 193
240 405
147 970
2 237
212 608
253 785
227 963
15 557
21 436
258 252
101 530
319 889
386 597
16 200
337 7
390 176
351 901
204 215
29 784
378 600
27 425
44 633
94 81
218 215
224 586
285 124
305 902
336 986
35 718
242 590
109 816
240 493
81 185
166 707
90 977
106 808
37 265
42 113
260 698
321 752
145 886
133 529
132 468
314 575
397 71
40 982
190 641
82 20
140 600
217 323
31 562
335 457
305 760
201 578
268 308
32 105
349 816
145 905
294 588
66 799
342 126
356 968
370 988
71 163
174 527
67 158
397 255
324 127
143 133
195 325
115 364
188 506
34 651
244 379
82 976
302 426
181 634
345 68
299 838
364 681
199 734
241 225
294 973
128 312
109 702
355 559
24 832
104 688
165 87
154 286
188 50
240 7
221 928
393 660
251 657
21 737
361 542
352 556
13 832
243 642
356 758
329 839
352 712
164 417
36 355
65 533
81 806
18 993
306 681
114 269
112 897
252 587
163 723
207 152
45 232
142 858
70 123
336 25
180 222
399 583
217 671
77 789
304 983
195 164
143 566
185 787
383 640
372 991
207 487
102 460
97 935
89 96
333 315
162 279
339 358
144 783
23 415
111 678
177 468
237 304
205 902
111 663
225 368
26 296
318 663
151 164
142 690
341 161
95 957
321 425
294 1
179 928
101 618
324 182
221 60
144 570
65 165
264 257
253 770
273 835
370 581
287 192
112 246
27 772
236 852
144 711
37 49
279 120
387 468
245 518
381 91
359 724
342 787
67 262
104 262
2 581
41 173
139 296
354 282
386 570
143 923
382 479
94 945
64 728
330 325
66 718
103 835
266 625
352 758
396 147
219 867
35 464
202 65
338 147
88 373
104 547
24 923
153 443
93 873
367 575
373 683
144 631
244 57
81 896
275 139
62 502
240 719
317 665
168 499
172 547
38 186
264 401
148 309
379 672
205 544
144 708
337 317
342 73
238 910
260 871
382 908
304 135
120 67
55 492
270 996
358 492
201 147
320 586
291 309
166 522
39 857
26 307
30 320
230 990
86 853
170 917
108 858
348 383
97 610
164 835
107 614
50 150
178 845
189 604
78 856
92 376
357 797
306 564
171 370
352 482
86 315
110 435
219 153
189 971
65 432
393 933
311 943
192 689
114 980
53 72
287 389
245 472
195 546
134 912
3 481
268 167
35 445
93 882
243 853
111 231
90 281
82 591
23 236
100 753
63 409
344 463
44 194
33 178
132 594
6 956
251 135
320 918
315 121
91 152
15 985
238 9
304 388
395 333
325 61
25 378
43 196
98 105
43 169
55 321
221 709
15 509
184 192
145 464
233 732
390 446
294 555
39 524
347 372
395 756
390 639
371 343
173 163
120 327
380 689
38 201
33 672
222 615
241 597
350 385
298 872
96 315
68 283
304 16
345 349
6 711
43 418
90 703
157 161
47 653
42 620
245 110
380 819
220 421
185 9
236 739
362 1
139 218
392 388
359 903
152 790
316 196
189 601
355 413
228 588
186 642
221 569
74 98
203 92
103 716
231 235
266 45
122 655
201 769
42 899
190 47
209 590
80 534
309 305
66 918
239 27
75 274
374 462
215 141
98 292
27 403
115 706
313 427
27 630
208 827
235 440
303 158
246 153
138 405
8 135
187 139
162 690
136 889
292 530
209 219
5 666
185 6
158 864
274 908
266 23
391 140
108 12
268 894
41 196
357 233
154 835
377 710
240 382
295 50
155 464
378 259
204 609
228 681
169 497
15 842
80 365
254 562
388 794
40 827
55 946
4 50
54 916
202 657
64 636
263 837
310 465
105 65
282 712
186 69
259 121
254 956
254 974
361 237
307 621
309 820
149 293
92 985
95 979
134 741
202 277
267 356
30 997
291 210
293 198
15 214
55 536
