1500
70 805
198 357
54 649
44 725
129 427
44 915
150 141
181 55
341 185
103 862
94 111
343 843
138 92
147 27
211 514
12 632
239 438
153 655
134 427
275 874
7 836
174 571
253 166
146 919
183 98
319 394
331 439
61 240
329 837
115 568
72 724
70 502
251 217
5 381
292 584
43 985
359 512
144 545
189 570
131 923
82 660
302 555
254 733
48 947
165 552
216 984
62 633
23 909
73 812
51 538
297 298
56 96
20 764
175 230
306 978
317 142
144 599
118 689
115 505
319 960
44 715
280 264
245 674
122 574
179 83
284 354
151 112
186 958
310 98
270 328
236 976
311 657
41 440
242 744
215 689
224 707
121 671
139 566
136 714
246 439
57 710
182 664
267 104
344 970
61 715
223 66
164 712
95 108
206 249
292 639
184 345
85 225
43 412
296 333
193 639
110 759
159 812
50 949
209 469
74 309
313 140
37 308
243 734
33 149
88 5
120 690
252 492
157 862
216 697
172 271
74 369
281 224
15 750
285 492
160 816
356 8
69 5
116 933
340 871
73 937
262 621
197 602
330 128
89 737
302 817
220 383
276 415
189 227
34 624
30 923
367 881
102 250
272 196
245 157
109 593
167 190
117 24
77 86
253 129
94 628
220 529
242 327
193 990
319 606
292 308
343 728
307 85
242 160
8 562
335 18
327 461
339 77
331 331
161 532
352 886
177 419
112 28
240 983
338 702
204 789
305 918
192 870
17 471
186 722
267 764
322 739
330 569
130 343
189 127
213 945
181 492
62 933
142 246
323 873
111 245
338 86
349 721
146 483
244 853
53 732
195 923
32 259
323 854
192 470
366 807
274 845
184 575
366 745
137 81
166 826
123 898
337 318
370 339
20 967
276 242
174 392
366 497
1 757
342 964
90 192
267 706
328 586
31 250
271 958
334 964
71 317
288 568
335 417
100 480
190 434
251 246
187 44
10 734
9 340
82 99
259 409
346 697
360 461
152 521
216 818
150 522
117 166
28 588
358 853
104 195
320 182
167 873
28 277
272 433
74 584
135 46
189 813
6 361
137 7
219 675
11 404
317 808
156 685
18 744
102 290
308 890
168 505
200 825
281 634
9 924
168 889
337 570
325 592
297 584
78 553
21 966
163 327
55 267
209 925
15 271
87 912
332 494
329 32
72 258
64 514
28 418
304 450
149 195
374 794
269 992
169 585
151 135
329 715
268 475
232 545
289 735
135 98
77 939
163 204
113 135
354 544
148 133
366 197
280 980
288 700
318 473
257 877
15 450
207 686
20 21
339 447
148 875
18 848
67 760
198 265
371 217
129 697
21 279
352 736
125 658
88 762
89 716
179 103
50 83
349 943
348 924
164 317
271 521
291 1
249 501
85 922
308 934
191 487
316 31
115 43
45 420
200 661
255 185
299 33
132 752
30 977
12 333
223 771
298 894
259 721
237 742
298 327
353 704
249 524
72 906
6 320
261 953
334 772
240 277
225 668
14 984
341 508
130 125
68 606
310 1000
285 994
340 190
96 900
102 511
369 231
42 620
129 277
72 774
291 85
343 838
54 695
200 817
330 262
232 663
86 867
61 113
59 92
363 604
13 693
281 546
272 354
40 492
58 687
74 415
363 463
36 69
158 146
254 710
270 461
269 859
265 516
3 97
64 561
274 524
259 12
70 174
146 395
46 349
312 647
33 19
329 957
210 134
200 843
284 501
233 814
213 622
315 474
326 277
266 585
97 699
81 861
156 37
69 602
226 750
136 122
246 324
273 524
245 819
325 954
161 366
27 833
326 993
126 510
257 257
365 168
313 269
121 578
184 78
365 755
151 895
153 366
20 350
96 859
89 238
172 645
77 805
81 220
205 962
181 813
99 999
337 423
101 211
227 351
111 309
155 916
189 912
296 391
40 396
189 20
126 982
337 905
73 415
315 1000
125 906
54 365
323 419
85 73
324 489
253 511
286 458
210 833
173 693
22 59
180 36
358 961
371 457
281 417
370 483
99 184
324 889
36 329
19 670
143 335
276 18
291 558
332 342
166 126
187 726
302 294
70 1
89 740
302 312
219 960
166 10
3 251
144 795
267 586
129 610
272 876
15 213
254 578
118 458
27 143
124 866
343 323
35 667
96 578
35 198
205 194
364 989
249 616
67 227
298 999
45 465
299 308
110 198
276 62
241 194
289 659
340 476
327 907
319 988
95 871
256 755
21 704
330 751
63 877
202 168
15 579
30 340
179 775
269 216
150 612
237 990
245 664
213 989
322 81
94 493
65 468
175 22
32 6
24 625
44 28
274 532
46 283
321 501
86 886
31 57
352 259
292 896
369 680
306 700
34 662
230 746
347 338
196 866
314 165
64 845
213 705
36 211
178 925
85 783
192 849
40 935
358 742
70 556
335 371
34 723
187 159
75 495
194 44
200 973
107 315
154 911
329 832
170 920
119 906
321 137
372 342
219 676
131 498
353 123
293 364
231 411
341 883
80 830
56 94
55 982
223 104
154 426
221 941
322 267
67 25
338 419
375 72
6 29
28 854
42 221
10 419
140 356
16 248
159 540
206 904
343 212
71 183
158 693
278 939
327 698
373 956
267 593
117 199
196 387
100 150
366 572
77 947
78 283
175 359
8 488
62 699
116 840
100 4
281 281
114 705
108 549
266 724
237 621
48 83
346 626
366 937
221 115
127 451
119 177
244 440
131 594
261 677
139 920
10 545
7 197
41 944
51 27
34 22
202 840
372 669
339 431
74 574
1 381
21 843
77 439
145 931
77 849
97 45
168 418
320 849
367 423
375 490
183 171
246 673
108 444
6 201
168 22
220 114
311 657
167 654
212 690
271 320
208 895
248 686
26 435
339 224
106 174
176 30
117 487
321 504
316 773
72 351
65 790
156 907
48 703
98 568
286 561
181 994
35 580
95 221
200 940
372 476
240 971
333 609
122 96
287 708
178 735
44 397
177 162
76 70
93 829
74 43
247 441
20 49
183 254
229 93
209 354
103 847
319 586
273 318
155 649
85 777
185 148
339 661
148 783
279 773
259 831
289 749
96 361
281 884
332 928
139 785
136 246
151 187
188 783
145 648
195 795
199 705
5 63
372 855
23 858
151 761
344 789
319 693
173 520
296 169
231 851
294 899
220 549
66 32
122 452
348 734
214 259
22 658
11 567
192 494
250 432
174 981
59 676
277 97
18 677
58 777
293 92
241 786
340 561
369 324
132 845
72 19
107 871
68 48
63 87
148 104
229 908
125 175
18 661
289 945
348 211
250 955
56 911
207 891
31 967
102 380
125 321
340 942
233 723
130 267
52 763
15 436
66 685
177 480
29 227
242 410
69 916
356 940
122 131
5 958
333 620
102 510
115 523
109 136
2 82
53 483
3 173
130 196
128 985
118 338
290 286
114 616
299 163
6 868
122 403
246 558
93 200
204 787
266 241
108 387
47 583
261 46
345 664
291 294
328 640
53 708
259 29
255 206
261 6
30 480
127 398
263 342
106 269
1 323
313 219
51 428
154 38
31 721
201 457
122 625
30 35
327 586
184 479
101 285
232 1
205 194
329 112
223 914
17 37
213 261
266 380
105 569
160 561
311 642
235 608
65 654
112 11
11 687
253 125
224 869
112 278
352 350
210 452
293 531
168 788
355 268
226 911
283 761
282 450
31 335
241 484
79 724
273 699
23 503
89 479
315 470
120 265
292 105
86 472
240 686
368 956
304 22
292 946
123 981
81 670
155 130
149 21
231 898
304 55
69 909
282 601
296 109
82 975
90 476
262 520
256 986
163 588
241 262
47 525
245 214
71 203
312 61
216 759
327 446
358 550
297 33
368 309
119 885
36 856
96 66
324 61
86 602
37 120
111 956
17 305
276 570
346 610
267 726
228 259
255 74
180 129
128 500
282 986
91 896
356 161
314 815
17 34
67 646
364 105
110 347
253 350
21 81
37 474
56 464
201 714
277 362
153 20
216 564
1 695
99 301
147 762
128 527
248 285
160 928
111 544
3 753
212 521
211 596
322 827
329 885
109 111
47 262
355 451
176 420
55 586
324 464
22 699
320 936
56 829
111 869
87 891
289 52
189 108
201 562
49 424
120 975
244 768
165 629
159 148
37 560
9 412
142 831
99 174
181 786
290 408
23 315
150 585
100 613
175 77
124 382
47 330
203 41
374 141
308 883
5 41
52 833
224 548
198 371
255 498
214 979
362 775
254 170
334 348
323 430
298 197
29 655
209 947
310 464
43 728
252 442
373 804
191 641
40 510
325 569
3 889
218 389
337 274
17 852
355 331
291 29
82 188
167 70
295 962
373 732
317 214
371 443
38 637
271 476
160 798
300 909
248 394
297 312
24 634
56 819
155 262
146 851
150 786
72 612
338 656
217 930
371 457
337 598
131 798
102 234
86 732
326 197
353 290
222 749
118 655
61 534
178 247
223 358
187 890
178 161
87 985
21 432
308 376
372 106
34 303
247 535
267 868
186 759
209 793
68 835
15 710
2 458
2 834
6 369
363 671
322 715
260 17
150 160
81 688
329 467
105 717
156 809
217 682
211 650
160 629
212 885
347 670
59 258
223 518
75 633
198 705
53 242
199 340
235 442
301 717
348 369
355 202
319 807
26 564
218 104
151 347
153 305
204 411
273 53
295 924
106 293
17 560
335 80
346 934
279 945
82 92
278 599
76 390
148 918
91 907
308 929
217 668
147 950
263 849
119 22
248 788
315 490
202 188
102 750
152 650
252 459
187 948
211 393
366 624
110 750
70 265
99 304
205 78
207 480
352 896
253 91
74 758
58 241
59 807
40 983
21 991
203 178
281 458
318 458
300 973
12 813
146 427
13 176
100 150
150 918
203 424
1 34
28 951
218 735
248 960
239 196
74 68
301 603
306 245
319 529
243 63
356 395
291 768
75 514
301 732
107 684
372 344
128 283
143 512
47 865
343 881
76 956
138 870
10 364
228 625
302 637
33 754
184 935
279 652
29 439
147 83
23 104
348 381
204 326
215 797
251 504
272 414
346 262
250 741
324 132
164 608
222 272
160 342
69 368
354 728
308 138
337 7
155 156
215 286
227 619
375 476
317 34
5 990
258 931
39 436
121 412
134 811
17 287
185 278
140 289
194 8
271 947
263 794
124 815
296 774
314 546
83 952
209 597
322 527
237 972
154 771
25 946
242 245
63 709
296 754
205 502
261 485
243 440
145 589
263 798
120 164
61 16
79 407
22 671
31 584
163 967
168 189
95 854
313 70
368 491
359 657
327 46
347 615
99 581
344 93
321 443
177 81
98 52
72 962
132 23
280 472
203 776
270 625
212 685
90 196
371 766
150 333
188 178
160 544
110 963
215 269
91 672
61 102
222 847
19 532
161 329
144 624
248 905
225 481
80 732
28 104
364 171
277 743
20 994
163 795
356 857
354 796
6 899
242 130
10 751
339 438
216 750
107 129
270 800
344 708
330 629
293 849
313 524
46 103
176 862
127 250
263 880
341 745
317 695
140 11
21 945
358 322
249 697
17 47
276 390
271 890
36 293
169 745
290 835
75 975
218 187
332 381
249 832
357 496
353 442
142 979
31 652
162 144
158 279
25 51
199 172
48 207
13 164
192 178
133 267
176 601
249 62
128 330
5 430
56 597
77 866
310 866
199 556
313 58
263 849
255 313
78 71
58 279
73 154
71 700
325 436
334 399
120 615
241 716
88 326
75 468
73 436
231 725
44 749
296 240
9 638
336 813
130 399
57 255
125 789
269 788
366 799
11 985
229 992
186 674
370 167
201 172
99 287
256 979
295 583
169 597
248 340
301 608
154 959
314 65
321 89
9 228
323 542
149 146
165 26
299 741
132 739
22 808
344 926
189 739
315 775
233 718
195 716
236 213
20 286
242 656
68 545
178 486
16 720
150 853
103 820
62 820
103 793
159 136
35 190
36 375
149 296
145 177
357 116
182 262
276 731
267 940
121 393
40 650
143 256
344 249
193 390
253 918
350 76
228 424
196 351
51 673
160 937
270 452
279 917
137 695
325 944
56 590
148 385
204 973
83 199
222 760
190 149
338 504
129 520
187 682
281 525
340 220
351 79
68 340
216 375
319 434
320 308
10 476
205 552
304 575
166 680
39 783
36 316
186 267
222 623
348 539
114 249
94 289
50 788
339 321
39 450
48 281
12 836
46 317
266 463
273 11
289 392
179 645
232 160
87 753
266 628
216 537
294 467
328 850
184 121
55 709
124 1
223 240
213 875
314 317
48 738
169 592
191 845
249 974
214 222
261 984
151 155
82 251
243 764
374 131
224 859
366 172
172 933
159 22
356 100
199 431
66 858
264 879
227 495
347 797
220 1
370 73
347 25
31 777
273 925
14 870
330 143
77 376
258 758
233 548
177 338
346 11
314 84
207 526
64 480
300 153
1 235
214 54
56 90
214 333
321 395
235 236
184 655
259 669
189 719
85 654
316 227
154 634
337 321
237 320
127 741
89 537
204 568
359 485
313 192
47 776
214 902
316 550
207 848
62 192
333 776
299 991
339 114
224 534
47 748
320 13
12 28
90 257
344 34
197 755
134 194
264 837
43 293
211 821
39 696
212 944
15 533
185 34
194 236
243 731
301 218
309 203
6 271
336 386
173 758
3 68
212 158
154 618
27 190
322 92
162 684
103 518
248 195
198 914
12 480
56 764
115 48
51 363
186 934
109 362
135 772
282 651
231 982
186 114
160 349
182 80
301 794
346 909
215 514
256 409
22 198
