1200
282 630
256 185
70 483
156 906
62 75
38 588
8 125
161 102
127 219
195 694
135 549
180 939
165 966
281 9
170 112
108 673
71 414
132 443
239 906
140 219
243 295
281 692
183 616
180 554
294 769
253 557
38 844
129 240
231 329
259 472
291 428
230 383
264 45
120 826
148 182
152 679
69 805
87 846
287 1000
264 384
225 694
126 29
176 691
238 978
26 384
273 136
16 51
161 775
47 24
17 371
123 636
203 542
218 649
153 622
286 72
296 236
210 108
136 356
279 367
2 225
31 442
201 635
279 155
147 610
165 208
34 860
63 275
89 685
6 384
297 307
173 659
157 769
147 386
276 315
187 995
280 58
154 329
90 590
287 475
135 861
120 871
120 870
180 80
130 864
20 667
229 760
157 883
189 926
124 47
186 716
71 796
125 144
131 835
227 579
190 551
127 819
139 181
150 715
40 105
143 914
206 323
153 767
82 731
40 303
23 58
160 443
39 987
114 816
81 589
84 849
106 756
109 226
274 411
276 736
146 867
178 238
120 724
46 490
213 238
109 874
192 939
77 786
160 975
161 892
273 587
300 856
76 311
170 476
213 835
165 336
293 843
257 400
91 675
45 321
33 404
63 815
254 75
262 791
26 93
76 282
255 434
212 901
18 741
230 47
124 768
59 156
155 564
33 233
85 766
171 303
92 718
109 599
80 697
225 979
6 178
2 282
69 589
34 821
62 901
8 524
154 688
193 252
111 717
132 654
21 788
196 911
3 198
164 311
103 54
292 976
173 205
7 62
277 110
219 152
205 252
54 270
225 112
259 391
20 869
239 183
182 510
69 451
218 24
139 383
291 779
157 518
174 471
248 925
94 15
129 439
254 883
161 514
200 366
66 715
103 437
56 531
290 697
183 638
194 330
169 312
236 198
231 106
83 644
160 980
54 877
237 743
39 171
201 448
46 687
18 237
247 64
8 842
152 165
23 611
94 13
142 351
66 310
234 230
293 167
9 633
109 108
135 683
87 415
189 424
124 684
86 96
277 544
249 921
51 930
237 727
104 445
265 982
255 290
133 897
30 507
223 502
199 89
286 427
266 842
157 616
147 338
100 324
133 298
267 221
157 282
51 746
192 36
144 210
245 508
255 773
75 652
18 1000
293 434
85 83
33 232
226 376
294 602
93 9
152 135
107 951
124 439
89 650
105 451
193 887
142 954
124 713
39 436
197 66
51 859
203 312
107 621
82 368
17 492
291 748
161 257
243 761
125 444
285 732
268 482
190 951
87 326
264 435
232 948
117 800
248 49
48 727
133 706
59 838
90 173
186 124
27 344
70 484
15 485
107 292
180 312
62 784
70 406
112 749
28 788
59 740
287 663
105 209
159 566
236 730
28 200
297 128
109 321
280 642
55 688
25 315
115 865
64 88
18 617
299 593
33 210
56 979
162 757
11 245
2 916
248 73
259 466
294 858
146 396
65 954
13 724
192 574
88 563
205 47
154 14
121 776
242 490
49 696
261 900
240 274
233 718
119 258
181 670
112 933
137 892
9 161
237 141
122 343
266 714
40 192
247 436
75 250
262 89
220 97
164 117
86 830
76 445
165 161
12 192
185 588
184 468
270 168
73 297
296 7
267 773
1 459
10 732
121 65
112 469
268 955
3 119
209 812
207 69
184 840
209 770
140 976
175 958
29 106
149 647
102 782
135 892
235 705
57 248
98 977
202 729
157 823
27 247
138 115
93 393
283 767
296 479
149 536
272 423
133 101
27 360
77 268
98 150
12 412
130 718
13 252
287 217
5 113
74 777
109 448
127 487
255 11
241 259
31 235
267 322
294 760
165 756
54 773
215 440
233 462
249 425
177 296
173 208
26 268
141 970
100 409
185 186
272 471
228 181
182 622
33 553
172 493
198 827
128 566
44 998
247 238
143 596
46 969
287 7
297 856
56 663
105 298
97 796
210 433
33 506
138 61
102 788
197 619
133 25
50 15
35 305
9 38
36 254
262 910
24 982
82 895
141 882
185 639
212 415
200 975
109 469
98 177
294 509
65 514
253 257
35 478
3 105
4 267
67 843
145 795
246 20
2 191
280 727
191 855
143 452
154 122
107 814
64 252
222 775
183 1
15 442
234 260
241 466
30 761
12 221
32 32
98 464
299 879
103 678
106 894
178 528
176 599
213 841
6 849
298 106
225 898
202 258
275 798
110 565
261 55
201 773
293 545
13 169
266 913
120 494
294 699
215 82
44 492
148 74
76 822
174 403
273 986
191 920
56 27
268 242
98 571
96 532
273 846
181 868
232 746
229 363
112 795
196 348
258 484
191 738
75 961
60 793
263 898
184 179
146 520
60 421
53 487
229 259
223 353
150 76
222 83
8 921
175 541
139 323
31 937
71 853
142 244
247 751
231 248
171 961
72 40
255 984
259 621
2 642
292 552
230 534
218 401
279 636
17 152
161 101
135 672
248 490
238 994
15 56
215 832
4 707
272 245
116 803
94 580
281 869
172 343
285 397
103 454
81 602
249 226
258 894
135 302
129 205
106 757
187 92
248 390
126 382
41 598
278 732
183 581
114 804
37 806
212 868
65 759
245 868
54 878
12 449
90 900
52 408
76 187
4 921
78 583
226 443
174 340
91 213
168 492
100 555
82 562
190 890
202 610
47 355
115 766
184 125
266 154
239 63
15 819
290 396
196 844
149 883
3 626
228 126
139 376
297 340
290 70
225 595
107 601
115 268
53 459
270 575
277 432
40 27
43 664
297 339
235 580
83 545
43 684
85 379
147 509
76 761
193 989
83 361
67 101
196 634
50 890
130 357
281 112
173 227
202 999
131 427
160 571
60 193
73 800
30 920
117 612
277 59
93 907
101 825
224 580
252 848
284 556
251 311
119 713
216 540
195 287
55 426
6 107
146 826
257 37
17 874
259 695
283 764
247 266
261 37
96 892
15 418
98 321
145 473
225 357
179 290
15 548
177 966
265 714
204 314
277 823
142 82
281 752
41 291
104 92
198 505
76 719
264 368
56 401
296 298
148 557
34 599
153 666
212 116
244 689
180 328
144 27
39 881
19 399
175 9
50 918
268 269
136 872
229 769
30 75
44 415
257 366
185 838
231 331
2 772
77 113
215 687
261 633
76 111
92 953
3 165
277 729
164 180
300 412
150 242
208 297
27 777
92 653
218 415
126 755
165 103
110 155
1 143
145 362
50 416
209 509
102 663
132 588
73 971
8 867
58 176
152 844
191 541
7 848
213 430
249 44
261 76
282 620
248 422
76 138
209 674
175 206
8 934
181 862
209 150
67 269
97 527
153 47
165 727
263 335
248 257
272 312
275 453
274 493
123 893
134 253
72 682
116 517
86 773
85 784
66 597
188 160
47 71
142 581
279 535
140 64
134 212
8 417
160 475
90 783
131 616
185 525
77 370
67 520
234 182
116 574
165 142
162 277
84 918
195 89
139 944
141 729
300 106
242 840
265 887
178 693
38 371
277 800
204 273
217 974
221 29
145 989
191 514
254 717
264 955
289 939
10 309
45 874
145 51
33 933
137 754
223 136
211 119
153 949
180 408
41 439
46 364
198 248
181 605
56 891
136 864
269 16
86 581
154 338
245 270
55 784
209 717
64 237
169 881
79 739
141 750
114 499
114 706
92 253
66 50
31 562
44 673
9 994
62 707
286 238
250 547
210 251
173 578
97 231
88 454
165 429
254 453
12 977
297 791
27 306
198 429
87 639
281 454
106 124
215 396
63 885
271 225
242 462
211 952
224 716
285 646
189 767
62 498
248 771
127 246
84 971
8 334
68 446
228 126
47 864
147 430
233 354
141 144
154 373
284 731
24 408
17 717
181 274
181 907
133 141
147 771
213 210
292 794
1 738
89 613
291 936
78 79
300 176
227 657
14 882
61 679
104 90
254 250
126 345
278 198
14 821
76 230
221 363
195 690
43 877
14 463
212 236
151 715
158 114
191 920
146 107
51 140
274 111
104 799
39 510
123 266
280 837
231 753
6 410
125 131
86 907
51 14
229 334
192 723
103 572
142 646
121 538
161 477
145 121
166 83
64 277
80 579
81 648
124 135
143 227
177 123
104 735
185 645
284 807
166 858
74 257
95 727
130 858
192 341
13 385
268 340
57 525
249 982
47 384
87 463
31 908
44 762
232 884
261 854
225 452
127 480
17 788
49 410
234 411
109 623
103 695
242 620
260 271
260 689
139 870
30 820
171 758
220 301
190 881
77 222
174 870
38 798
189 883
11 155
71 804
275 425
110 97
231 828
33 414
149 319
126 780
23 522
198 577
135 982
87 884
174 85
107 700
188 241
148 267
113 429
129 275
85 246
209 309
143 566
36 724
192 131
203 135
152 664
239 348
211 925
260 745
236 827
8 726
168 833
90 916
55 123
16 361
45 356
283 839
244 18
47 423
293 859
21 172
144 307
50 694
235 51
95 798
266 598
23 495
154 467
8 304
142 821
80 33
40 548
130 690
152 970
258 919
86 728
121 177
250 186
106 743
163 711
284 933
11 959
156 907
197 477
74 947
18 821
57 970
181 583
277 924
72 81
220 695
103 299
283 479
299 705
99 330
173 841
204 479
49 870
151 942
212 95
125 527
103 742
191 121
4 249
55 495
230 966
90 815
185 153
93 188
236 206
43 654
44 561
227 7
138 98
288 236
69 706
199 286
67 652
254 154
220 171
250 711
201 494
23 790
221 746
291 48
116 400
155 626
49 353
273 749
207 391
230 880
292 127
89 81
179 412
199 846
33 758
106 834
247 772
202 204
237 437
180 804
133 774
249 660
212 476
239 284
253 447
158 874
268 857
237 217
193 396
142 888
49 388
75 284
293 840
273 767
257 514
208 265
255 945
47 320
67 317
142 663
217 704
218 551
21 33
208 96
277 893
27 776
156 504
128 44
233 236
71 464
29 902
205 470
275 680
189 395
235 379
13 297
40 301
32 638
34 86
159 834
163 692
58 517
287 999
142 430
299 460
254 604
23 271
123 698
75 670
272 810
206 12
3 538
78 244
43 327
44 715
7 988
44 257
97 669
113 996
47 298
157 28
147 659
39 247
36 3
226 245
261 360
27 750
264 592
32 879
256 838
232 858
88 865
128 614
299 879
36 302
192 623
38 591
128 650
34 470
290 104
217 149
137 738
131 416
126 737
229 557
278 424
208 281
255 368
114 13
224 448
55 137
242 470
98 448
55 863
197 413
283 556
293 386
127 576
280 718
190 847
87 344
103 794
231 253
258 7
96 118
299 871
193 514
269 784
128 820
114 97
160 452
92 417
160 401
280 697
49 608
154 750
68 425
179 471
295 3
218 135
157 133
8 916
67 207
13 918
121 123
121 567
289 595
105 775
176 261
131 395
132 799
139 139
248 763
146 688
47 620
184 618
