1900
265 907
286 597
301 437
182 495
124 928
440 610
297 744
390 813
374 540
90 174
305 31
191 486
373 265
388 737
293 950
354 451
387 463
225 577
27 846
461 835
355 162
43 464
162 742
312 679
72 941
161 95
77 193
280 417
353 601
222 803
274 881
203 85
446 703
6 504
332 657
270 503
70 797
388 295
10 161
253 702
145 515
18 808
277 387
176 192
128 927
209 818
150 940
97 787
101 964
249 739
370 189
109 684
351 140
263 139
72 239
387 459
344 399
307 732
86 802
399 678
175 714
108 708
79 800
423 648
450 623
443 781
439 736
93 303
269 235
412 597
20 920
149 637
310 862
206 952
143 529
253 512
211 984
41 725
250 394
218 498
260 696
77 634
45 895
153 791
36 836
469 6
46 782
2 25
445 737
201 526
231 305
373 480
384 830
116 428
241 83
443 665
264 589
181 814
64 283
470 742
422 302
415 41
330 926
433 378
15 125
106 594
319 498
176 57
24 635
146 416
453 238
430 715
195 777
131 606
372 532
291 263
21 396
401 992
12 388
174 382
406 469
153 44
443 898
155 261
200 621
390 72
400 167
294 810
167 820
202 163
254 977
340 305
147 325
407 728
52 389
354 985
125 801
96 600
178 981
455 60
103 281
26 388
374 151
170 391
326 227
468 969
161 651
447 452
14 830
378 772
324 569
438 230
394 63
387 109
317 243
208 735
99 490
316 47
331 458
202 546
355 228
376 175
310 431
294 664
86 451
244 947
194 651
12 702
128 665
295 673
160 116
389 351
337 251
89 254
146 229
72 561
339 719
182 536
271 279
217 988
268 781
27 215
270 196
204 683
356 556
337 259
213 793
283 59
209 146
170 465
65 882
326 477
54 641
218 734
81 162
447 877
441 371
319 610
342 231
180 646
128 31
396 604
280 703
191 437
13 916
251 535
458 460
159 196
220 975
253 890
362 846
166 924
59 76
19 617
475 964
407 382
270 234
121 540
470 134
15 598
17 397
222 655
129 444
76 345
2 912
148 802
105 71
150 967
434 422
343 184
385 511
54 550
51 770
321 948
301 609
321 401
337 912
270 468
361 500
10 392
332 131
203 651
347 243
336 385
160 111
426 906
391 348
276 710
403 548
271 51
410 596
110 290
299 748
17 814
399 464
340 329
293 490
4 785
49 62
124 531
107 986
232 975
259 424
312 129
191 492
204 468
425 428
202 219
458 948
168 562
415 495
365 216
276 819
28 438
355 90
200 739
96 60
103 911
432 59
302 201
468 201
34 950
179 240
430 666
454 255
6 860
443 839
224 685
192 132
147 539
48 972
311 84
463 858
205 626
265 441
299 536
390 984
381 907
174 273
271 226
197 163
358 96
34 947
208 894
137 507
396 383
73 336
120 589
82 603
278 272
256 360
168 534
218 298
383 373
60 439
197 657
428 400
450 718
262 18
138 211
425 870
284 140
119 393
253 660
408 680
360 488
42 815
347 712
13 727
466 218
146 961
389 473
457 758
298 6
455 700
361 338
202 878
312 917
36 900
322 806
262 616
244 806
15 368
167 599
118 713
33 690
213 326
391 367
446 821
243 686
50 644
196 38
30 640
63 607
76 265
374 578
418 312
319 859
262 887
133 474
164 512
394 310
196 991
320 54
276 271
22 349
234 385
130 961
134 585
466 951
224 681
406 618
461 95
337 24
226 255
319 595
170 509
77 681
205 887
130 618
152 667
202 433
438 686
338 666
475 849
244 541
221 39
306 672
148 23
427 833
414 881
170 478
386 696
58 643
90 470
162 829
373 900
252 734
136 293
250 578
416 214
293 486
409 278
114 32
82 787
353 430
115 796
354 180
130 321
293 205
22 276
159 674
13 146
426 884
37 305
231 646
174 550
416 448
222 733
210 758
458 413
303 85
258 910
152 544
281 987
273 900
144 612
429 829
201 785
122 687
83 685
455 238
203 620
284 727
470 725
453 207
378 259
29 845
367 558
254 30
248 713
21 21
281 268
421 243
146 497
227 9
220 375
117 436
242 954
58 584
167 621
200 56
103 914
365 471
22 748
27 194
10 233
298 762
399 275
355 690
24 8
123 41
84 314
282 698
124 236
433 584
183 921
332 93
17 532
95 250
259 41
153 958
288 764
50 778
146 271
108 28
21 687
215 887
347 891
310 836
183 551
397 327
397 536
31 315
167 209
10 76
245 665
363 770
298 995
420 118
83 612
408 904
368 107
77 140
235 829
209 477
169 432
353 495
196 99
253 942
421 388
181 821
128 682
179 811
36 598
362 217
352 479
333 474
13 995
57 933
354 798
375 5
138 870
306 267
221 38
247 805
198 432
86 199
139 748
31 973
277 8
299 222
384 559
175 301
124 983
88 20
155 175
160 524
218 949
474 278
102 721
219 315
448 593
120 847
215 294
123 301
53 582
234 866
217 729
137 616
240 901
258 988
67 473
157 137
281 607
145 368
313 633
40 400
410 727
384 694
392 609
164 949
204 248
294 907
64 568
50 954
455 329
29 673
362 73
315 726
454 64
58 536
432 679
52 37
405 38
262 344
172 149
156 9
204 900
67 910
99 33
83 54
317 789
407 52
460 769
297 194
241 477
71 463
431 212
175 393
172 372
399 300
282 121
25 605
407 451
162 561
121 819
180 969
188 362
139 85
190 966
301 661
411 841
74 71
467 953
77 995
354 614
262 955
470 976
346 721
71 346
269 934
418 760
41 785
127 941
346 61
93 884
344 29
38 621
225 353
281 248
380 358
175 688
37 303
355 875
14 880
246 612
447 522
425 322
1 236
311 603
321 868
62 48
269 648
75 206
195 286
106 268
465 744
456 380
198 444
218 105
399 657
364 711
142 934
185 389
398 479
229 999
148 830
72 878
90 56
390 707
51 468
473 531
447 465
232 177
18 239
122 244
159 111
215 998
179 958
306 228
85 862
414 199
58 117
378 922
144 326
186 911
9 943
453 64
425 180
18 547
68 707
356 608
233 431
376 841
193 449
429 228
88 733
42 925
392 983
311 260
138 195
367 823
462 532
419 714
384 206
135 779
167 834
100 546
445 365
372 49
130 475
188 803
213 227
322 985
232 718
248 222
202 142
55 347
81 921
77 754
195 821
69 848
452 3
244 562
130 902
382 763
43 585
228 408
78 215
45 978
413 903
181 636
309 351
169 600
6 111
462 364
141 549
409 924
43 204
143 227
75 180
313 768
170 549
383 393
378 772
455 72
196 615
162 456
466 182
8 324
192 780
92 645
199 700
186 986
77 777
203 975
427 530
102 380
87 361
210 809
352 348
135 993
197 148
433 114
372 746
212 76
81 670
353 8
75 372
16 719
178 317
354 826
73 653
108 685
380 225
23 945
295 355
380 679
330 804
244 919
370 564
436 989
461 35
264 929
421 65
266 476
168 909
394 424
472 866
466 925
129 943
49 633
56 898
132 20
386 560
50 804
469 674
83 36
412 577
45 602
335 832
470 68
345 153
398 135
312 507
354 881
162 92
446 576
246 446
257 571
374 609
6 386
265 522
13 963
340 135
250 651
149 797
297 451
211 150
206 288
305 927
307 889
127 554
210 519
133 168
177 101
64 413
69 562
360 274
21 847
355 383
236 510
327 769
231 191
177 50
239 299
310 88
238 415
386 259
268 719
440 146
237 615
227 391
393 441
197 179
459 513
282 882
237 711
137 647
420 65
409 173
75 76
55 590
67 156
18 221
387 745
331 8
294 126
345 168
68 78
112 322
65 919
241 282
218 849
150 43
352 925
336 151
125 485
132 340
325 1000
38 668
138 692
443 113
77 99
395 54
436 881
334 435
366 160
25 821
86 667
50 191
124 660
217 783
292 726
17 972
281 37
180 353
391 849
382 207
175 756
159 209
416 447
74 194
315 962
371 405
190 872
209 150
50 159
101 165
409 176
209 559
96 314
251 325
61 473
89 484
348 5
228 408
297 202
377 877
197 838
433 170
422 203
109 291
204 686
64 941
84 903
5 183
342 989
225 873
144 306
365 539
28 960
454 984
315 501
378 179
72 828
100 702
113 856
141 77
200 461
42 348
372 314
128 304
277 202
110 182
454 565
50 697
77 136
202 90
86 668
378 249
179 746
293 10
367 331
468 751
54 389
185 213
56 189
133 96
237 297
470 180
43 452
7 232
202 452
198 370
464 306
179 85
162 215
286 100
312 81
215 804
360 106
173 371
345 604
47 910
77 979
260 969
321 560
243 366
261 950
192 197
396 919
88 837
286 285
18 84
153 652
84 645
286 984
344 413
277 599
78 268
310 807
388 506
191 918
7 625
180 764
298 942
221 800
214 830
72 327
375 586
117 224
165 874
228 903
151 88
285 639
87 373
212 760
454 663
420 853
240 991
210 281
123 362
309 498
241 809
403 223
219 853
28 57
265 968
17 461
239 882
328 225
444 149
217 45
460 590
301 505
75 746
57 566
378 372
1 765
235 952
81 18
431 25
187 392
220 679
56 587
33 520
275 940
202 766
126 385
269 942
351 259
344 868
81 239
247 922
345 93
190 422
118 357
368 533
175 267
41 153
198 707
37 740
366 166
138 895
127 502
112 480
80 111
56 990
52 991
7 686
187 749
394 136
39 317
269 875
284 369
453 97
302 256
166 689
452 163
147 898
347 91
95 280
13 121
59 315
450 656
293 801
34 937
229 894
362 602
238 980
409 195
347 230
473 301
30 455
357 83
250 389
360 976
27 721
418 272
132 899
86 252
411 991
185 207
435 166
154 184
273 904
457 91
85 154
81 14
467 778
459 721
379 604
413 238
349 477
386 347
140 276
97 631
259 36
390 339
168 288
164 218
282 97
188 548
234 109
299 480
326 868
30 496
283 878
357 609
404 247
7 985
243 119
175 972
270 61
190 1000
111 662
175 199
473 289
320 329
147 223
148 267
352 663
299 646
271 709
121 413
198 57
180 141
449 440
39 713
298 462
184 215
469 608
234 131
246 810
277 481
420 46
275 415
418 658
42 47
235 577
9 856
231 384
202 71
458 901
291 666
144 300
378 155
251 775
200 141
391 404
272 985
196 213
155 707
120 620
27 483
16 639
458 804
438 933
33 373
417 996
54 372
328 798
246 14
15 464
171 682
119 412
170 298
42 598
76 562
34 488
123 786
68 226
255 18
331 45
14 310
355 221
203 598
445 898
436 693
167 302
152 36
348 248
124 890
35 916
420 282
473 788
430 631
95 538
195 873
450 970
377 821
126 243
378 845
426 319
10 794
324 221
424 748
164 753
343 560
132 987
40 935
234 203
56 180
214 966
153 212
2 563
156 107
27 342
68 456
61 315
402 881
431 739
132 935
198 742
253 365
144 40
12 979
316 403
48 969
251 27
247 967
236 440
68 4
278 186
63 141
179 53
120 472
127 76
238 978
69 501
173 214
19 853
239 244
182 804
281 88
381 842
50 662
138 515
290 72
37 703
105 303
76 865
146 453
446 174
434 140
44 239
324 264
268 474
119 969
426 76
142 835
289 28
372 790
85 389
70 165
347 151
397 935
184 533
2 256
237 650
431 396
187 722
107 242
244 135
116 35
331 707
319 679
450 704
349 969
421 452
140 305
416 831
58 262
140 868
331 826
54 885
418 770
43 529
460 865
279 44
281 165
364 295
322 658
379 425
426 853
473 271
56 543
302 891
115 993
156 911
146 766
137 885
233 157
208 980
263 415
168 256
4 380
472 15
133 135
444 676
383 189
266 607
283 237
103 341
30 49
53 195
402 844
216 26
132 52
49 508
106 637
127 208
277 701
470 616
176 402
246 825
204 184
455 489
412 563
46 28
51 31
392 826
69 368
292 703
107 872
9 335
169 174
464 993
229 247
467 441
336 435
342 515
189 519
122 787
231 869
166 671
450 158
327 185
350 327
154 45
247 177
425 243
436 565
138 205
112 973
412 140
152 377
375 718
449 617
364 353
242 524
55 126
317 619
443 498
438 133
254 340
29 889
360 678
289 116
311 782
281 152
87 858
432 338
214 31
81 658
267 939
396 802
379 831
329 464
109 206
283 424
108 929
301 796
225 941
255 37
321 805
25 508
291 212
57 909
310 375
56 695
362 289
245 538
23 375
100 664
276 585
140 262
424 307
247 694
191 636
168 802
311 261
461 839
292 734
320 3
147 44
408 263
33 926
275 291
21 565
409 450
166 432
40 175
323 492
267 267
293 490
354 645
187 435
43 39
414 406
109 610
371 737
450 948
383 699
22 69
265 300
308 17
438 763
192 185
458 113
118 173
253 902
22 81
451 422
266 969
119 180
85 834
43 793
95 637
287 632
282 454
279 190
448 265
28 90
101 919
314 563
332 648
323 454
94 493
168 388
145 708
278 48
10 233
455 664
340 973
105 249
140 589
154 834
140 961
90 203
248 622
16 31
267 715
327 895
202 449
218 945
210 821
33 686
29 690
260 882
342 112
42 965
389 269
380 89
346 490
379 475
21 5
206 77
253 181
227 970
155 822
226 844
108 295
1 22
47 196
349 777
346 371
410 595
152 105
304 993
72 125
419 685
337 34
97 553
393 944
155 252
374 597
461 521
456 978
179 532
420 644
11 176
254 428
322 346
163 666
326 968
470 788
207 457
369 353
266 269
247 854
371 906
390 737
341 348
227 103
447 228
157 672
40 233
49 99
16 160
318 908
108 476
221 259
210 458
77 389
80 53
425 331
19 868
335 385
381 400
146 430
191 628
348 632
205 131
340 623
410 467
134 846
342 90
437 755
238 499
78 873
34 437
151 458
148 478
232 992
60 256
355 572
82 768
435 731
98 910
267 731
53 727
3 565
87 215
55 573
459 900
188 752
147 286
80 421
96 640
330 994
43 228
292 412
234 691
191 27
24 694
272 439
323 936
382 360
127 130
297 624
447 495
264 744
460 481
426 35
17 778
7 410
71 514
399 475
39 960
456 578
97 855
329 614
155 622
77 752
21 52
336 379
182 358
393 788
226 170
84 591
142 134
29 356
101 43
16 132
222 920
275 765
376 968
306 794
192 524
386 157
467 144
252 47
333 88
114 151
349 685
237 514
411 133
12 683
101 409
172 283
313 250
300 683
185 387
132 719
71 286
409 185
242 594
384 42
262 983
275 184
177 113
31 644
324 227
291 890
469 278
78 41
368 469
424 475
97 826
395 100
286 648
163 514
474 692
235 332
245 606
135 371
400 933
238 156
42 506
128 441
307 48
54 266
402 754
189 48
62 126
97 494
366 942
408 976
184 757
157 259
416 838
428 256
301 896
414 965
160 537
33 783
167 320
443 398
438 583
211 484
367 688
71 497
363 99
152 664
395 956
114 376
111 776
307 769
66 293
164 429
377 669
383 696
66 102
92 369
232 320
442 443
354 735
453 714
399 263
56 925
259 748
434 695
459 451
79 984
100 253
200 358
136 828
337 528
329 25
361 226
88 732
146 707
139 158
335 96
48 45
193 819
92 79
205 509
53 945
172 41
66 404
445 565
231 510
305 589
393 880
412 611
231 966
297 576
458 908
418 385
63 274
45 144
145 607
114 563
18 228
352 944
203 761
79 629
85 636
204 455
123 844
446 320
184 74
333 737
231 839
199 388
234 270
151 40
145 322
229 819
93 941
220 952
275 253
210 98
7 257
470 50
155 309
424 390
341 437
385 696
240 716
237 659
66 869
170 567
234 696
34 115
61 390
365 917
216 422
170 56
195 616
63 181
401 890
437 432
414 727
432 564
305 619
314 573
231 405
286 527
16 92
402 905
289 85
326 217
93 529
336 877
376 411
157 414
320 570
69 15
386 93
205 261
341 600
166 109
68 175
103 876
195 946
256 189
134 771
374 745
345 910
311 515
134 123
209 448
260 969
3 81
7 692
65 516
149 605
418 957
8 173
147 906
439 219
228 300
301 732
7 36
24 376
341 4
81 281
355 724
393 389
81 204
305 321
317 233
463 468
362 743
341 456
238 208
387 382
217 250
474 480
105 356
398 428
150 113
475 169
301 953
328 724
115 733
17 825
161 37
32 651
440 368
374 471
182 39
251 134
328 316
214 433
247 379
32 396
199 71
321 577
346 824
318 682
307 465
43 778
52 967
201 691
285 8
47 994
298 253
51 778
336 902
475 594
377 336
469 199
169 464
336 280
239 957
188 919
447 458
248 7
355 697
97 125
405 87
248 49
411 703
466 904
276 475
183 686
274 887
173 674
431 973
429 846
105 376
114 909
365 763
371 38
348 839
217 858
451 636
21 336
206 76
119 536
122 95
157 299
81 312
215 563
113 16
222 467
440 568
98 753
175 370
61 710
125 955
278 859
408 946
10 346
402 977
328 355
36 803
146 473
151 799
159 555
154 990
3 648
243 773
345 380
185 465
366 700
396 427
370 380
37 721
18 320
147 961
274 530
217 406
104 21
211 154
43 605
156 127
53 554
45 313
234 567
148 855
92 501
212 61
364 824
204 293
54 804
371 141
223 514
259 644
253 681
2 701
225 559
35 924
109 846
126 653
338 970
331 949
463 515
260 339
110 52
46 235
90 297
432 7
86 671
