1600
260 272
381 584
190 856
91 763
363 784
344 311
23 446
265 291
159 18
368 219
106 680
271 222
242 577
171 254
234 731
2 517
290 612
101 205
188 789
25 341
73 860
124 757
75 387
394 12
315 822
323 411
227 885
149 122
389 291
234 798
341 360
64 516
168 643
2 911
353 964
378 341
56 632
286 54
22 226
359 25
141 491
179 625
67 831
123 315
137 40
155 99
358 231
174 352
145 557
255 10
339 977
25 49
105 459
143 474
338 116
380 91
279 492
324 473
363 51
150 6
13 626
94 436
250 156
398 474
220 19
260 30
314 670
369 995
294 618
324 64
316 935
85 516
138 820
77 261
268 212
82 58
97 243
140 593
201 101
15 653
157 950
177 881
364 921
124 484
107 743
249 931
356 847
103 563
389 387
125 385
109 622
305 631
165 73
200 162
67 272
137 132
213 835
360 57
55 951
210 56
187 997
257 784
298 339
43 965
268 486
327 789
156 547
6 488
173 778
91 139
88 937
389 174
283 26
186 332
88 418
51 723
251 969
233 181
42 337
340 12
227 734
60 708
332 534
164 998
314 457
373 396
211 908
262 382
391 644
341 711
64 644
29 403
151 11
164 968
181 849
107 107
5 816
110 729
14 411
193 282
224 408
2 316
90 582
340 341
134 691
276 999
185 694
315 114
119 865
326 533
306 61
395 681
216 553
299 228
238 831
222 143
314 403
201 855
120 532
179 267
204 56
310 569
164 396
30 719
84 450
83 272
213 457
305 416
380 870
238 118
48 231
319 158
226 569
376 444
253 627
128 77
259 963
86 722
206 875
297 345
360 105
14 770
397 264
342 274
351 135
162 148
345 230
147 143
68 483
8 469
97 203
204 663
355 618
266 672
102 711
251 657
127 580
19 384
287 52
359 802
55 577
347 405
303 675
351 490
175 910
313 885
195 201
19 161
209 136
287 173
203 100
123 407
256 285
306 811
329 406
49 25
112 909
64 171
206 754
212 565
356 854
261 556
76 367
134 285
62 579
299 26
161 880
67 33
73 116
236 934
42 536
196 321
184 178
141 488
27 186
61 531
396 213
50 50
328 597
270 887
268 43
257 311
345 239
380 11
353 163
148 869
398 506
60 487
306 89
335 826
311 366
147 807
389 324
26 164
171 705
307 600
14 623
350 415
328 372
352 123
344 115
148 776
170 260
358 804
48 46
397 709
26 473
153 495
193 965
91 198
177 986
159 807
81 650
337 479
213 620
316 421
381 28
64 744
395 981
151 688
170 930
86 309
367 443
107 253
386 509
232 636
231 414
57 714
40 476
67 1000
379 229
257 432
356 613
29 465
345 776
153 63
178 641
158 428
282 107
195 412
342 234
107 58
93 4
188 229
387 704
331 696
387 431
373 836
175 957
172 960
3 94
380 218
54 869
388 549
287 520
384 899
85 197
150 367
301 680
105 671
177 273
102 356
248 359
392 33
290 814
46 764
51 950
81 936
17 825
284 663
328 427
20 183
360 535
164 66
166 559
136 560
168 116
68 712
73 61
361 918
132 676
169 645
242 45
247 431
85 37
387 812
96 661
311 762
123 451
181 254
49 895
296 26
181 434
292 272
85 345
100 6
351 523
81 825
197 475
390 500
72 39
250 899
320 567
178 336
146 138
17 70
395 337
226 403
334 32
291 308
65 40
39 744
376 92
270 728
393 392
103 250
17 253
297 224
260 604
187 259
393 755
185 728
111 841
115 815
239 423
71 852
48 273
350 737
263 294
100 418
230 254
335 388
120 535
141 855
99 238
217 587
20 888
135 909
31 184
79 922
381 952
130 322
138 349
176 380
329 298
175 918
130 689
380 909
285 829
247 390
151 596
128 495
400 130
6 572
385 534
276 118
275 252
151 814
347 486
345 385
286 436
111 430
227 812
371 176
400 257
268 70
56 27
148 385
98 554
4 176
363 74
44 831
116 778
39 828
303 480
164 625
208 462
65 981
63 676
46 686
195 902
91 811
190 169
149 502
127 259
277 737
254 563
56 586
26 233
291 561
213 913
64 702
33 836
369 290
274 789
89 13
355 603
356 727
83 355
86 77
33 699
394 694
20 938
276 757
225 717
50 875
382 77
12 164
339 868
233 859
10 27
147 204
362 252
29 347
282 143
284 517
216 766
149 1000
124 83
274 469
61 147
181 827
292 84
139 525
161 916
246 575
123 828
33 391
130 514
166 206
206 781
54 481
225 671
224 907
260 317
114 657
352 618
298 445
117 244
106 373
329 498
76 502
94 666
358 571
134 32
341 363
375 465
160 317
194 577
400 691
217 986
321 232
385 804
47 634
251 478
137 878
370 205
85 803
31 712
393 126
208 63
66 92
138 772
158 117
311 607
159 704
24 995
315 804
361 71
374 59
396 788
122 932
41 457
182 982
389 352
168 769
329 610
367 717
21 219
173 732
94 783
41 896
335 753
169 763
180 79
70 789
276 757
182 983
379 884
71 22
363 572
321 951
235 569
86 642
183 423
291 985
175 769
367 75
32 851
378 693
303 72
362 149
364 472
323 463
75 460
74 888
341 260
109 413
203 910
295 503
326 821
129 749
192 63
300 614
141 557
308 530
100 573
110 435
382 102
291 44
282 209
53 883
131 491
221 713
110 20
168 238
35 936
396 592
39 580
113 269
38 32
332 402
309 451
189 840
384 50
306 310
247 698
93 7
300 13
121 540
38 153
147 145
300 775
145 703
207 534
14 834
215 797
24 147
214 791
232 561
79 36
48 554
204 958
77 239
88 273
232 153
87 718
121 84
65 768
180 548
356 235
251 50
93 360
203 708
232 827
140 308
359 497
379 226
330 592
386 641
177 960
109 937
308 62
28 351
161 495
399 57
176 121
180 191
332 27
251 913
297 516
168 124
136 804
300 658
224 804
314 115
286 763
178 264
137 83
273 910
366 608
294 765
102 335
154 157
365 179
230 878
272 752
319 757
77 659
213 143
258 877
362 953
112 415
359 433
169 574
353 211
247 363
219 873
278 602
92 853
269 92
301 828
331 610
104 965
116 519
33 468
142 367
211 226
120 593
157 367
254 66
31 857
309 716
396 619
200 227
100 362
4 923
316 191
308 179
200 992
310 218
202 52
362 299
202 550
395 758
235 662
325 92
122 506
104 217
395 326
149 976
110 86
126 358
268 400
326 914
261 931
250 506
253 870
13 972
308 997
237 70
70 99
221 925
160 400
120 713
258 196
208 187
361 778
101 583
390 319
211 881
86 470
187 886
276 33
58 682
373 519
23 388
241 699
227 417
218 991
121 12
389 921
236 125
285 92
330 325
76 228
151 842
136 806
247 731
312 735
192 699
4 985
308 498
101 25
59 292
398 889
247 870
106 565
5 99
221 19
84 491
186 291
236 282
126 868
340 460
334 403
54 216
173 235
256 963
304 883
109 714
205 13
292 695
250 161
15 66
322 79
374 720
2 546
100 355
69 903
315 683
394 390
194 384
43 902
348 887
215 541
174 973
226 312
346 848
126 584
295 134
389 21
280 607
340 393
54 569
291 487
209 581
199 140
383 177
170 554
118 280
333 561
17 432
241 992
197 840
376 107
86 216
358 22
101 978
163 36
35 24
397 489
7 141
355 702
3 937
176 636
221 32
212 169
349 999
176 429
168 890
157 651
137 429
327 599
149 432
332 238
395 251
192 979
384 136
242 750
306 932
391 505
342 997
362 466
190 491
156 130
322 729
19 738
132 260
288 771
184 756
147 270
155 509
70 826
105 207
150 290
205 748
296 10
147 949
42 628
376 858
318 104
388 97
258 167
129 897
365 857
118 183
399 294
192 710
284 196
310 705
328 876
186 660
399 705
200 932
398 608
300 753
121 137
19 790
277 19
295 995
112 506
124 552
186 968
387 517
166 820
294 779
146 981
32 391
304 927
59 657
389 788
272 787
12 534
38 419
214 29
379 581
320 557
385 368
308 846
188 700
53 668
185 446
169 711
57 629
332 96
358 234
30 659
194 492
228 309
245 1000
303 75
3 491
231 350
28 500
179 311
281 977
10 915
339 177
217 496
15 889
334 268
324 254
357 681
214 505
361 693
54 196
65 721
265 44
258 65
165 957
244 887
271 311
217 133
289 767
378 507
279 755
166 574
310 908
228 175
71 918
54 448
221 142
6 299
148 609
223 312
392 9
181 237
35 177
59 609
400 790
312 317
231 999
258 242
287 730
175 164
199 652
273 94
324 539
377 29
351 700
190 855
82 182
126 654
372 41
268 79
98 162
63 468
203 813
231 279
298 276
319 721
175 911
292 75
122 194
320 189
396 679
333 55
376 54
271 271
142 244
372 978
226 34
235 371
26 503
173 959
38 999
40 239
117 489
116 943
253 583
139 799
299 28
124 926
145 284
124 329
191 86
281 1000
66 991
8 872
139 273
138 584
376 917
335 17
178 95
133 249
307 537
258 129
176 621
375 319
86 6
384 544
277 754
322 658
56 72
113 961
308 876
225 824
363 628
70 398
351 112
141 581
70 705
117 879
42 866
1 681
128 361
43 820
131 858
377 769
252 459
180 535
294 215
83 383
174 347
247 558
82 716
138 890
273 286
220 921
327 616
313 122
46 35
277 197
383 368
398 292
258 868
390 777
202 241
7 838
158 150
225 335
42 418
384 743
179 9
204 913
128 15
264 736
83 95
174 107
27 849
135 224
270 580
387 247
306 749
394 565
242 35
133 105
170 223
341 603
86 79
274 105
72 787
353 674
203 595
327 938
125 417
122 88
102 360
346 124
98 471
66 565
55 949
129 429
349 912
271 427
255 247
101 469
286 550
200 772
305 58
374 971
79 629
223 224
357 371
185 354
271 651
110 534
36 430
23 862
190 940
86 619
117 119
181 744
53 940
106 868
189 157
295 240
114 1000
358 129
202 391
391 209
265 789
99 862
174 94
197 91
266 635
61 665
342 32
280 929
193 814
42 459
9 738
282 452
177 712
343 880
62 575
182 973
364 893
359 316
256 180
300 334
322 109
242 973
367 929
235 496
182 32
63 908
10 332
169 428
295 355
60 870
39 238
67 812
297 696
21 996
28 496
149 387
382 968
112 387
249 358
72 879
346 417
340 899
211 9
129 631
142 604
328 14
385 586
94 241
9 641
59 620
371 312
25 97
255 596
127 694
158 286
333 967
181 241
384 66
292 993
394 603
110 809
365 407
295 903
390 774
223 179
24 811
141 675
390 723
211 367
277 448
339 748
366 734
121 309
59 561
107 91
154 629
306 600
76 132
241 122
6 860
223 745
294 996
206 84
223 83
181 519
241 154
336 422
58 22
107 393
78 520
165 260
204 719
5 355
142 939
389 309
22 462
277 239
98 357
218 221
118 198
350 3
309 330
326 69
380 889
385 393
177 947
131 393
199 453
222 601
238 140
352 244
244 239
100 815
380 57
392 910
98 250
315 200
193 191
364 206
314 851
90 57
321 243
11 439
325 840
145 620
83 743
285 260
82 49
152 123
368 260
357 560
205 118
157 778
244 594
175 71
322 567
94 835
70 379
390 560
83 166
181 93
240 892
145 73
78 735
253 447
154 909
282 573
330 681
43 430
200 183
389 106
160 233
286 305
81 336
108 361
54 176
31 678
384 369
225 725
341 217
219 471
313 498
301 245
70 918
252 671
356 186
74 484
297 91
48 155
368 464
65 980
125 829
130 232
191 471
352 794
261 425
35 286
372 261
387 777
207 227
223 19
205 595
23 359
182 942
96 670
351 107
298 307
58 62
88 903
302 775
195 378
363 33
219 72
194 556
84 18
140 331
138 488
84 216
46 192
20 466
342 883
367 206
235 386
273 385
149 371
347 795
243 598
145 518
315 213
249 505
23 393
305 582
67 606
353 694
298 912
181 490
195 596
326 349
339 246
184 555
8 673
51 659
349 984
398 163
111 585
306 467
77 896
12 213
279 501
256 308
355 917
157 510
80 988
93 521
115 1
331 545
261 375
160 898
391 389
284 474
371 893
265 914
374 852
279 664
139 855
7 271
388 603
247 778
100 3
198 935
208 378
107 783
185 868
398 964
6 85
262 222
14 963
71 45
55 379
320 151
270 224
87 285
331 602
197 47
398 890
219 243
50 719
230 832
83 135
71 991
371 900
101 681
2 647
396 691
73 147
388 502
300 708
329 416
287 111
90 123
148 40
51 484
370 708
296 16
309 787
387 719
271 455
398 868
274 159
348 291
347 649
166 281
41 642
243 932
10 129
21 1000
79 617
366 388
167 323
12 681
354 203
50 389
286 621
299 843
78 148
318 97
356 309
103 708
354 883
103 367
261 476
109 710
330 490
334 441
248 610
50 313
194 713
138 16
5 358
378 664
202 675
180 456
129 858
217 996
261 126
378 311
388 870
77 66
293 412
373 860
370 79
33 621
64 728
123 540
13 952
141 640
45 665
148 478
247 304
112 606
248 955
214 701
9 267
32 660
375 246
285 944
375 485
184 930
57 102
243 494
116 70
158 635
222 315
174 210
374 666
381 495
188 1000
162 739
400 170
316 185
58 984
292 261
355 234
140 953
72 127
39 422
12 939
112 339
46 211
5 941
395 720
116 807
166 87
196 609
106 397
98 559
315 822
203 788
302 562
191 151
332 703
193 79
221 979
105 511
331 494
395 664
291 742
125 500
212 975
195 45
324 548
361 106
70 383
289 934
379 791
319 30
181 723
387 976
270 572
122 930
163 873
51 528
242 240
195 620
79 960
74 907
124 745
249 582
79 256
230 694
283 379
329 391
296 822
1 661
351 603
322 31
178 293
99 247
8 82
113 290
332 198
267 413
106 572
306 794
279 874
286 312
234 306
170 40
118 161
101 217
274 756
370 982
201 150
32 182
335 194
271 453
228 624
248 159
238 398
34 975
374 300
329 64
218 661
348 132
287 480
109 651
400 328
350 112
315 4
267 373
101 420
26 578
185 118
260 518
64 939
42 434
342 8
269 265
245 13
137 756
3 487
84 745
396 15
192 1000
246 59
384 537
131 527
334 336
42 942
233 595
292 349
295 10
4 590
36 760
30 297
92 637
383 604
17 267
120 612
321 521
75 121
157 825
151 226
241 223
42 167
279 764
261 534
111 447
357 396
303 272
116 919
65 52
110 664
225 88
376 223
258 277
263 933
369 142
377 969
125 76
141 399
248 860
393 614
20 474
354 953
139 265
71 481
162 32
