1400
305 737
149 223
71 907
205 693
24 771
78 955
290 22
44 319
121 435
166 607
337 434
142 539
109 261
285 982
190 236
177 22
230 704
207 543
12 550
123 560
114 209
106 153
335 39
63 416
9 367
336 752
92 390
215 780
226 493
333 443
261 305
20 657
155 28
189 60
73 754
52 939
20 256
47 54
260 739
237 136
318 992
259 619
222 130
134 384
243 220
56 207
5 558
204 187
299 615
259 567
269 947
55 868
158 586
72 175
150 634
296 518
159 474
154 396
335 795
292 767
127 598
52 972
343 323
341 755
224 978
106 60
143 235
200 184
132 352
312 130
101 159
190 845
152 558
7 894
328 721
233 924
126 454
338 994
144 39
196 469
323 192
234 397
223 803
297 277
156 779
254 646
119 965
284 707
339 525
40 187
135 422
238 38
183 284
59 508
276 83
63 33
321 924
179 787
133 460
211 699
272 190
151 451
284 339
252 866
237 974
158 121
61 988
205 805
143 680
105 986
179 26
238 160
224 981
329 442
221 515
233 191
344 13
92 627
279 85
26 605
186 737
112 794
168 194
85 656
126 632
243 39
120 259
13 949
176 126
48 665
88 191
308 977
95 97
208 387
249 738
133 966
238 91
93 529
323 177
138 281
170 221
231 300
246 120
176 95
25 896
101 903
4 999
173 956
196 437
162 428
350 993
292 741
289 430
320 23
42 130
90 9
207 642
82 581
220 465
69 309
247 536
292 260
123 919
3 80
336 788
249 426
230 41
208 852
232 822
324 100
38 270
325 98
105 919
135 972
350 893
26 382
10 875
120 733
116 104
159 797
130 360
296 439
147 365
339 632
132 25
292 246
252 874
158 248
129 198
202 309
222 719
144 369
124 536
287 951
126 96
9 197
185 221
252 79
264 945
326 765
104 26
219 524
218 233
330 423
334 497
260 722
222 816
228 384
290 71
246 10
58 895
9 397
16 18
301 469
40 427
330 921
70 974
25 389
250 982
63 398
149 673
220 777
260 399
160 597
94 660
338 416
339 84
153 951
33 854
76 484
76 851
8 971
230 536
204 885
150 581
113 314
221 53
304 427
153 861
199 155
211 520
254 187
177 591
227 811
275 603
297 534
74 398
171 268
344 711
203 562
148 417
31 660
293 528
9 140
340 289
316 731
82 424
314 638
288 106
15 248
348 32
271 286
340 478
157 987
259 333
195 743
75 89
40 338
298 275
18 465
73 13
249 521
50 302
154 940
76 566
228 885
142 283
71 147
32 957
262 956
199 481
155 12
191 492
311 334
186 225
234 473
330 821
81 200
228 106
124 461
306 416
51 278
239 658
333 297
63 326
135 230
32 164
91 25
267 901
121 88
290 511
37 383
305 357
215 632
309 116
341 68
301 554
240 105
246 225
216 15
328 221
182 273
249 52
119 425
336 195
322 491
87 29
104 389
315 625
103 852
103 646
293 656
187 18
212 719
310 104
286 224
279 594
47 459
332 680
46 444
27 645
71 555
295 862
102 104
349 391
341 448
334 678
230 343
248 328
215 708
298 326
137 212
123 64
83 231
245 192
6 769
6 485
297 874
222 599
42 115
134 196
67 143
79 514
7 683
142 893
237 340
57 61
128 889
245 15
79 241
219 485
293 416
333 633
189 711
122 565
35 647
249 785
31 4
263 188
248 291
80 499
338 104
269 76
186 600
15 402
221 236
34 336
259 521
21 834
128 7
272 839
137 583
64 38
170 520
215 213
63 138
221 775
210 281
31 40
127 184
218 279
185 570
95 147
92 721
286 819
130 41
84 753
216 404
13 92
341 755
242 313
9 337
276 343
90 79
71 53
308 231
146 948
4 928
94 85
221 450
247 428
204 824
76 187
60 389
120 638
233 413
166 407
325 941
6 229
178 206
259 713
225 656
301 971
188 680
3 99
266 584
63 337
115 875
204 526
111 719
123 208
71 509
174 610
270 452
72 989
137 505
315 51
188 118
215 975
206 771
17 835
117 88
164 810
174 174
90 370
44 795
114 414
279 155
58 19
44 582
163 506
295 370
163 602
175 588
146 794
309 129
68 855
228 293
178 688
49 367
140 702
309 114
47 91
134 368
271 981
146 166
343 980
99 527
295 171
168 754
103 481
325 883
44 681
179 345
63 983
178 271
233 508
266 663
135 447
41 745
42 528
342 996
62 431
328 598
326 905
322 892
321 161
150 416
48 106
221 367
228 829
200 906
205 376
327 323
73 225
285 416
152 485
46 2
336 509
313 421
264 409
104 448
168 418
202 162
93 372
310 693
200 703
68 613
285 928
297 863
68 614
303 19
246 152
335 808
309 518
47 623
133 185
149 459
45 692
123 596
255 188
181 7
73 375
268 460
52 744
308 328
194 259
67 91
218 471
25 197
196 464
5 730
65 683
160 28
174 234
41 6
258 228
298 513
196 252
187 982
6 659
130 705
272 405
54 816
115 437
247 341
277 163
6 721
1 219
110 329
204 321
72 791
68 822
160 834
304 198
90 374
109 814
48 27
112 777
150 583
298 560
75 603
115 226
316 373
64 768
297 782
191 233
285 823
153 513
157 753
129 591
154 814
299 61
56 241
211 89
281 642
326 920
96 45
57 244
276 653
81 741
161 195
85 446
247 436
34 631
51 261
8 410
94 478
179 860
110 755
131 645
185 44
213 283
145 881
258 830
304 173
95 943
188 968
212 846
37 53
123 610
266 344
84 70
202 979
216 348
298 351
50 492
140 203
181 862
53 300
181 297
304 451
333 233
27 650
7 535
159 300
264 735
306 775
103 114
99 740
232 694
268 233
78 669
264 908
52 599
310 218
110 464
205 674
41 875
135 412
157 938
38 952
64 415
348 39
112 645
272 988
303 946
45 803
28 533
345 950
237 272
271 395
2 781
139 406
296 98
222 806
67 84
115 620
272 71
3 919
335 791
131 269
326 748
28 632
168 999
82 39
47 693
265 48
101 195
36 859
220 324
43 330
286 365
113 996
144 265
11 214
13 223
116 359
48 587
239 455
97 827
167 624
225 690
255 256
126 513
299 144
194 507
166 641
52 798
232 213
142 956
132 31
150 196
219 245
326 304
92 213
111 89
212 618
122 96
253 991
176 255
43 817
5 430
179 535
145 660
23 29
218 183
245 431
10 136
255 463
238 41
69 561
122 57
215 475
164 82
315 621
55 130
151 909
216 449
145 930
66 831
135 838
43 204
93 546
236 685
174 761
105 37
312 682
270 136
284 90
18 910
8 309
4 226
183 839
139 604
53 319
271 891
61 917
191 620
331 715
325 58
221 398
269 116
3 663
280 295
279 485
206 820
313 533
95 499
343 727
11 328
303 116
28 758
285 607
282 570
219 768
217 772
298 173
158 433
236 279
56 946
187 315
257 437
143 933
229 378
313 654
181 805
331 300
273 193
309 728
145 120
274 477
116 7
1 906
54 560
254 397
129 435
233 606
215 232
34 120
191 599
259 208
33 51
208 50
145 802
176 169
301 673
275 26
172 335
50 874
43 508
30 545
123 443
349 855
67 899
193 412
39 768
38 215
193 161
143 105
170 154
208 935
329 169
332 293
298 605
106 48
56 794
168 404
333 656
268 625
116 649
10 429
160 428
121 481
307 713
249 137
31 188
181 463
174 15
191 89
64 88
281 809
205 800
237 148
30 704
322 852
286 741
188 346
98 976
126 402
185 153
37 549
20 501
184 633
169 799
203 505
237 465
229 187
254 13
345 945
77 503
135 396
125 460
53 764
341 444
249 925
106 794
274 301
170 986
97 514
186 137
349 265
122 349
284 779
131 269
80 608
257 725
346 950
307 191
84 800
331 643
66 200
308 322
112 916
92 420
9 385
249 187
323 913
80 405
315 191
152 933
187 241
188 741
60 105
67 303
287 254
183 161
85 80
299 197
218 200
55 245
304 444
298 609
95 24
301 707
292 533
22 329
238 659
185 259
120 495
319 596
66 832
254 539
315 784
27 648
139 269
312 1000
303 421
94 212
345 482
109 29
322 598
334 835
206 751
238 17
157 566
261 375
171 818
45 400
298 348
276 824
323 564
83 418
225 737
194 215
44 631
186 45
148 266
290 739
5 11
27 644
316 782
196 959
160 175
283 353
212 773
19 532
53 296
202 917
32 176
20 187
91 574
120 181
331 628
80 775
72 343
107 375
63 644
27 85
310 363
215 133
232 964
265 636
197 260
346 603
180 65
235 259
68 354
51 399
265 388
34 269
67 133
19 31
292 680
291 772
22 282
260 723
24 872
209 512
238 459
318 130
122 240
326 616
279 319
145 710
76 855
343 35
181 823
270 318
232 64
123 880
120 830
254 871
277 434
236 42
321 508
349 144
244 442
267 669
139 927
207 864
246 951
92 791
248 611
187 656
27 881
266 939
51 610
256 357
72 395
118 618
118 158
105 807
182 6
43 907
143 635
308 812
44 141
94 980
257 135
221 704
65 15
40 480
293 698
68 517
96 893
104 575
285 390
329 771
103 552
105 559
201 378
36 159
343 756
78 249
136 85
252 86
232 176
311 108
138 953
298 619
319 708
64 899
46 33
271 483
130 513
172 818
56 423
226 772
209 925
45 818
205 770
228 724
37 413
187 442
319 136
185 934
63 192
140 110
152 291
4 619
182 184
72 765
165 58
130 668
238 966
192 664
327 299
42 112
187 93
205 387
336 378
171 89
280 196
186 50
24 914
15 550
257 66
38 787
77 405
189 58
333 504
313 834
57 148
242 663
57 340
113 783
70 228
138 231
118 673
223 892
74 131
167 777
63 355
239 747
33 82
181 725
343 123
84 58
162 258
247 643
111 916
12 19
216 617
42 514
327 45
15 220
147 932
267 402
180 397
137 411
273 29
290 834
175 450
65 5
125 466
306 451
139 847
17 70
54 553
82 381
53 837
78 655
308 685
170 741
328 669
101 750
70 692
223 866
153 240
46 638
264 602
243 776
99 644
167 728
209 366
74 328
236 340
313 812
233 547
295 188
118 911
322 227
83 509
20 771
90 937
115 341
258 625
32 785
176 561
198 120
176 982
232 392
329 864
76 685
180 813
47 761
282 676
39 112
161 469
110 14
147 895
182 801
243 664
145 60
348 319
170 89
186 935
179 79
81 959
223 917
184 570
172 60
56 89
344 227
256 533
147 174
198 884
337 53
59 676
334 430
334 170
134 379
125 174
93 85
125 722
71 668
19 989
267 965
211 511
267 800
69 219
350 974
159 651
200 516
299 137
249 898
16 45
43 501
246 658
188 218
45 846
208 119
207 288
250 810
171 261
136 446
311 815
300 902
142 171
168 69
116 181
250 843
349 643
227 429
55 400
192 446
71 408
139 193
343 558
123 271
48 382
318 669
185 750
121 283
227 742
9 502
119 202
339 474
238 797
346 429
200 323
223 10
100 812
21 611
218 321
28 442
242 294
39 857
207 60
75 901
230 602
72 696
339 870
249 810
101 217
330 596
259 151
4 960
208 476
345 649
344 948
27 319
38 985
73 625
79 628
11 20
347 554
218 735
334 887
325 63
192 190
237 989
137 297
87 923
228 422
190 264
311 190
100 548
125 245
91 372
339 849
23 867
267 394
126 660
31 348
85 299
256 165
291 666
139 406
12 345
278 399
65 782
59 984
250 504
23 299
347 540
246 78
265 491
195 982
199 14
187 657
177 461
139 72
65 241
332 5
50 471
10 628
226 666
324 473
189 439
311 794
195 932
260 555
136 547
320 395
252 24
330 704
97 639
111 738
104 234
192 578
92 764
84 709
118 887
94 567
266 560
291 61
294 229
70 189
199 84
198 178
336 922
16 350
195 388
170 494
29 925
224 1
333 70
73 576
296 13
336 952
300 524
181 724
331 8
76 360
200 304
291 64
318 538
123 812
34 119
217 708
322 719
172 617
69 98
87 791
12 33
11 634
9 392
97 139
66 121
310 453
39 890
103 569
234 867
178 842
320 19
194 335
9 354
307 540
100 513
224 124
142 407
169 972
131 791
110 685
209 53
49 49
47 541
274 429
321 862
9 719
184 903
327 734
110 355
31 259
188 354
288 903
194 502
25 488
103 665
254 684
207 757
255 405
24 148
282 261
240 187
277 894
287 723
79 944
200 818
27 281
300 545
127 405
227 469
290 664
273 97
280 678
49 251
76 311
299 361
167 250
193 833
233 677
194 618
97 649
176 734
156 301
270 412
35 354
223 635
6 58
204 23
259 418
61 892
301 927
238 405
188 446
142 220
93 275
168 603
194 161
305 352
21 845
264 492
128 1
147 23
331 737
85 243
68 155
