1100
205 52
202 707
77 212
230 275
253 235
229 574
272 626
115 186
151 641
5 472
177 746
245 479
101 685
155 152
82 253
127 88
257 785
25 397
268 463
268 765
3 5
21 347
258 83
100 53
233 432
150 688
134 546
180 630
247 428
191 723
49 356
201 873
150 442
88 601
91 159
194 666
50 796
147 539
257 2
234 216
50 146
82 500
228 680
124 762
272 713
67 984
242 370
186 61
115 761
39 622
253 417
266 162
100 910
140 421
77 429
34 259
179 3
112 983
64 315
230 195
143 346
125 219
264 694
129 650
198 586
63 44
169 325
217 622
118 403
251 522
229 319
114 812
175 567
172 344
24 730
3 330
212 641
208 798
53 951
147 126
214 494
227 989
234 972
171 316
16 808
41 900
232 471
38 970
269 771
218 258
7 532
135 915
22 543
186 172
230 155
64 522
121 707
123 312
3 137
48 641
127 408
98 561
23 156
15 22
107 75
8 166
134 208
214 639
146 926
180 442
89 785
17 534
83 883
247 171
274 396
207 955
208 821
150 500
261 919
174 109
119 16
252 902
177 197
77 556
48 357
181 867
220 497
242 354
268 543
45 518
36 55
214 652
186 878
63 867
106 369
220 343
94 587
274 711
270 134
155 779
150 132
48 94
212 960
206 221
128 373
171 442
1 411
158 984
240 146
69 980
104 49
160 29
210 76
44 387
253 705
51 373
65 708
255 938
227 594
53 742
88 728
224 322
64 891
185 674
171 234
211 134
122 941
273 69
60 866
90 925
32 906
262 792
9 946
110 846
32 878
110 444
184 489
235 309
78 974
59 933
49 621
258 15
165 929
103 633
14 572
10 670
46 669
147 593
236 348
26 232
157 184
214 528
224 216
158 165
251 633
268 720
15 496
227 430
264 684
149 196
182 216
249 794
22 133
164 968
34 475
122 451
191 541
237 738
97 160
231 753
155 6
191 29
36 226
254 721
35 475
108 469
265 613
136 921
141 192
158 427
203 352
204 338
269 256
129 15
246 840
259 259
228 937
258 18
9 562
152 251
55 574
93 204
261 89
260 237
9 67
273 399
44 277
58 130
66 677
198 231
232 763
258 995
103 493
7 135
3 932
91 698
222 905
110 702
199 805
251 691
208 60
90 693
31 76
260 194
233 971
37 973
75 230
194 495
269 418
195 801
107 834
168 675
272 458
197 619
262 83
273 926
47 617
205 537
105 408
102 72
74 846
37 174
10 535
24 268
42 434
149 348
253 813
151 627
22 242
225 392
104 925
144 885
59 595
169 636
60 726
19 9
263 234
180 41
121 458
120 868
192 578
112 614
216 235
234 927
261 156
46 629
195 762
224 761
236 836
140 69
161 202
143 962
255 82
204 956
96 635
28 442
18 475
209 657
78 412
222 979
51 469
59 10
220 706
241 678
25 948
115 893
125 418
32 37
143 652
226 404
274 405
61 942
193 309
162 502
19 324
175 352
11 189
26 712
112 975
88 33
237 679
2 920
205 280
172 952
146 124
71 82
106 956
21 245
229 986
3 911
135 129
113 227
95 221
113 828
169 406
124 986
273 958
58 944
153 220
169 512
243 474
4 357
137 227
106 950
84 86
172 734
173 67
45 198
49 412
261 732
156 253
243 487
257 584
57 24
131 618
126 253
72 928
84 282
5 619
187 205
202 376
97 88
68 805
237 326
96 140
71 905
138 62
161 498
20 325
46 463
168 952
73 232
54 132
64 24
246 835
128 111
219 795
57 330
244 730
78 697
10 434
130 845
122 86
37 719
89 491
82 441
28 871
6 280
206 69
26 984
88 140
96 390
98 741
171 132
98 78
197 559
107 905
11 45
49 557
104 880
188 199
111 782
70 501
72 226
53 259
275 259
135 157
68 956
136 158
211 594
212 744
154 969
236 685
88 734
219 860
185 356
51 190
203 147
123 134
104 682
195 697
123 783
94 527
48 687
264 738
227 864
224 647
35 700
83 869
34 399
114 812
256 235
20 669
7 700
189 199
96 358
45 477
52 223
7 183
227 609
71 864
105 394
9 808
209 170
79 360
193 369
47 936
5 783
273 446
154 362
101 35
263 127
20 929
220 577
226 481
183 826
182 82
271 36
250 744
117 421
107 291
57 100
258 521
203 813
94 869
252 519
240 165
200 589
77 306
229 613
30 383
72 639
5 323
141 556
152 229
22 398
163 948
181 411
240 571
275 603
3 705
220 659
243 541
69 22
56 507
162 366
109 573
107 572
80 82
82 426
112 499
133 747
92 664
177 715
177 679
212 20
156 268
148 992
86 88
219 515
80 791
46 94
186 858
240 472
220 227
108 988
36 984
225 586
232 416
179 866
203 444
11 773
13 92
115 345
189 68
235 114
180 875
231 773
90 477
193 442
66 668
152 338
36 654
187 852
262 667
31 377
241 329
178 205
187 569
43 610
22 466
171 781
275 530
193 147
69 576
153 301
221 305
2 583
169 782
47 804
13 414
72 862
207 592
199 164
131 215
185 44
3 290
224 465
30 624
4 472
35 236
130 729
231 688
82 760
238 19
237 968
54 214
221 243
202 930
247 339
59 240
22 406
101 994
85 167
173 450
137 187
250 681
59 153
73 788
208 510
18 769
87 392
171 233
155 974
159 549
140 437
275 151
269 367
86 964
204 361
271 64
38 906
138 279
79 585
56 703
190 113
42 904
51 771
135 543
64 242
58 18
165 83
50 215
66 456
222 654
67 265
116 729
205 553
216 106
251 39
134 965
174 526
165 902
10 523
158 109
224 754
43 338
179 351
242 64
271 890
151 735
204 110
130 922
234 19
109 541
98 816
187 944
127 402
62 957
134 442
135 624
174 238
26 974
193 895
118 863
256 977
250 416
273 877
44 416
124 179
79 30
272 645
142 135
19 199
217 636
53 326
103 626
197 198
219 122
164 327
248 124
151 361
60 404
135 409
190 864
49 404
168 395
177 620
243 798
218 951
206 697
31 531
37 997
198 999
202 963
124 472
110 731
111 860
92 571
155 997
197 805
230 662
162 155
91 330
82 107
173 333
165 987
217 547
274 462
198 88
161 230
19 65
62 173
196 251
72 837
87 331
157 696
222 71
265 735
243 928
163 593
164 101
118 396
27 842
11 942
117 690
87 139
110 720
165 26
127 44
101 388
257 150
103 844
35 199
186 525
188 585
169 414
36 424
202 117
253 752
173 323
175 460
234 556
189 240
14 58
143 917
268 250
20 293
21 529
118 133
248 987
47 468
48 897
216 318
47 2
60 333
105 641
94 210
273 791
163 819
124 40
78 473
250 730
229 491
9 277
205 928
27 716
250 380
58 902
172 725
112 914
97 467
239 845
115 384
49 856
138 139
219 529
270 918
80 368
141 954
85 805
110 455
188 212
71 558
45 73
77 516
125 516
187 263
215 467
41 579
106 856
177 677
103 150
255 857
167 891
35 48
151 432
223 339
6 482
119 459
161 522
240 526
66 318
172 451
135 502
273 45
158 920
88 520
197 197
172 997
21 880
227 69
256 368
86 874
113 897
195 725
110 138
121 513
154 468
233 922
249 51
161 982
275 1000
67 211
127 674
262 266
105 71
55 121
149 109
49 531
35 121
8 733
53 917
223 191
227 117
77 61
25 873
47 994
34 90
190 38
97 24
37 744
154 408
188 833
152 879
131 108
40 820
28 617
183 808
152 403
3 646
258 422
175 213
58 541
210 744
107 684
146 794
244 412
109 602
46 91
55 449
4 714
253 740
15 656
247 543
43 833
69 800
133 723
212 775
202 954
90 473
205 881
28 624
261 469
100 869
128 30
133 370
15 35
5 85
206 578
155 398
272 355
226 322
222 822
90 523
167 297
272 716
152 95
198 750
190 400
26 247
179 615
70 928
69 961
254 588
256 803
80 255
188 523
275 30
237 837
104 443
271 985
31 342
274 866
203 953
180 148
113 357
117 478
230 189
32 91
215 150
228 8
248 762
195 320
270 146
85 252
197 822
27 601
147 364
112 576
235 435
141 261
184 652
141 21
202 330
16 796
93 179
68 434
220 212
79 441
86 337
53 898
12 500
109 745
180 647
129 210
155 602
104 351
41 949
149 227
48 320
103 857
80 262
11 117
85 508
129 136
231 390
91 700
66 486
200 146
168 233
113 941
218 445
48 968
160 254
203 708
120 2
20 310
12 177
122 746
251 638
145 443
218 568
246 547
170 655
12 318
33 922
165 726
88 443
150 506
82 386
268 402
41 459
54 415
75 157
259 250
94 679
96 688
259 207
100 437
98 419
213 504
103 383
139 768
204 869
67 641
258 545
271 169
225 279
75 574
127 436
47 276
180 63
152 827
249 222
149 941
178 297
220 670
160 672
244 739
265 916
198 570
21 274
46 930
137 689
231 111
233 390
225 119
236 866
4 922
198 993
268 4
21 498
241 988
117 964
52 995
147 136
241 306
275 307
265 333
179 951
156 339
66 746
260 775
134 817
177 558
148 929
10 803
214 217
240 7
48 330
31 366
191 643
206 469
251 814
241 903
49 136
180 950
96 233
52 757
116 763
210 13
154 266
174 445
261 170
268 512
105 395
264 141
29 909
140 17
201 175
247 987
128 529
254 853
125 390
195 42
126 220
241 6
261 383
114 977
131 442
85 404
87 885
250 376
217 971
182 234
262 103
227 127
136 751
50 509
24 226
12 874
94 331
118 264
91 527
25 834
28 889
113 518
208 325
226 785
96 122
81 345
211 426
164 414
85 276
244 149
182 385
129 373
233 172
138 938
262 358
14 576
167 676
206 227
151 928
210 934
73 105
120 487
43 251
49 540
267 429
267 275
132 487
189 692
105 151
24 208
88 194
183 839
212 704
161 337
115 635
225 892
195 636
202 909
70 513
107 302
254 357
79 935
128 621
88 935
31 99
71 201
68 293
55 71
87 867
270 143
180 229
156 798
5 330
42 571
