1200
285 632
128 552
131 618
166 575
78 123
39 506
228 373
297 594
255 770
144 660
24 52
152 66
43 355
109 994
272 176
201 367
202 46
132 365
242 584
93 853
70 312
298 338
130 976
218 240
43 569
77 614
140 625
294 896
196 56
288 398
72 599
46 946
167 368
199 984
213 19
266 795
295 302
147 681
195 690
222 876
230 468
79 102
38 795
78 285
33 419
32 345
101 941
210 147
134 625
53 714
3 863
98 204
18 41
4 910
233 633
246 599
56 457
285 557
197 332
215 304
64 63
71 351
152 138
177 236
231 339
77 757
130 821
130 372
234 465
183 293
265 253
61 140
184 213
216 531
293 528
191 945
184 933
81 160
111 242
177 441
274 935
74 747
282 831
109 788
154 79
91 371
155 736
300 121
222 283
237 281
39 552
107 576
229 472
188 390
179 639
3 43
152 530
126 386
260 847
67 53
98 192
180 60
110 130
292 59
217 592
266 398
282 502
62 236
99 237
114 936
94 857
86 935
61 861
80 939
292 528
235 92
191 949
40 95
228 344
45 403
198 425
72 295
261 272
31 931
166 457
263 159
180 140
126 865
2 100
107 203
289 662
28 266
269 459
160 922
209 527
179 741
104 231
182 838
272 798
56 584
300 921
156 263
264 254
293 383
253 536
11 821
255 427
44 639
256 827
189 497
282 434
288 976
232 476
97 81
64 952
53 973
123 810
174 3
111 539
20 962
269 326
266 642
210 40
10 245
232 119
80 262
237 675
83 167
24 160
194 885
206 531
289 658
144 280
205 563
87 707
180 887
63 215
85 189
135 65
121 78
295 700
57 745
143 815
182 953
55 925
1 339
281 912
241 558
99 439
131 118
10 95
205 821
105 501
4 365
127 758
122 503
236 147
169 991
86 40
8 783
114 502
178 684
74 152
196 572
6 171
178 181
205 440
271 772
10 803
38 170
94 881
88 126
210 853
35 658
94 992
105 863
2 799
240 376
121 243
88 455
101 396
146 299
110 404
293 369
97 699
126 942
115 545
25 667
178 707
105 32
207 717
92 257
218 878
269 937
291 492
181 229
130 857
188 270
118 323
153 762
128 78
159 563
144 761
89 63
94 843
130 331
192 575
166 65
8 659
36 620
205 712
72 989
81 287
124 945
248 912
161 659
179 124
117 995
270 868
294 803
275 36
167 742
165 191
91 256
29 136
64 358
101 48
106 91
46 248
259 789
263 281
26 68
48 343
134 825
107 907
191 280
185 157
29 173
269 996
80 920
282 373
52 247
230 852
21 920
2 55
126 31
1 592
140 910
51 250
223 330
223 78
160 371
203 570
297 204
46 881
76 390
166 944
290 605
263 430
236 202
257 540
49 420
286 152
2 26
253 565
55 640
6 898
30 51
163 506
204 514
236 867
217 633
216 300
174 629
97 198
100 90
200 298
30 149
205 536
25 45
286 826
129 471
198 368
300 288
146 582
150 198
176 546
65 547
241 756
274 567
100 614
161 446
287 17
12 615
159 75
97 730
2 915
96 270
3 4
9 657
215 891
263 277
126 355
171 289
261 136
218 446
2 857
72 116
40 810
36 835
289 653
121 386
91 850
161 140
195 417
15 914
11 896
76 832
85 39
268 311
274 200
291 373
25 735
251 44
161 706
212 576
124 977
284 267
173 31
124 288
131 694
185 261
96 958
73 218
271 904
207 618
293 838
241 813
99 198
284 320
57 299
182 161
7 342
128 877
199 958
64 858
185 764
143 891
196 384
42 87
46 230
219 334
151 714
21 292
16 755
233 722
71 963
246 426
168 908
165 662
20 738
297 46
284 689
231 849
235 532
90 99
15 132
116 580
240 780
39 199
129 399
179 390
224 787
218 598
265 392
86 576
88 507
149 871
264 956
211 631
250 539
108 29
247 685
296 290
137 702
184 281
70 93
195 894
204 934
262 775
113 838
7 925
96 837
132 252
206 407
7 174
164 749
49 973
239 827
29 309
42 481
249 951
110 91
198 807
233 184
138 26
69 342
84 326
174 327
155 571
34 265
167 541
279 338
21 408
254 730
264 372
219 957
239 990
127 646
240 76
139 133
58 590
149 769
71 746
67 435
200 379
99 308
284 261
182 761
228 781
21 462
165 9
185 884
158 343
154 305
224 409
12 139
166 176
107 884
196 195
94 362
140 414
241 431
208 117
80 976
2 279
228 882
108 438
83 878
233 25
75 449
262 849
197 920
120 366
221 390
283 271
72 719
197 336
263 207
138 257
84 710
253 726
173 945
57 891
204 100
168 808
224 504
10 778
116 418
71 657
283 753
30 428
103 633
109 133
271 282
198 627
8 391
191 100
62 565
169 408
184 583
201 30
297 952
282 111
294 142
244 470
249 365
244 885
37 891
129 995
240 173
173 632
73 933
176 239
160 320
230 372
180 884
35 464
117 579
264 27
65 363
180 930
105 499
236 876
164 193
25 59
207 364
104 819
43 631
83 87
12 536
286 954
175 614
289 272
280 89
38 797
129 57
257 98
82 961
60 867
103 96
84 784
274 397
142 777
293 280
205 936
16 462
80 747
167 37
221 482
228 955
146 712
2 689
184 148
246 105
237 494
103 732
287 87
203 514
139 862
8 825
219 662
205 382
122 677
293 82
129 61
190 430
60 32
16 970
166 403
69 542
252 420
208 882
238 345
219 788
163 105
83 1
239 296
285 374
241 588
260 755
153 208
5 144
91 683
7 185
54 297
77 917
87 138
274 329
124 70
223 74
92 970
111 35
193 386
55 220
263 966
91 366
277 398
205 560
247 675
256 144
119 920
250 215
236 850
12 946
22 837
81 10
143 751
67 116
75 544
132 749
152 743
198 637
53 194
173 571
60 205
41 65
213 105
150 192
293 100
251 567
206 41
292 66
291 220
185 920
282 597
203 949
81 303
33 462
112 344
38 602
203 770
211 12
229 654
17 681
214 629
153 178
37 236
191 252
188 733
263 225
102 455
148 422
71 279
185 366
226 445
237 593
121 685
35 723
115 50
56 367
226 864
297 181
57 470
81 492
60 656
237 83
65 458
163 680
59 338
228 489
254 586
300 948
293 862
172 540
279 249
291 591
246 287
105 51
184 125
147 174
137 486
294 926
127 114
135 230
197 35
148 409
276 409
237 930
295 101
135 323
185 806
177 786
229 511
104 320
68 969
284 318
254 989
72 936
91 264
267 520
246 174
49 99
52 227
163 617
225 609
90 526
122 683
55 717
254 18
284 696
287 102
144 453
62 57
286 807
67 1
252 824
189 188
82 649
15 467
280 155
260 836
202 324
190 158
51 150
263 734
216 595
40 491
67 582
149 710
287 135
263 989
131 567
137 900
233 76
72 414
27 717
256 296
286 503
242 128
131 698
98 651
297 972
95 671
107 54
140 346
7 353
8 73
159 724
251 311
278 515
46 873
144 528
182 250
202 600
162 58
140 932
57 664
67 529
191 674
33 90
234 28
152 973
25 628
203 428
254 135
127 902
45 882
156 863
3 880
15 786
204 295
150 276
136 60
205 749
119 34
297 583
55 682
155 697
286 258
7 489
231 710
83 662
164 228
211 218
197 279
159 454
78 600
277 736
235 583
74 117
70 883
13 224
99 428
24 112
233 757
182 408
110 982
141 462
8 449
220 460
41 367
249 465
265 736
104 880
50 210
64 686
261 125
20 4
202 410
93 704
158 231
10 261
125 340
224 591
199 549
200 537
108 685
272 174
288 687
157 431
75 215
136 285
79 360
152 870
160 270
33 916
262 720
196 64
244 68
256 456
169 577
219 607
85 888
232 143
278 594
98 781
254 736
18 240
21 625
249 14
166 236
174 523
28 185
215 773
67 169
247 271
277 211
222 950
187 815
174 489
80 123
38 975
85 785
201 886
92 353
219 60
148 183
263 237
192 472
279 928
265 195
75 314
152 585
184 769
127 304
34 395
146 651
209 702
82 291
134 608
96 125
182 74
237 917
217 125
208 603
165 816
256 832
49 958
220 212
205 938
155 722
127 762
201 654
235 92
114 837
293 487
82 248
66 123
258 757
149 210
147 427
106 623
228 156
60 67
138 819
102 491
124 761
17 683
68 664
221 2
269 173
47 776
33 632
191 704
251 747
41 886
220 141
84 22
118 657
194 900
147 220
190 706
129 795
273 488
45 609
106 949
106 325
36 188
222 820
69 390
70 571
256 452
284 584
111 635
147 481
160 113
141 571
162 253
194 114
278 593
151 76
249 822
186 89
228 803
173 270
278 877
53 729
130 866
83 774
136 320
7 804
56 299
9 37
184 433
22 223
274 472
226 250
177 300
265 97
107 118
290 247
216 584
121 376
224 711
151 700
10 724
133 986
98 793
299 154
192 671
263 912
4 863
222 231
168 305
280 110
290 442
180 632
59 155
128 48
58 578
110 584
234 8
237 214
171 68
287 711
142 998
84 78
299 224
1 725
208 601
247 743
231 123
87 847
111 712
135 688
1 740
149 804
29 185
47 533
155 641
153 72
60 340
299 910
20 883
241 563
44 817
45 507
290 41
280 821
112 855
101 136
91 271
241 489
266 349
80 757
197 73
163 36
96 621
159 624
154 297
151 5
91 703
65 728
246 686
140 260
138 44
109 954
104 437
95 733
154 334
30 904
125 448
223 213
32 942
178 6
39 82
205 48
93 276
183 269
284 820
265 380
62 978
162 308
224 36
12 687
24 866
140 345
232 831
70 525
97 338
202 69
173 931
211 382
147 79
80 440
77 866
92 877
54 387
230 703
198 428
123 801
285 77
56 949
81 161
227 916
169 143
105 859
122 785
243 642
286 407
230 538
293 573
6 385
260 10
210 460
102 76
248 437
104 600
292 717
295 635
37 307
66 726
103 716
85 332
186 662
100 24
109 360
181 231
94 1
277 871
56 240
111 170
44 427
198 302
194 482
7 125
18 686
1 486
149 919
8 13
142 106
219 331
125 704
298 790
37 521
72 485
236 660
244 812
112 399
160 164
173 333
137 648
13 226
20 765
153 355
179 400
152 496
66 190
15 306
239 705
117 970
40 897
210 706
126 739
61 655
28 924
251 486
83 16
67 61
195 129
255 260
156 382
193 980
8 984
198 59
12 582
38 698
57 851
137 842
87 382
24 243
181 656
198 726
111 723
282 862
270 299
221 447
58 987
12 564
281 708
106 75
102 805
282 840
252 315
282 802
190 743
216 3
285 730
1 870
267 397
35 236
115 808
48 187
264 795
14 402
28 72
164 432
254 612
136 356
294 369
164 329
277 397
154 981
203 345
79 737
136 111
235 669
124 372
183 519
238 881
110 685
262 789
157 332
97 937
13 677
272 181
192 855
218 127
137 488
246 672
172 681
194 484
221 467
287 730
1 980
67 46
265 528
62 78
111 321
