1400
24 524
63 350
179 320
164 922
242 605
307 455
132 951
33 108
175 595
198 444
50 684
322 137
212 487
174 208
218 57
201 135
279 861
52 441
195 705
117 745
107 464
5 761
281 348
196 444
270 656
82 163
305 967
224 204
236 105
282 342
206 950
251 17
161 647
198 709
320 953
201 43
61 990
195 477
146 451
155 376
338 781
307 284
49 803
197 267
30 112
122 517
229 942
315 12
88 176
307 565
322 898
346 759
302 847
150 1
185 463
170 681
329 85
152 95
137 795
122 599
320 226
152 884
122 31
142 900
343 202
242 282
221 780
321 750
302 83
249 824
36 893
182 463
342 77
243 725
268 440
1 449
103 541
217 534
258 546
289 65
332 837
99 348
38 15
81 121
66 923
142 356
188 230
235 466
92 240
222 319
268 433
258 354
291 185
291 922
184 651
329 127
319 154
314 391
124 714
80 396
222 538
88 203
50 904
265 808
186 928
92 366
39 891
217 563
84 76
173 418
226 901
266 714
33 999
163 445
221 732
234 242
120 903
44 887
268 267
235 647
57 342
237 20
122 728
54 552
329 981
11 94
233 743
188 818
149 682
270 418
233 363
170 443
182 148
74 230
75 942
79 550
239 422
98 9
350 449
28 785
98 706
135 470
214 846
350 58
211 449
294 556
99 967
122 498
51 949
161 687
294 426
166 653
19 260
240 499
114 859
222 788
23 502
343 766
164 799
149 183
279 756
307 523
262 456
157 374
23 42
125 277
296 992
176 13
296 275
89 587
119 971
338 195
66 341
85 493
282 319
55 219
34 210
312 755
235 658
100 231
265 713
194 111
316 865
118 386
74 716
340 333
44 403
332 148
122 822
131 277
299 442
90 183
94 429
62 47
231 386
272 285
89 936
18 756
265 166
235 786
130 153
121 980
128 260
192 863
21 260
263 707
275 916
133 94
287 915
259 541
61 659
346 889
202 15
174 159
7 47
69 424
324 321
297 498
206 915
82 749
188 330
99 95
349 675
194 628
326 741
129 344
223 901
264 838
129 684
86 157
55 356
61 694
308 106
21 113
205 563
82 923
100 788
297 755
124 687
309 596
91 909
15 722
12 660
169 881
61 715
119 257
128 52
259 557
277 894
133 131
52 837
300 363
145 550
142 220
250 785
133 710
231 747
133 257
47 581
39 721
213 796
206 472
98 661
338 738
123 777
104 261
260 310
350 364
218 421
200 490
14 576
334 802
3 966
66 51
17 263
7 666
36 298
185 84
235 323
273 101
128 378
7 136
72 754
41 28
90 455
133 496
70 524
126 953
52 238
54 960
123 857
106 672
332 454
117 314
349 364
34 720
120 159
223 392
125 504
190 748
219 374
187 746
229 32
120 826
194 407
300 853
41 217
323 274
182 69
196 648
208 113
248 156
271 259
146 915
110 890
157 934
91 770
35 990
51 955
65 524
39 96
42 551
118 66
301 349
74 67
82 966
315 897
256 56
267 233
268 609
269 280
172 171
247 102
317 773
79 862
324 83
304 811
10 96
14 818
1 769
246 681
326 320
321 594
269 523
175 655
39 146
156 312
315 827
188 68
332 890
1 827
300 375
300 925
19 429
107 400
59 363
329 234
214 540
81 592
228 302
140 856
90 732
243 566
15 760
162 436
87 294
267 453
108 793
68 942
273 731
264 555
165 543
226 121
73 737
14 528
206 319
101 858
248 638
337 853
270 609
108 626
45 890
247 674
85 764
315 271
284 550
150 666
274 600
84 894
323 953
325 108
290 875
346 252
208 440
58 337
169 702
96 495
157 635
307 573
84 43
19 660
189 178
138 608
37 112
173 95
211 112
307 888
264 543
220 85
103 981
48 729
38 441
54 503
152 463
332 548
341 847
210 254
209 953
93 292
59 577
4 643
211 96
64 433
48 452
240 537
163 99
23 228
271 357
238 119
1 872
139 993
157 704
324 847
255 259
135 12
75 826
235 83
302 642
251 8
154 841
121 116
75 758
36 824
53 72
310 135
197 316
298 752
46 842
193 14
158 733
9 349
197 116
175 840
296 506
183 672
172 481
201 143
323 201
7 683
164 205
55 737
261 987
194 66
322 622
4 585
168 485
201 155
218 535
233 395
68 235
315 268
289 573
30 780
78 377
212 597
134 712
62 426
305 189
127 67
255 706
54 364
206 584
218 137
264 379
257 636
289 113
80 309
343 231
18 124
25 821
201 80
231 58
320 369
95 353
316 832
207 357
202 27
338 562
54 281
212 778
38 356
69 614
310 321
200 127
219 239
28 684
267 265
348 840
237 733
215 497
8 187
52 659
337 356
122 969
345 667
325 363
32 474
305 327
312 993
104 190
230 53
210 862
211 259
93 762
33 681
26 139
294 374
84 746
156 438
277 156
5 120
281 421
200 214
257 989
251 403
281 489
307 250
112 942
173 274
89 55
182 173
250 245
313 60
105 161
120 639
258 150
173 295
90 11
290 180
327 924
160 642
69 168
77 73
196 353
1 746
209 681
170 334
119 393
172 354
234 106
309 396
210 813
242 853
314 958
78 754
168 919
50 307
101 27
78 589
132 902
321 60
147 796
236 152
249 181
320 22
35 738
201 108
278 28
41 632
289 535
14 111
167 979
234 249
3 793
5 595
105 891
324 192
108 950
212 880
343 276
31 80
259 33
210 655
1 614
170 942
334 694
334 153
125 408
196 666
121 94
299 645
97 742
175 694
58 152
319 117
171 150
161 478
193 129
85 784
194 933
10 228
152 546
226 245
249 569
269 102
62 999
233 551
292 941
290 658
21 80
254 248
344 832
295 372
309 225
127 702
174 281
328 442
29 149
41 865
333 703
61 550
193 72
338 42
142 378
192 207
2 722
317 688
267 528
158 200
319 369
215 980
334 583
64 156
178 917
250 15
330 727
184 288
122 342
328 388
146 683
40 563
228 31
198 112
125 326
195 961
91 2
242 256
163 562
35 805
118 449
9 955
293 439
88 773
263 998
249 374
338 998
47 600
217 241
345 745
342 14
199 987
149 480
276 712
138 139
219 843
100 668
213 298
25 969
230 931
114 294
164 407
38 235
10 933
292 801
210 64
263 484
241 127
116 605
105 451
123 535
109 670
143 185
242 453
2 792
22 645
300 111
262 904
75 602
198 152
216 956
122 374
168 435
170 125
137 961
215 820
276 126
336 77
258 791
226 746
161 233
23 270
159 827
272 850
9 283
158 808
21 767
345 875
231 139
249 970
342 233
200 468
185 157
46 68
253 634
323 822
171 778
171 308
224 572
171 271
156 213
232 894
280 499
337 74
136 562
119 864
128 689
338 16
218 46
234 388
155 321
289 58
13 885
269 966
87 405
140 687
7 674
20 320
219 161
60 240
100 521
156 570
236 418
130 808
137 167
320 819
209 752
87 383
109 784
216 618
187 176
19 362
59 562
79 528
5 696
89 652
251 673
159 667
141 743
30 702
174 544
174 660
192 678
209 440
136 878
348 128
228 106
217 141
67 186
301 963
261 136
109 250
185 292
183 62
347 449
253 987
83 569
249 544
287 6
144 864
47 337
262 194
314 818
35 636
148 636
52 74
120 21
162 671
41 883
178 306
178 560
32 857
143 950
112 530
23 85
75 560
95 144
256 587
166 235
282 283
282 657
329 462
38 622
253 316
78 743
347 627
334 499
208 669
28 836
116 672
279 964
201 886
46 500
321 634
176 883
195 623
344 553
82 539
8 927
42 953
104 726
16 190
51 568
195 232
132 991
282 551
115 325
237 237
255 163
64 894
140 359
109 975
72 962
193 423
211 109
214 812
92 870
58 166
253 605
120 357
215 507
289 788
240 793
98 754
54 786
53 261
309 464
332 988
176 541
273 78
69 445
141 502
14 109
101 467
55 357
279 349
228 281
318 205
256 131
146 326
149 765
273 990
224 663
255 442
142 499
155 220
21 289
198 957
184 789
247 695
291 314
264 123
225 487
264 156
222 556
290 215
75 489
36 812
333 456
172 99
45 146
220 1000
237 874
239 425
36 296
256 295
102 803
190 112
50 356
2 717
309 984
62 594
34 985
121 325
195 484
245 261
297 975
284 535
2 956
242 15
182 59
109 164
193 24
83 968
31 991
180 330
321 312
16 274
285 609
191 111
332 982
268 290
112 550
46 40
198 572
157 233
166 153
274 213
10 272
177 764
6 895
296 895
25 662
249 152
219 484
279 600
119 71
344 564
213 683
22 43
172 676
37 922
51 938
137 542
339 667
144 171
221 808
111 989
323 904
226 785
206 564
228 903
183 447
118 748
33 748
223 183
195 795
39 512
83 211
127 171
21 244
325 575
25 28
287 907
213 1000
106 957
89 126
109 351
300 542
76 622
339 437
184 250
93 342
26 534
176 918
301 41
67 997
70 804
277 43
130 81
96 761
34 962
181 62
137 583
27 617
280 78
46 227
39 186
57 328
289 46
315 697
207 828
4 688
95 421
151 515
226 486
52 614
149 838
84 253
283 313
38 488
263 462
164 389
310 308
141 388
127 591
119 885
150 694
304 463
309 135
231 118
312 137
35 917
265 494
142 738
263 105
114 296
48 318
127 409
204 939
262 56
225 569
104 852
64 340
338 142
125 430
28 343
16 235
234 134
265 893
87 300
327 101
303 763
10 939
215 372
55 63
271 719
239 151
230 29
332 377
307 525
301 590
182 945
34 680
72 766
18 559
86 289
277 921
61 483
155 600
304 282
100 492
283 154
296 607
261 491
121 123
281 380
251 725
263 244
8 624
7 714
107 105
160 301
155 810
85 397
333 888
258 52
322 406
59 332
57 813
274 311
242 915
233 777
154 569
225 238
160 278
46 407
195 118
329 492
320 237
241 925
166 501
156 44
36 442
121 761
27 817
50 154
141 751
210 754
212 109
202 302
49 103
285 465
90 769
96 722
253 684
221 197
179 721
339 662
93 958
38 71
33 509
142 874
215 934
182 381
302 155
338 735
257 306
252 274
238 847
52 972
67 576
78 440
36 790
287 45
299 219
61 531
178 505
191 928
271 263
207 196
108 71
272 917
136 872
250 618
185 19
29 658
8 683
257 959
52 187
183 410
157 227
167 319
122 223
316 668
140 642
231 836
20 578
233 34
310 355
205 887
59 22
38 367
74 975
196 129
252 882
300 245
290 682
212 348
341 551
50 686
160 878
47 482
107 156
157 567
163 809
220 322
348 109
225 179
20 891
61 719
12 434
193 512
194 588
350 666
249 143
146 830
212 108
29 152
310 721
229 277
38 733
160 832
40 452
268 749
95 24
172 531
158 832
100 369
149 445
180 20
275 72
228 934
292 221
116 473
312 936
95 434
20 711
49 42
208 22
146 462
286 904
256 37
216 420
61 321
120 834
246 50
339 996
250 766
248 65
23 967
214 832
99 502
42 13
97 5
174 148
287 951
106 659
316 973
160 325
45 683
87 523
1 19
270 574
326 187
151 807
97 182
9 88
170 491
160 593
238 202
57 302
44 124
178 523
350 786
226 125
260 996
185 955
230 45
5 271
195 665
81 879
173 759
328 975
335 591
245 381
264 281
78 294
27 408
90 996
211 154
214 496
114 131
239 792
342 513
222 11
87 160
97 118
156 761
45 935
162 495
275 588
54 973
346 465
191 219
350 729
101 398
347 165
191 142
290 932
138 336
206 915
292 32
327 978
204 789
88 412
310 899
271 397
43 682
270 358
241 348
58 765
25 881
332 976
256 791
93 589
255 242
80 307
28 800
214 312
151 209
180 381
345 452
255 366
155 137
29 87
133 837
151 32
221 167
280 365
244 574
230 35
269 462
271 371
174 627
8 783
146 91
119 402
251 998
145 222
189 142
188 972
1 228
318 741
126 327
277 115
195 731
74 222
94 151
90 438
221 539
316 48
54 373
349 513
348 261
52 92
106 363
281 578
104 152
182 388
59 202
283 626
250 942
323 432
60 140
315 54
192 154
309 747
87 207
168 244
87 706
320 577
300 674
155 755
101 313
231 919
75 310
194 99
344 799
188 382
313 122
1 547
15 842
330 287
160 174
245 337
328 387
310 467
120 425
339 951
109 372
142 163
30 870
340 87
164 896
80 662
202 854
35 780
171 985
82 292
85 925
17 11
56 233
14 139
132 732
191 455
146 334
328 49
191 83
146 302
29 199
180 428
261 767
287 619
74 317
234 579
244 687
82 171
330 286
179 367
71 201
72 899
234 711
136 129
205 649
305 831
63 825
236 411
187 764
112 727
244 652
81 941
159 591
97 422
267 82
346 692
287 16
214 974
181 197
38 806
169 290
