1600
209 466
335 554
6 494
317 870
112 557
375 88
242 579
255 728
189 236
126 414
258 325
55 338
132 906
53 154
322 851
333 235
72 302
46 491
25 613
95 299
180 563
36 622
14 747
327 186
391 627
374 953
126 3
154 188
319 133
21 933
124 662
57 174
170 743
359 444
147 116
204 134
63 89
400 754
269 36
177 232
215 54
381 250
50 806
8 49
113 466
334 457
96 652
18 409
68 644
347 872
292 131
161 106
18 9
257 911
339 20
199 396
106 901
224 485
158 357
316 496
155 182
17 27
389 706
194 1000
127 956
3 137
358 913
286 601
369 138
133 849
4 811
288 429
56 913
359 53
337 126
339 107
156 516
221 737
150 35
236 827
332 826
105 963
246 558
219 310
252 706
275 179
6 382
156 975
139 148
347 164
153 109
333 595
183 840
267 787
353 521
100 69
176 621
14 565
351 286
351 594
377 511
293 716
19 691
371 788
159 871
387 395
145 166
337 930
220 220
126 561
193 665
300 990
346 936
301 586
359 939
208 277
164 483
350 1
196 286
41 996
43 53
133 769
324 162
61 160
127 248
374 29
135 361
238 989
235 987
109 114
174 532
262 494
265 190
194 550
150 118
249 59
369 865
99 514
348 778
19 73
27 868
344 371
279 384
180 976
345 632
349 363
127 902
272 754
142 688
296 534
20 706
396 188
224 986
341 444
205 998
301 336
126 290
302 94
237 689
17 680
273 592
134 25
214 419
375 303
46 880
101 839
135 266
176 304
237 57
332 326
304 332
134 511
6 862
379 109
244 767
53 75
88 827
238 797
81 766
246 812
378 189
89 310
39 456
363 527
106 80
330 935
35 785
272 470
367 772
60 743
93 798
174 602
136 306
201 787
153 585
135 899
296 853
386 9
127 235
115 525
89 601
230 464
177 676
141 432
354 765
34 818
147 241
257 478
73 734
317 376
110 68
345 790
325 502
10 747
253 66
101 998
82 942
369 706
347 737
23 839
299 20
11 293
44 583
161 344
341 177
238 660
15 135
107 150
315 670
251 616
168 52
324 173
143 920
134 358
252 985
206 701
154 313
366 766
346 981
267 433
124 629
264 975
70 987
136 22
280 169
293 636
229 785
293 261
339 237
304 287
252 239
192 346
237 84
93 975
28 76
44 85
83 289
64 253
365 899
113 975
90 455
221 222
27 900
280 201
340 442
255 786
302 788
127 250
195 170
261 555
240 766
316 470
107 749
24 402
385 741
113 436
201 48
8 81
221 705
359 213
53 757
42 901
56 305
368 535
276 718
299 459
274 467
376 316
52 385
59 571
95 317
139 589
41 798
121 167
396 593
142 868
6 212
27 936
72 744
45 168
136 762
109 297
213 418
339 492
120 829
282 589
204 938
307 161
144 159
237 7
364 892
372 984
178 806
358 250
37 397
270 775
41 95
380 403
289 288
313 172
9 163
28 923
355 923
350 222
336 86
20 152
168 678
208 40
138 880
353 802
59 586
388 18
173 990
229 927
222 302
147 915
377 422
13 810
117 771
355 98
198 795
107 513
178 792
227 817
73 99
148 452
270 563
175 396
64 953
204 894
252 745
172 422
131 793
6 857
8 401
308 193
25 8
196 711
311 41
53 203
240 354
86 781
331 298
47 548
80 303
28 388
127 28
380 766
81 824
29 190
215 799
384 515
83 507
342 736
228 924
20 129
226 778
391 194
264 537
390 144
173 802
388 496
33 657
347 57
206 834
326 665
164 258
226 937
141 14
230 506
56 733
391 270
165 11
381 742
311 43
253 855
338 951
320 816
89 702
80 232
294 70
17 926
195 300
392 815
31 529
34 702
294 429
15 547
98 542
292 143
321 498
274 15
282 546
259 807
6 544
315 43
51 470
207 182
330 607
224 47
388 742
349 344
238 878
362 883
395 472
239 988
91 882
246 120
200 694
271 369
96 384
340 772
76 82
373 670
119 327
2 756
250 417
158 477
20 379
35 478
252 251
319 50
190 711
375 29
155 917
256 111
328 887
396 549
342 958
15 582
249 861
49 788
65 829
140 505
229 476
277 502
42 557
193 5
81 207
321 653
43 791
117 986
38 132
298 29
180 615
102 988
84 136
291 549
236 751
309 727
20 895
5 4
395 86
397 518
160 982
7 1000
239 858
257 691
111 881
270 321
320 994
87 789
205 593
234 816
206 601
258 497
133 971
202 66
337 789
170 265
394 927
251 29
74 445
397 72
141 334
40 809
286 419
127 527
335 533
236 962
302 808
55 344
347 562
19 940
135 135
349 489
376 703
278 94
252 140
106 137
305 833
182 21
172 411
82 226
149 330
296 805
87 267
138 57
132 41
340 754
241 359
344 674
270 796
261 631
109 2
313 658
1 586
281 551
190 675
148 279
74 521
158 235
171 753
34 108
267 352
172 114
33 492
322 885
11 73
163 447
181 712
170 92
359 151
151 954
212 28
292 996
212 412
29 804
142 217
191 854
179 185
261 38
22 321
269 460
172 714
199 877
214 496
100 900
224 606
104 728
16 660
258 796
291 467
265 99
385 512
349 464
83 391
65 423
109 384
264 596
302 350
163 115
81 401
113 314
373 635
184 489
288 844
110 44
12 984
64 801
269 448
118 173
395 426
209 902
291 206
131 274
100 325
64 720
328 889
115 629
336 920
161 241
304 806
66 539
21 855
40 636
248 352
119 773
43 49
21 918
245 559
57 793
6 969
306 178
197 393
45 470
242 366
303 176
256 728
7 598
273 297
282 512
21 106
4 199
24 209
283 916
316 851
36 453
176 645
268 95
4 163
132 405
314 429
206 815
216 288
16 429
112 866
55 531
151 803
248 169
28 578
229 485
37 15
339 720
57 730
45 285
2 132
44 194
131 414
34 749
212 962
130 686
308 238
391 286
133 912
33 756
281 949
137 968
12 777
114 462
31 31
202 511
362 987
389 830
147 868
221 581
209 819
265 774
200 41
381 940
383 758
34 4
286 908
367 391
14 179
377 467
183 857
194 337
365 839
383 773
267 370
70 541
166 575
109 355
338 884
172 574
326 321
284 933
343 632
325 262
340 618
90 642
205 618
186 160
220 840
74 810
199 787
188 267
121 645
17 229
336 274
382 869
385 660
112 16
363 942
296 705
308 111
1 257
207 284
275 887
383 266
147 293
338 464
34 534
282 367
4 399
324 946
400 881
190 381
258 103
346 319
96 202
14 499
57 732
272 986
332 860
200 214
257 446
177 342
336 634
303 991
206 259
224 380
89 856
396 707
380 377
68 744
131 585
337 529
156 698
227 182
33 71
96 452
208 466
79 787
235 694
349 288
49 300
106 971
268 406
134 297
269 571
294 391
343 928
64 969
388 86
207 214
282 575
281 953
363 16
54 575
236 512
126 741
224 91
76 756
228 923
47 533
240 424
110 900
50 254
196 1000
343 980
165 869
329 695
23 931
1 712
337 529
187 230
208 335
98 306
240 510
317 330
339 838
11 238
396 643
280 231
152 618
71 227
20 213
144 778
211 744
347 79
111 665
291 815
138 904
141 445
29 431
400 51
325 975
357 184
269 425
240 690
129 532
214 491
382 834
98 420
201 931
64 374
323 992
123 981
375 781
380 530
384 563
43 778
86 383
290 93
81 41
302 160
232 121
179 645
396 814
368 145
332 658
270 382
67 99
22 256
240 763
268 883
2 38
394 557
272 420
111 672
284 775
383 592
324 745
374 426
223 131
163 583
301 822
77 14
280 614
298 247
255 878
268 391
70 129
283 123
21 171
119 483
146 884
51 558
177 715
83 670
302 866
55 385
151 942
297 661
379 620
126 284
242 805
58 716
233 143
119 595
293 490
277 109
244 642
351 84
109 479
390 824
39 896
106 993
308 107
350 285
178 862
240 344
186 699
277 100
234 951
269 817
7 236
212 380
265 712
136 878
250 348
356 8
313 788
172 209
84 510
232 275
19 208
33 437
391 949
167 544
149 658
29 544
151 770
25 156
90 870
29 680
37 288
47 683
208 954
161 155
29 108
307 372
330 956
136 608
167 569
107 166
149 556
150 458
290 656
368 349
353 164
380 690
146 381
107 565
158 596
270 30
23 63
326 265
41 391
259 332
266 711
1 956
66 686
287 596
331 530
316 127
3 615
391 251
56 992
25 578
397 513
392 653
376 27
167 586
399 413
324 109
199 318
76 769
320 21
232 607
151 209
254 66
150 110
83 362
71 155
362 199
18 487
384 227
194 643
339 477
22 553
284 813
40 648
400 778
279 138
102 551
156 593
152 296
351 5
383 388
113 282
380 231
131 639
106 757
372 531
8 489
3 385
111 776
259 614
299 63
118 936
325 985
232 295
111 476
312 534
92 733
176 563
82 451
74 950
66 726
300 940
134 115
75 236
9 805
182 987
180 645
274 19
149 530
144 30
331 994
281 550
234 304
364 449
30 605
257 871
329 212
374 374
282 59
137 760
393 901
96 924
386 57
28 105
94 457
245 415
74 46
112 956
323 937
102 135
148 334
125 428
8 432
347 198
293 316
196 849
243 274
362 837
379 225
296 632
366 326
69 117
351 613
68 297
22 782
312 309
150 91
101 578
249 882
126 792
370 804
300 522
170 248
65 154
324 117
373 806
346 19
130 397
235 851
31 830
298 574
155 792
125 393
168 995
10 791
88 558
316 422
397 109
279 897
243 113
335 87
167 362
322 831
261 276
106 96
85 354
175 433
272 496
210 606
283 122
226 875
99 101
43 157
248 688
262 675
229 714
56 876
212 356
132 216
192 311
210 225
4 5
174 95
203 816
70 387
397 601
155 813
141 402
119 140
264 979
213 768
355 921
309 43
4 144
108 486
233 758
152 71
204 97
16 671
50 379
271 210
82 945
187 910
193 958
359 37
308 149
240 1000
204 81
352 914
390 525
164 460
14 550
270 752
84 583
191 530
200 508
144 17
351 433
298 766
270 806
275 786
153 467
257 685
398 966
276 226
366 980
338 513
192 529
1 110
2 288
333 213
179 581
21 426
370 777
109 382
257 583
1 558
114 712
284 132
41 572
76 211
334 964
358 113
66 486
387 988
77 881
183 999
73 120
205 104
222 902
43 757
133 947
34 148
359 538
354 872
159 846
67 161
127 243
370 562
145 734
145 870
103 752
305 138
122 44
286 882
354 513
322 343
170 243
352 653
156 482
359 964
184 275
5 948
87 981
174 53
190 440
111 713
315 386
211 144
152 839
314 638
122 683
360 150
139 485
90 516
313 866
57 569
130 914
63 129
125 764
228 865
348 819
194 543
368 442
151 350
199 682
72 551
171 588
261 762
196 183
235 885
72 913
165 599
271 64
350 944
328 832
138 320
45 103
297 780
356 564
243 151
280 985
226 638
337 301
267 612
275 673
381 139
350 160
126 260
119 279
176 450
108 124
62 184
57 899
289 845
107 675
144 869
14 619
190 282
272 254
326 477
361 159
97 324
108 880
158 181
302 812
211 971
81 720
368 862
315 409
384 329
366 850
276 250
234 111
5 314
24 925
71 994
275 970
290 747
145 731
3 397
275 984
29 788
114 324
220 93
213 247
266 705
354 246
42 618
267 493
155 281
137 45
300 454
344 382
1 575
92 3
316 891
317 535
166 892
118 319
125 850
311 728
378 571
243 652
8 815
135 463
185 440
1 901
66 495
59 231
173 410
104 200
72 466
6 937
226 676
130 249
180 321
382 793
59 462
43 432
160 69
60 117
17 830
301 541
121 831
356 302
164 809
141 975
110 549
19 615
381 917
63 358
111 720
222 611
181 18
344 207
362 456
57 888
135 372
37 172
348 167
229 770
100 640
211 286
181 897
391 116
194 430
400 229
118 492
285 369
158 182
73 15
151 531
281 210
116 427
391 171
55 325
177 664
189 244
42 443
218 310
380 761
223 855
331 715
349 16
323 184
183 830
244 166
25 732
151 224
182 688
371 806
51 485
44 832
228 169
86 672
24 620
280 96
364 157
397 891
213 172
136 832
330 149
330 950
203 373
79 200
101 724
387 864
31 315
261 294
155 762
99 732
87 849
134 12
175 55
392 974
274 572
371 586
31 502
105 516
279 774
330 156
182 309
338 800
361 742
61 51
251 891
42 628
29 479
382 64
11 923
68 989
221 776
323 287
96 66
211 216
45 453
103 216
375 109
184 265
74 317
379 785
57 630
46 7
89 554
47 866
73 508
308 470
387 246
341 986
380 374
370 89
164 973
161 357
133 1000
58 132
127 958
321 985
258 245
152 235
364 827
184 580
28 663
353 20
372 307
277 857
140 487
143 892
243 444
270 323
274 640
187 184
329 838
225 133
88 3
33 294
105 828
272 770
240 436
392 875
117 138
147 262
290 807
232 687
170 239
217 695
318 149
47 405
89 525
177 366
142 153
215 864
288 5
369 289
2 735
60 807
208 473
103 668
120 605
120 673
56 793
328 949
37 360
72 884
305 539
75 372
66 76
107 801
326 764
390 43
145 52
323 127
13 973
183 268
350 295
291 112
5 523
280 652
233 823
116 32
255 162
90 504
21 354
117 954
179 784
295 192
218 316
112 474
59 807
398 880
125 367
222 295
389 543
298 447
172 663
169 883
143 389
140 20
400 395
113 364
386 157
245 163
228 728
397 377
169 5
69 827
206 118
222 296
186 404
178 399
172 210
2 331
27 552
202 577
41 837
364 951
342 585
109 287
271 737
307 655
250 135
354 664
207 358
98 993
39 69
363 644
363 661
175 569
24 323
170 81
18 91
99 425
318 364
236 364
82 385
279 739
304 141
99 694
172 49
252 893
40 394
64 496
98 186
95 468
263 284
194 166
2 97
281 329
382 566
189 667
188 117
229 622
156 309
112 507
136 742
19 240
11 193
388 576
130 749
237 352
301 45
300 213
80 62
251 794
24 555
13 539
145 803
99 378
185 452
130 179
217 420
206 756
111 617
274 936
251 544
163 103
92 194
47 188
115 564
253 319
208 940
217 728
28 608
194 79
128 30
359 475
326 421
336 864
228 786
162 10
169 600
46 916
283 617
8 899
32 742
25 159
176 934
399 480
31 754
303 236
109 845
54 682
38 954
142 907
7 623
254 388
124 634
62 30
255 998
31 441
357 508
62 704
64 605
216 468
23 609
255 928
40 207
188 132
88 844
373 651
202 595
235 873
214 120
126 250
139 110
370 856
103 842
264 233
43 946
