1900
166 276
349 404
465 383
22 397
14 313
223 53
144 61
335 174
355 604
103 704
452 168
291 192
15 685
132 469
436 449
369 395
197 503
308 878
256 701
416 677
278 683
128 391
330 321
32 280
259 547
187 360
53 570
211 228
348 939
183 887
214 270
218 747
25 873
139 477
332 308
54 150
407 790
335 754
379 497
443 86
396 268
338 56
393 667
127 251
134 319
420 968
201 423
275 784
146 190
27 610
194 136
126 911
226 108
181 705
88 441
460 827
153 676
132 386
51 313
375 448
226 910
71 428
361 779
96 351
272 338
430 623
298 722
189 4
197 360
303 769
412 315
189 861
468 690
61 854
319 54
382 251
155 216
88 620
373 383
416 792
147 726
416 121
139 758
218 721
86 389
275 500
278 871
119 20
72 113
287 334
159 265
267 489
346 190
276 870
170 363
249 305
474 560
152 848
67 705
368 211
421 797
376 674
446 935
438 161
276 442
329 408
111 745
292 131
105 661
391 797
226 936
342 755
263 884
125 243
230 650
251 678
235 593
312 320
436 680
92 326
54 332
390 692
138 603
273 215
187 312
70 817
72 437
37 509
72 982
363 184
117 325
415 463
417 288
350 266
451 889
270 403
434 534
30 534
335 928
3 856
357 120
336 562
395 582
174 518
447 207
234 860
394 700
290 13
123 604
219 145
291 315
278 543
155 510
143 82
232 539
438 581
97 119
354 352
12 274
42 848
2 107
315 432
122 671
304 482
65 682
33 84
115 971
67 101
81 415
237 128
49 760
73 626
399 621
192 253
206 107
321 664
354 257
347 588
376 7
11 445
128 349
50 294
464 940
441 499
356 322
319 486
453 265
192 447
352 576
33 207
203 507
194 385
170 845
391 451
434 581
248 441
110 416
151 426
433 249
180 558
156 653
239 129
423 781
229 375
291 800
207 472
390 841
407 462
93 639
254 130
102 89
150 986
396 486
284 847
56 196
426 167
432 668
6 393
242 639
427 912
281 900
136 961
282 697
371 165
145 225
447 969
262 896
59 177
1 677
437 349
126 875
381 311
386 152
458 559
147 83
93 72
350 162
81 515
266 301
392 655
134 868
335 936
152 979
20 676
133 542
208 561
439 247
472 427
19 950
409 900
295 197
199 372
464 776
213 564
150 711
156 27
355 780
418 537
235 169
13 174
16 938
279 424
436 446
84 252
395 932
433 448
224 885
471 949
202 38
237 881
426 718
41 947
371 989
185 176
109 290
6 310
417 279
411 959
283 603
4 29
29 865
340 896
348 132
262 873
94 728
91 282
446 319
271 217
22 726
74 953
413 159
456 1000
219 575
314 854
364 313
45 393
375 410
301 945
334 815
329 119
394 269
146 395
255 446
90 353
299 817
411 808
443 731
107 357
211 193
469 850
130 34
53 143
284 324
413 567
104 564
339 19
328 561
436 226
384 677
401 16
469 168
192 125
152 132
239 366
174 825
354 42
328 293
29 353
433 484
267 462
101 355
12 366
62 191
435 835
316 937
262 155
309 581
8 852
225 72
25 721
154 321
41 887
354 484
375 507
103 139
328 627
201 25
289 337
405 587
419 517
217 851
158 259
358 186
111 907
455 170
41 259
136 225
255 356
281 476
424 843
22 18
439 402
288 549
410 913
232 307
210 912
328 11
358 572
77 693
252 694
105 550
453 1000
184 134
252 505
470 574
7 124
278 159
93 890
171 795
148 993
88 644
353 204
170 233
231 632
190 73
160 366
164 429
83 64
305 229
39 802
133 973
431 751
110 450
269 886
262 547
146 621
153 949
82 840
335 635
413 708
430 498
188 466
430 339
200 167
203 512
197 92
203 438
154 217
338 823
403 554
88 770
406 545
156 799
449 211
442 548
58 147
15 259
459 917
76 889
332 328
446 318
35 519
375 253
29 832
265 927
317 965
346 201
459 13
413 327
128 948
52 421
415 154
292 602
403 329
341 495
100 9
338 784
340 460
95 433
280 606
9 677
269 525
452 584
160 918
5 756
391 955
58 820
228 724
293 49
170 738
414 308
170 98
65 701
307 697
228 111
377 21
343 126
133 99
441 572
182 980
161 379
432 536
242 39
331 241
417 734
31 960
403 863
76 503
22 569
247 730
102 925
251 536
126 965
414 605
49 932
143 293
396 122
194 16
106 681
272 50
193 984
223 421
4 206
61 951
447 680
295 5
389 395
204 971
78 713
348 109
198 626
360 629
195 875
283 400
305 482
130 273
222 112
265 6
407 514
266 929
191 705
235 265
131 333
105 628
195 950
183 135
342 898
387 858
63 38
363 176
79 94
405 302
57 814
195 972
356 183
440 616
86 835
68 854
472 179
331 506
459 956
211 712
262 532
155 858
406 456
126 641
447 115
473 707
29 389
41 831
454 597
467 801
162 790
431 118
108 761
231 881
334 879
450 563
343 448
126 170
295 190
447 460
29 607
256 205
263 533
371 362
108 62
283 975
162 845
412 883
186 80
171 235
410 580
123 364
206 359
413 725
307 381
137 490
9 810
222 620
284 888
158 864
442 662
194 20
379 867
108 865
188 203
431 755
416 783
246 431
397 334
474 294
449 298
163 275
431 241
39 957
177 596
208 646
381 803
446 113
396 354
229 335
21 739
339 27
122 244
291 106
60 270
329 538
464 415
471 671
175 151
398 43
400 64
254 327
173 465
375 117
395 671
386 54
424 264
163 209
297 421
55 935
457 282
246 836
311 565
192 641
153 652
47 74
190 454
102 94
105 529
130 445
221 542
135 341
367 614
332 444
283 589
57 822
147 938
416 926
84 699
366 274
454 80
400 520
181 17
215 156
111 790
454 421
309 838
401 749
100 945
117 928
13 359
84 579
346 432
416 586
80 777
354 968
156 160
319 255
87 721
153 674
123 538
468 98
407 736
441 959
151 166
197 346
340 652
276 234
308 488
158 454
162 87
341 755
197 544
466 138
295 57
15 582
274 697
369 460
92 125
434 855
368 963
398 899
237 597
191 544
207 978
71 924
275 854
281 512
223 988
44 484
431 487
470 81
447 534
357 729
355 432
102 699
429 110
425 794
307 795
152 849
295 746
348 927
196 921
99 440
429 836
326 703
51 17
252 813
15 173
468 82
18 461
176 832
227 256
75 494
17 979
422 767
232 357
329 59
240 401
330 905
299 436
272 147
142 374
262 885
85 704
284 303
473 850
147 272
139 147
186 906
168 689
321 866
205 908
27 219
9 565
172 764
232 256
361 544
409 573
141 481
19 878
473 887
254 888
126 329
214 697
175 965
325 920
149 703
447 963
267 195
237 202
151 540
68 908
455 289
260 920
295 725
156 119
32 179
321 42
264 5
32 350
274 802
227 882
292 685
14 961
34 84
185 460
410 679
322 811
286 286
455 667
338 951
409 973
443 541
357 469
232 698
274 473
385 380
30 472
330 793
190 803
303 129
432 326
437 549
190 870
90 447
234 623
148 472
147 586
50 69
471 372
164 823
237 450
298 647
356 315
425 510
117 890
52 914
239 893
473 423
360 38
31 169
149 97
15 304
468 294
408 257
351 42
101 40
269 583
269 615
355 646
221 988
132 593
333 788
38 853
100 305
302 819
147 641
169 663
310 415
411 502
74 842
460 796
49 115
267 413
224 956
456 89
162 287
94 497
442 210
266 87
295 353
13 150
348 618
82 891
208 779
463 866
314 280
332 476
394 853
44 879
153 785
199 895
384 479
180 26
102 932
300 365
65 202
367 291
455 658
143 632
321 565
275 683
120 744
88 158
380 267
261 223
334 695
100 809
413 439
240 455
355 958
93 661
337 255
197 290
185 541
113 997
9 781
48 523
151 492
119 501
372 14
166 587
471 922
325 92
107 584
161 381
157 279
165 446
307 966
262 87
475 872
182 371
174 639
129 854
31 816
186 224
265 487
242 668
418 536
213 527
50 449
158 125
292 77
171 348
264 546
253 1000
336 696
200 491
206 546
23 716
234 694
243 613
351 69
352 58
109 174
356 391
159 812
65 641
32 900
109 773
383 325
259 437
105 566
166 858
242 471
347 308
382 417
268 636
216 137
363 217
294 907
344 388
313 865
90 338
62 686
306 275
362 725
40 276
65 252
290 902
280 596
120 777
291 513
162 380
354 900
236 242
155 4
326 759
405 616
67 392
219 398
289 664
162 295
450 1000
326 760
216 497
241 115
132 891
183 868
408 90
148 595
260 297
210 710
245 238
414 491
356 98
225 960
326 50
274 773
304 215
446 589
205 967
411 427
173 289
141 350
104 655
85 980
122 550
154 352
424 73
133 475
213 207
447 585
302 3
422 730
36 708
224 737
23 171
208 843
239 441
134 645
237 328
474 782
329 723
32 13
37 543
233 686
400 589
448 189
367 15
293 837
141 241
445 310
426 980
9 421
282 127
179 682
172 748
451 952
301 658
264 855
279 313
8 261
65 665
129 923
179 345
107 316
59 439
74 82
422 402
442 705
281 129
212 248
87 807
459 257
199 910
470 988
425 581
274 558
209 728
57 6
349 363
394 974
137 698
149 487
90 217
222 499
414 220
382 604
399 451
307 858
411 552
244 664
11 710
438 814
182 308
121 348
83 975
105 56
455 570
416 617
222 315
60 145
340 390
427 23
19 481
314 684
354 754
255 305
212 530
291 720
188 326
202 620
399 80
255 623
332 100
189 135
473 770
163 347
185 237
328 26
18 99
428 935
440 226
53 32
47 803
43 427
427 390
28 83
55 975
452 183
215 354
131 419
220 805
169 187
20 225
343 308
187 95
172 540
124 877
42 631
122 335
242 88
97 714
90 629
84 105
392 729
86 543
215 961
287 347
347 885
414 260
78 536
3 673
117 159
217 623
190 894
43 381
263 7
344 760
310 905
105 499
150 766
10 336
359 14
51 969
268 641
28 517
217 127
241 534
47 559
125 940
331 213
439 636
22 307
60 574
251 749
124 669
22 501
18 762
407 720
473 829
228 403
134 763
317 838
431 875
311 655
62 97
254 831
210 336
72 310
66 432
469 83
112 957
444 874
440 696
205 763
114 167
434 447
168 371
386 133
460 162
259 71
341 540
405 165
413 676
413 908
295 413
192 734
283 285
85 621
61 448
278 39
407 23
324 70
249 508
316 794
281 332
83 821
12 682
235 914
115 252
360 667
92 569
104 606
465 740
297 447
242 854
262 478
19 984
101 255
147 497
278 236
13 159
461 574
430 294
286 406
432 494
323 495
375 922
127 158
7 882
461 385
443 6
67 519
383 340
466 695
122 903
22 952
148 464
92 254
157 726
67 872
200 745
381 466
242 347
162 973
151 233
195 880
31 866
175 232
267 596
330 525
360 494
332 745
175 964
405 519
395 510
390 631
391 657
100 439
247 377
425 742
352 752
407 652
419 138
247 316
224 500
126 451
361 595
23 19
74 363
57 447
200 91
147 283
217 501
452 386
150 160
48 372
394 828
240 833
183 608
138 207
44 198
236 96
468 477
239 319
142 849
223 987
74 655
302 43
200 275
40 511
401 485
86 527
177 274
277 340
242 609
50 821
459 26
403 415
437 569
19 63
163 119
56 91
12 594
89 171
153 23
454 518
151 226
392 88
338 351
7 219
243 490
469 588
458 177
7 961
192 912
174 906
113 800
320 854
330 144
200 8
378 944
438 518
197 952
102 465
194 216
29 517
397 370
174 913
286 208
125 135
431 949
391 167
360 299
436 896
377 930
22 585
97 549
294 859
70 16
143 844
238 548
465 451
445 632
379 838
126 844
97 498
105 723
275 937
266 171
4 605
160 237
281 803
346 844
461 197
328 156
422 804
105 844
59 511
188 152
473 191
144 329
21 178
117 14
161 448
413 559
203 385
173 410
223 627
24 433
309 68
253 250
62 218
55 253
410 172
115 359
468 825
11 242
260 784
379 341
287 791
4 49
228 349
153 506
400 730
70 177
164 389
15 869
134 519
106 218
186 648
237 63
422 131
445 900
361 971
24 716
60 630
22 457
136 44
328 468
249 98
235 221
215 395
139 627
52 892
474 819
238 987
62 799
146 276
208 762
91 193
248 230
115 631
45 915
347 154
432 631
311 647
145 790
30 668
5 303
331 871
420 292
271 763
464 519
301 143
343 308
142 484
102 520
276 363
115 887
149 799
384 528
253 206
320 560
366 54
274 544
184 684
248 77
20 57
120 696
119 790
4 92
14 626
157 820
317 274
382 729
98 876
232 864
424 917
21 124
228 344
69 818
239 830
464 824
99 500
65 102
155 592
209 150
28 544
414 760
98 564
394 572
163 79
437 443
313 418
29 786
457 762
86 562
277 808
245 520
258 149
104 116
401 318
398 375
435 993
236 244
238 885
30 607
229 496
348 611
178 33
96 470
377 346
252 954
251 502
105 884
297 804
225 950
302 612
143 370
165 492
220 681
432 683
423 318
282 851
293 114
386 804
67 334
448 218
417 739
9 587
322 691
98 298
242 462
130 126
87 757
446 888
421 343
417 197
427 472
246 929
98 413
405 390
306 889
400 554
96 777
53 212
286 129
121 423
353 459
99 96
187 564
259 739
21 679
409 440
19 775
6 719
347 242
115 465
352 355
160 766
282 523
293 245
138 776
276 52
43 293
186 943
358 538
318 867
114 932
393 450
56 829
425 890
394 467
145 817
90 82
118 512
366 171
251 325
391 853
70 218
178 386
343 705
262 406
89 461
250 57
9 230
264 755
205 996
200 785
446 664
300 786
468 969
461 986
268 977
401 154
127 324
125 504
41 84
63 775
22 946
52 219
248 904
360 228
122 222
423 94
76 888
105 319
361 974
237 745
203 277
347 796
126 9
475 540
205 433
198 69
15 69
103 268
468 131
108 103
242 287
17 200
25 201
406 524
286 454
191 439
460 210
230 139
304 694
356 760
164 268
169 896
420 95
40 31
51 524
447 567
297 312
279 490
157 870
1 81
213 230
284 618
139 856
135 599
189 94
200 589
56 255
143 676
259 440
183 307
56 230
344 956
443 429
444 641
473 740
377 365
421 933
110 132
74 332
318 607
85 974
471 640
326 932
148 349
440 22
372 227
312 165
209 196
389 459
414 282
365 239
20 176
57 5
269 347
158 989
191 60
124 53
412 260
145 334
116 659
240 300
417 401
260 830
282 661
310 917
89 380
154 237
254 308
272 286
374 122
89 483
127 355
77 559
15 966
445 6
79 2
62 797
95 431
53 449
241 695
42 639
149 38
122 886
475 470
132 547
20 978
206 57
172 862
444 451
438 894
2 697
430 403
444 407
92 218
346 706
21 1000
272 30
183 738
347 856
159 198
229 335
439 634
220 459
458 502
430 452
461 598
440 746
446 45
460 26
377 72
156 528
89 634
175 918
333 413
164 775
348 871
329 760
162 560
192 712
183 76
21 36
323 22
108 16
372 334
181 656
214 756
174 145
157 759
394 623
117 878
199 364
419 553
29 257
230 740
110 416
266 383
324 502
421 138
50 999
302 284
116 26
236 500
363 73
182 674
213 717
98 914
347 355
406 49
57 202
404 782
140 665
310 37
168 672
209 249
342 79
421 73
416 679
135 121
63 76
379 872
4 566
325 268
352 189
30 321
276 534
239 810
316 161
354 608
308 66
448 658
433 538
42 848
440 33
204 98
429 463
233 899
212 494
18 522
75 128
449 283
244 386
211 675
239 820
177 165
132 777
287 216
67 916
102 102
226 715
65 503
436 809
427 105
310 632
293 10
458 509
458 738
239 948
153 122
389 512
166 978
392 598
151 392
175 244
255 838
36 954
44 850
187 123
359 937
157 883
373 345
127 980
320 889
204 745
72 131
416 738
24 209
406 969
452 118
211 683
68 919
174 805
33 988
237 72
444 787
27 9
430 581
82 338
352 261
400 403
276 166
414 225
211 913
475 528
300 659
335 762
217 138
311 651
5 489
176 636
30 502
306 157
475 674
25 771
272 949
458 502
42 757
72 995
114 499
439 367
232 4
98 580
121 386
396 48
350 180
262 946
121 271
43 580
233 243
329 363
440 855
92 889
407 280
141 331
440 210
20 541
59 176
407 211
454 198
51 220
54 67
35 862
139 602
224 326
108 641
426 892
448 585
297 384
460 170
349 537
401 11
250 927
45 445
13 131
187 802
93 425
27 50
231 362
285 175
449 623
192 679
342 257
441 552
115 464
407 517
351 523
252 575
39 129
292 435
466 596
179 78
221 943
297 228
424 745
262 74
115 653
433 559
56 191
367 562
101 126
287 109
55 664
176 420
298 837
123 662
357 330
473 580
351 272
320 313
278 682
264 687
225 991
427 908
115 386
39 315
442 272
98 29
104 893
226 841
311 92
444 747
271 151
417 109
290 501
450 118
353 709
242 333
268 259
275 167
451 780
337 370
466 749
210 346
100 473
142 938
93 592
345 511
320 538
306 18
124 512
117 201
198 38
164 522
220 459
123 192
319 396
402 351
470 864
332 602
302 685
206 891
90 646
51 179
72 174
437 363
44 335
462 245
13 638
45 958
5 577
79 113
350 520
50 247
121 686
376 710
202 155
