1500
45 12
257 666
319 952
80 454
181 555
269 422
87 506
297 291
104 384
258 915
111 116
236 390
165 399
11 159
311 278
185 107
287 985
351 882
126 542
116 544
239 537
86 995
368 324
220 921
303 672
345 346
254 945
168 537
215 654
247 516
166 328
106 265
269 664
272 979
67 547
357 212
107 865
236 817
198 283
290 265
266 895
121 897
51 47
69 830
234 858
188 871
59 422
340 571
301 130
52 983
164 614
182 177
196 805
305 961
10 272
210 418
368 326
240 880
145 788
147 653
119 64
242 1000
276 766
131 925
196 140
293 725
87 801
69 793
194 649
208 794
152 511
238 621
175 540
312 622
324 584
204 434
188 507
170 167
279 459
287 199
4 460
300 958
193 947
181 558
324 188
283 886
55 397
153 711
150 938
128 291
324 369
107 152
41 549
255 839
52 385
259 768
359 99
295 570
220 657
60 652
332 724
152 886
103 528
292 211
233 38
196 448
111 215
16 772
52 233
15 297
369 526
291 768
327 44
3 471
137 342
230 623
7 862
127 381
171 928
199 792
311 775
39 366
69 774
306 555
139 807
40 804
165 840
372 66
108 714
50 116
227 140
88 449
279 12
249 779
289 429
62 558
120 121
145 580
167 142
266 175
40 329
237 621
148 316
306 175
189 61
196 512
59 235
340 373
368 166
73 369
66 997
270 528
143 325
354 444
46 77
119 448
101 391
35 742
215 113
229 285
21 679
145 211
5 609
92 844
274 72
60 124
30 293
159 155
238 631
60 263
124 706
224 432
332 252
142 662
57 959
254 541
259 653
346 186
358 640
338 364
203 874
125 684
279 797
363 959
218 60
310 306
108 416
108 732
374 374
100 354
300 884
198 37
82 790
174 477
111 230
52 967
139 483
282 760
341 394
114 912
240 812
39 416
11 476
308 53
298 343
49 464
71 536
5 611
281 383
134 93
266 567
72 841
150 604
350 950
206 480
100 656
18 748
224 54
221 128
259 902
295 851
113 336
188 723
266 236
225 84
326 946
356 435
375 344
1 41
133 496
278 823
353 407
17 974
166 937
189 807
366 950
298 255
228 48
362 492
92 602
50 598
332 647
362 82
13 225
91 15
28 95
344 692
47 204
237 138
136 436
155 108
131 516
363 812
301 565
20 841
192 470
62 548
36 82
162 189
193 67
74 468
278 682
267 802
341 768
42 80
217 740
357 44
146 486
368 237
178 882
133 413
354 314
114 441
223 175
333 12
177 49
164 236
357 463
299 500
292 590
119 248
69 877
14 612
152 244
119 199
152 884
337 195
366 786
14 142
299 37
10 726
30 67
13 123
127 26
115 748
103 847
53 779
172 117
177 450
338 293
188 796
203 455
300 755
176 761
223 433
128 231
176 919
336 810
185 154
25 160
357 246
98 542
355 47
40 738
10 572
167 504
124 746
327 581
112 408
354 589
58 1
218 842
160 488
276 75
280 821
218 628
233 299
228 95
325 990
286 497
34 199
174 935
120 609
274 969
213 462
93 817
227 623
14 773
313 663
110 306
106 434
32 656
140 328
37 903
143 824
142 758
146 510
359 368
332 685
13 412
128 701
247 584
293 733
32 974
188 788
126 255
134 67
25 950
130 914
185 874
84 903
226 519
178 719
255 539
372 507
367 921
33 405
289 663
365 593
323 684
214 256
344 194
281 709
246 46
39 112
278 232
96 480
202 396
291 19
295 667
41 321
191 978
349 879
302 182
372 106
117 636
312 451
49 891
337 144
104 195
371 628
235 729
343 346
77 467
228 715
26 153
356 732
342 469
308 953
308 222
373 867
169 337
95 573
169 764
119 671
34 323
295 800
335 741
250 755
124 680
293 716
28 298
125 87
229 373
57 729
168 315
130 785
15 909
160 155
327 172
302 682
47 488
29 610
203 346
298 966
366 655
69 26
191 73
269 143
264 143
215 965
295 668
274 122
344 430
260 771
281 494
273 675
226 781
146 864
125 296
83 308
141 296
23 759
186 999
175 737
251 906
363 699
267 166
87 896
373 788
254 738
191 659
92 4
303 518
202 980
372 805
134 113
27 507
272 101
218 956
324 446
147 976
160 782
124 923
51 455
259 206
107 970
300 226
267 908
4 915
356 165
304 877
141 864
294 148
87 116
157 705
35 869
125 984
277 313
197 395
231 448
113 119
328 595
167 669
287 399
337 417
220 288
129 536
299 529
88 707
165 888
21 96
304 968
261 903
266 817
139 25
281 811
93 191
341 174
24 912
321 97
273 905
278 225
132 212
270 682
45 583
68 377
265 756
331 293
328 303
45 18
130 93
120 770
155 875
195 676
242 313
303 564
144 264
182 59
190 510
315 380
130 755
19 379
176 521
190 210
110 114
251 409
334 875
18 990
344 695
69 351
340 150
33 384
237 246
140 521
14 545
65 949
311 589
274 206
197 83
227 570
204 694
127 460
188 655
284 604
199 773
22 791
219 821
89 258
176 936
67 644
266 669
229 87
375 332
80 331
333 346
365 529
270 1
206 154
154 163
338 681
133 172
315 865
42 20
154 558
4 489
94 119
324 416
63 476
256 237
250 112
39 128
214 134
83 874
154 761
277 43
363 217
159 120
362 872
371 613
235 768
320 956
309 714
214 599
229 612
46 401
46 247
357 4
26 644
49 883
124 325
319 502
173 289
271 934
105 302
233 846
312 450
360 740
339 763
86 573
81 313
61 490
35 440
169 377
27 987
53 785
206 163
77 679
335 216
285 724
101 984
24 970
58 343
291 267
323 17
143 287
116 810
124 678
257 425
274 997
180 113
266 620
121 338
313 664
144 149
366 408
93 339
338 709
298 3
375 393
278 325
123 689
316 12
138 237
46 776
265 417
274 825
31 518
332 584
222 273
49 609
202 697
173 53
331 997
132 422
162 174
186 283
147 139
92 232
115 734
277 318
269 709
373 890
159 583
29 311
165 808
85 607
293 411
38 664
106 819
240 238
190 269
88 442
190 735
151 505
357 851
343 820
318 962
53 977
83 891
38 950
133 848
169 504
168 304
279 760
139 812
207 725
65 293
71 875
364 369
29 474
316 525
139 75
9 277
127 74
100 929
24 651
79 629
163 854
95 662
139 465
87 536
273 326
127 476
267 439
62 431
308 605
179 25
230 318
373 649
173 735
111 856
262 20
45 136
134 563
3 587
66 543
155 928
295 375
101 384
58 572
198 422
132 431
64 349
105 99
18 386
48 144
190 290
248 564
48 365
157 657
237 786
199 471
204 882
113 242
36 807
362 666
213 374
50 209
18 808
142 386
114 222
87 256
110 23
193 416
303 990
302 851
368 438
273 72
158 381
258 370
168 475
345 129
139 611
371 772
33 402
236 56
203 580
98 967
135 130
74 311
107 2
165 222
169 170
43 399
132 334
246 429
9 550
244 799
359 343
179 356
101 173
155 188
340 120
158 561
262 980
152 739
294 905
373 935
67 987
259 32
10 759
187 935
19 679
280 879
347 554
158 212
80 210
277 213
88 46
364 717
35 268
17 685
138 549
45 751
299 305
57 975
112 840
23 715
72 628
316 973
112 452
202 788
99 112
335 119
75 203
245 132
281 821
135 379
271 566
226 792
282 74
276 424
223 871
216 924
312 796
286 424
299 292
256 437
130 284
108 439
174 650
157 944
21 236
65 385
373 331
275 959
311 498
133 814
36 138
128 155
329 238
176 429
15 691
262 942
284 101
242 827
218 230
369 488
331 287
52 843
263 252
8 998
263 646
171 274
184 959
295 695
176 448
88 800
33 680
290 294
72 33
76 452
243 56
131 344
261 451
281 385
119 210
4 25
319 720
314 556
241 569
361 175
319 788
369 985
348 780
145 637
173 34
286 811
10 946
93 844
337 311
9 999
76 406
331 409
130 867
324 48
292 80
57 969
25 548
183 572
144 935
360 66
327 554
51 189
131 560
122 482
263 729
88 415
368 955
321 473
74 682
219 725
258 981
263 59
342 174
101 545
119 986
307 33
113 662
175 229
333 500
179 161
229 493
145 798
347 844
122 120
315 818
206 266
4 773
326 104
204 931
55 525
96 932
155 194
125 465
332 327
265 651
281 698
199 93
125 475
343 27
194 933
31 700
358 508
50 715
363 828
292 243
320 841
114 187
330 641
70 356
74 691
108 257
209 972
25 172
273 25
338 198
355 204
157 473
66 903
289 826
301 821
356 74
355 500
3 762
50 297
104 207
331 468
27 298
186 25
366 960
282 936
314 628
307 171
321 545
202 549
262 629
242 446
207 440
267 645
352 708
19 87
98 213
226 349
39 189
285 721
174 534
102 694
16 180
332 434
330 703
211 162
169 207
8 956
54 262
346 812
196 148
51 907
339 451
150 576
132 407
285 518
225 719
118 913
328 595
309 308
39 821
68 829
156 358
201 521
110 333
27 942
78 53
146 676
150 545
345 817
215 941
89 189
132 417
357 878
345 544
190 295
367 201
123 897
13 753
178 895
164 175
250 871
124 127
138 576
360 419
131 884
113 860
7 557
124 375
95 132
235 9
14 425
215 909
348 549
283 46
94 664
100 270
251 336
22 740
182 480
205 981
249 429
41 986
182 656
19 598
331 811
168 120
266 53
10 671
271 896
230 165
345 107
341 518
111 473
100 197
145 662
275 581
32 715
72 457
329 391
54 557
372 444
243 565
213 135
203 384
119 987
223 298
285 834
10 44
307 878
273 502
218 420
348 182
374 818
205 484
366 887
234 397
285 875
182 370
15 152
349 760
337 626
56 643
184 870
164 33
221 398
107 868
113 294
359 558
138 322
121 747
22 106
4 878
151 850
45 451
111 347
157 53
87 460
145 135
60 931
92 960
159 580
241 79
198 619
190 452
320 445
11 674
52 468
306 696
8 897
131 211
212 163
276 594
349 242
194 500
225 476
122 731
128 3
261 726
290 76
86 316
55 828
138 97
179 383
171 869
80 168
203 213
333 442
89 846
302 334
129 127
116 627
308 906
171 618
249 384
7 438
218 860
214 933
168 49
131 940
99 951
100 614
232 519
92 894
271 496
265 5
22 869
182 679
208 34
98 843
158 386
95 858
4 478
48 629
351 238
158 986
79 711
112 867
14 681
326 858
140 876
341 527
235 84
176 83
272 610
201 352
189 452
149 252
218 98
137 201
190 943
368 767
104 520
123 111
141 144
66 726
105 789
4 363
117 153
97 14
125 808
261 384
207 531
167 739
10 58
174 716
239 404
136 810
200 9
127 173
193 969
218 58
105 605
239 242
178 295
89 805
119 616
246 117
267 814
91 50
372 419
63 264
126 268
208 960
184 202
258 644
133 788
175 253
52 720
87 659
365 473
195 101
197 415
69 240
22 263
149 545
87 956
271 223
208 680
198 95
357 974
211 734
84 250
109 77
357 961
19 971
268 728
286 433
244 254
163 161
75 444
168 717
128 826
46 898
274 811
234 527
101 715
174 109
287 902
250 442
257 714
284 330
327 723
368 51
138 355
43 47
72 281
102 118
96 552
296 549
111 723
40 276
226 733
199 706
126 221
255 899
372 527
121 675
157 200
202 562
24 581
307 161
251 234
292 430
304 485
341 168
16 71
288 177
309 848
321 213
233 659
213 407
345 622
115 622
272 652
74 445
122 53
266 107
166 910
50 922
22 791
61 806
119 62
243 718
305 321
236 706
31 243
33 941
232 903
173 718
133 147
264 80
3 997
67 462
191 717
172 11
283 122
180 95
309 75
70 915
272 569
158 622
206 973
177 400
338 714
153 111
87 325
319 8
142 318
245 141
317 510
187 365
272 854
128 274
281 378
330 455
223 846
183 442
294 207
276 48
139 401
262 893
77 34
60 399
282 79
267 221
42 100
335 348
82 499
96 596
330 381
192 460
193 411
296 854
49 729
21 572
317 514
226 688
205 767
299 216
362 538
249 695
53 971
294 158
20 138
373 876
298 618
205 881
342 790
76 30
307 407
367 220
254 917
28 92
75 561
248 136
181 28
175 236
362 962
39 481
306 747
366 529
247 860
160 508
332 410
59 31
60 414
138 105
125 443
5 36
167 750
177 442
324 220
2 269
33 991
53 386
285 110
73 38
284 826
55 531
230 302
159 424
189 407
33 688
48 957
207 342
66 884
329 297
57 293
182 979
277 541
12 94
171 831
371 336
236 728
27 482
232 171
291 244
225 608
291 260
206 145
351 462
158 504
121 307
187 386
73 523
28 743
269 337
100 300
315 772
27 783
175 684
98 379
349 244
168 718
216 756
219 565
263 69
112 265
243 730
312 988
298 951
47 540
286 141
140 593
203 266
306 84
191 628
201 583
279 438
55 69
226 257
57 344
92 39
354 35
355 508
310 235
104 47
178 378
233 843
317 378
55 70
20 245
307 227
119 587
241 952
317 891
305 393
129 412
55 785
257 181
30 21
52 712
99 665
62 45
43 401
92 899
322 699
352 563
351 13
128 159
80 840
309 453
102 852
238 340
5 437
176 557
164 989
95 304
338 683
143 704
54 261
162 445
171 777
311 830
218 230
284 223
283 884
288 849
166 286
359 903
229 199
356 560
140 370
24 173
20 61
191 523
250 606
245 704
106 40
221 361
329 632
83 427
296 133
254 945
264 816
46 196
53 634
231 96
366 221
90 406
262 400
24 788
232 633
328 617
84 604
12 958
319 788
32 407
251 238
66 721
41 934
249 847
28 263
264 582
250 288
76 570
226 982
66 388
139 749
59 160
173 623
188 662
