1300
141 444
32 855
32 799
97 10
51 869
188 996
91 903
130 644
248 982
236 493
113 950
104 244
87 179
24 712
153 864
264 877
325 278
311 210
194 39
99 888
109 875
297 294
208 232
260 266
145 843
196 421
156 729
105 615
173 326
276 62
56 648
48 368
184 869
127 782
35 999
131 31
297 220
25 604
307 555
255 623
323 270
100 996
92 250
27 300
290 257
273 56
92 753
62 488
269 4
264 960
322 931
190 931
179 533
245 654
274 541
66 429
4 76
161 459
209 232
112 277
170 27
262 914
84 649
112 980
39 314
322 345
253 544
324 7
81 216
20 103
13 586
161 909
51 473
93 300
42 51
98 414
14 417
242 926
17 327
116 466
307 76
135 454
314 153
280 950
310 275
270 346
226 31
266 202
281 496
67 843
172 389
25 302
279 206
242 852
129 707
291 432
30 899
171 453
256 973
194 620
50 286
224 558
51 597
196 509
114 949
244 26
7 304
149 757
125 826
291 494
79 546
298 102
174 553
185 789
192 639
191 74
324 49
266 761
250 936
226 334
228 749
307 421
208 755
297 900
216 104
290 498
62 9
121 61
81 658
135 137
71 916
89 838
190 953
96 610
79 843
108 716
233 843
135 899
31 431
173 447
284 744
268 851
104 171
22 824
199 35
132 612
248 704
34 204
283 608
44 65
239 646
145 871
260 969
285 898
35 2
20 286
174 451
240 127
175 260
317 873
193 605
121 566
178 483
221 834
141 684
49 113
20 494
178 101
243 416
178 331
246 488
109 1
306 352
4 546
282 366
255 176
37 174
239 244
80 113
254 843
150 528
106 719
235 310
285 66
87 520
257 745
296 960
210 130
316 168
74 868
192 123
63 405
200 43
47 470
231 623
82 299
279 698
157 639
38 100
322 586
207 577
311 217
319 578
291 624
119 133
30 105
265 556
96 634
60 388
204 285
289 287
273 678
73 422
39 407
263 65
157 63
214 851
174 551
119 150
315 228
35 589
194 126
276 787
247 962
1 575
78 669
187 248
254 349
207 751
116 933
82 422
210 832
115 731
134 747
97 746
110 811
100 609
254 964
74 992
273 351
193 778
119 691
111 826
254 394
85 65
102 879
188 430
277 453
31 335
209 97
12 376
259 25
231 135
12 564
114 169
219 823
135 79
69 785
88 977
266 26
257 571
96 837
292 331
309 566
167 939
19 468
194 952
272 990
105 862
21 179
158 892
296 740
147 333
71 10
197 827
119 73
190 785
14 606
101 569
196 6
176 799
286 784
149 500
262 981
2 184
62 116
165 897
81 152
228 766
64 46
318 731
186 990
11 503
190 11
192 936
222 264
128 627
44 315
300 582
240 748
18 547
296 984
26 695
81 775
199 1
23 998
304 349
248 34
2 297
233 355
101 36
138 475
145 254
260 97
257 355
318 501
57 37
91 734
79 312
135 353
62 456
324 272
95 379
291 263
103 440
222 172
24 777
124 798
119 284
266 519
233 891
257 200
2 421
99 108
224 540
283 802
87 925
275 729
222 286
206 149
250 457
224 356
287 523
38 691
315 876
7 259
69 185
32 1000
132 5
57 12
76 532
176 923
38 717
218 12
288 821
153 530
262 999
170 28
324 329
193 17
183 740
310 57
114 704
114 492
182 323
301 480
125 7
131 95
25 845
118 795
50 992
118 689
110 734
89 470
261 1000
162 906
277 79
2 705
305 312
37 699
275 359
42 981
261 139
189 516
147 832
234 899
286 16
223 821
179 560
257 563
259 967
250 293
81 988
82 610
266 858
54 85
142 942
267 861
255 777
273 235
134 648
72 151
86 409
128 664
36 214
24 947
230 721
23 86
172 471
18 760
67 993
277 873
293 581
81 960
199 531
235 355
301 496
212 302
82 178
127 90
304 186
261 412
82 615
127 234
35 182
250 867
253 920
24 60
66 112
111 125
216 990
97 189
177 304
226 613
214 36
63 624
139 818
22 168
227 36
260 509
276 656
24 187
17 508
313 50
132 258
11 978
225 259
290 758
205 847
16 820
313 170
312 504
82 647
301 385
147 142
179 937
82 246
103 971
190 684
85 158
113 344
237 972
292 463
5 957
82 92
37 49
33 820
109 599
65 990
271 406
129 582
15 724
189 321
303 954
264 629
54 786
145 354
314 586
267 788
255 855
28 102
311 980
106 963
274 356
93 823
245 953
148 833
177 139
42 713
212 878
200 508
22 689
197 830
305 526
94 244
91 491
248 183
32 529
280 698
271 972
31 875
282 775
81 491
55 155
165 281
239 779
25 558
243 535
93 508
60 600
323 37
106 764
267 795
161 59
87 77
177 950
144 297
143 639
79 968
290 604
119 565
40 758
68 413
158 114
145 749
223 664
212 158
253 987
45 344
203 519
220 24
203 64
194 198
118 109
233 884
245 317
323 622
239 31
20 629
297 842
160 886
81 666
287 529
50 95
191 547
176 564
167 441
21 983
44 282
199 211
46 58
23 31
230 671
242 919
78 888
298 100
29 801
105 335
185 494
159 376
235 101
195 991
97 395
158 182
191 332
160 595
40 966
151 484
151 701
291 948
187 601
195 746
93 597
262 986
309 27
9 674
160 465
186 542
252 509
264 807
306 163
323 55
315 102
175 830
246 197
7 536
295 239
268 769
186 347
264 37
17 578
144 536
295 692
97 783
230 759
144 347
77 129
27 681
270 556
189 724
15 405
255 854
273 548
253 767
108 466
61 11
105 316
211 29
90 243
209 54
270 174
89 131
75 759
147 859
296 71
38 24
302 899
254 629
177 309
73 166
264 242
84 162
22 986
176 550
320 286
235 532
13 176
79 49
108 12
311 614
75 49
193 310
131 600
275 998
182 565
286 498
217 946
127 86
127 229
27 957
1 509
161 155
21 927
303 360
232 405
232 199
156 52
16 678
323 37
190 986
110 268
38 37
121 468
168 719
148 289
175 782
70 616
281 634
239 833
90 500
7 260
149 270
311 305
180 349
202 688
165 343
22 742
2 443
41 877
85 671
322 378
141 335
128 129
180 578
198 233
60 678
215 671
294 279
267 795
151 415
85 4
241 160
34 350
288 20
43 473
68 652
69 141
176 288
207 19
87 171
312 287
322 855
307 75
307 712
50 982
260 768
151 351
37 260
159 913
224 486
195 560
123 867
101 404
297 357
204 145
43 454
246 100
217 814
87 838
262 560
271 453
216 255
280 317
178 762
214 832
58 81
121 450
76 210
64 994
28 733
287 450
173 517
124 269
307 950
81 904
212 647
194 457
108 35
52 592
2 196
16 57
325 748
260 578
102 487
138 75
223 798
131 805
257 769
190 566
203 187
229 662
247 474
75 821
278 456
108 842
128 593
153 413
204 836
166 189
282 997
129 455
174 420
182 74
250 786
269 402
298 987
234 13
292 185
185 83
311 630
245 408
99 374
28 211
94 42
45 43
90 57
53 229
238 346
103 60
176 256
166 876
288 549
165 426
37 946
70 90
41 503
323 61
144 246
113 814
173 657
33 757
49 866
82 8
166 161
97 915
206 96
265 707
162 4
95 820
252 448
53 237
220 109
300 140
126 313
321 939
309 529
38 632
108 520
195 320
300 18
79 627
130 273
84 912
176 493
125 62
124 868
319 739
324 205
178 855
222 370
192 100
129 82
159 575
181 111
191 368
216 681
29 157
167 728
165 788
104 600
166 116
5 727
238 718
302 773
301 297
21 695
315 19
15 594
29 302
106 598
205 62
86 635
40 655
112 190
272 993
96 390
250 596
300 722
96 416
80 380
168 516
106 956
120 869
117 25
79 860
276 763
185 864
193 604
184 179
320 142
199 426
169 613
110 842
99 310
13 181
241 957
105 397
293 838
305 172
93 199
242 351
123 158
307 94
263 496
307 689
322 120
121 968
75 96
254 4
108 500
63 750
17 606
16 769
108 260
39 457
225 841
250 442
85 685
270 972
225 216
8 517
294 399
60 785
213 946
297 481
268 394
205 175
317 789
127 122
184 166
286 757
79 643
119 318
216 538
212 845
279 957
53 938
248 364
224 45
160 689
250 423
272 724
22 497
61 679
201 665
99 345
112 674
129 424
10 604
286 644
95 830
165 102
150 813
308 630
237 270
24 452
176 996
175 954
146 209
41 420
21 768
255 908
319 764
320 519
213 303
212 999
35 392
25 182
162 989
235 555
116 70
14 91
169 120
262 670
193 132
72 197
158 657
293 453
193 214
199 43
145 676
55 472
219 596
49 274
114 107
303 632
230 223
201 69
262 537
115 541
64 579
104 510
66 756
263 33
125 878
7 79
82 870
11 669
267 872
6 911
263 768
196 740
7 787
33 769
54 959
92 769
224 790
188 811
90 471
235 417
138 319
207 866
88 153
84 717
62 151
292 932
164 168
25 132
42 659
70 95
138 323
98 641
26 73
80 964
101 38
297 640
69 573
15 393
124 139
222 419
223 931
295 985
235 88
63 867
95 762
240 600
95 256
247 417
21 715
162 495
111 876
29 561
200 282
257 829
105 121
39 1000
72 581
177 980
297 568
76 195
110 274
222 999
204 908
297 702
208 90
260 227
48 982
248 692
96 996
277 539
121 649
219 306
184 219
160 547
255 795
67 250
270 540
7 489
67 227
246 171
164 102
253 826
216 681
151 148
288 56
288 518
65 984
188 517
114 814
278 240
323 25
84 912
260 887
44 61
169 274
268 354
192 132
90 505
119 713
256 970
151 22
232 580
163 838
313 474
53 337
321 409
1 859
302 558
224 666
163 6
9 366
123 297
304 993
140 316
69 881
93 827
49 289
40 291
275 376
115 700
189 430
194 769
199 824
43 742
72 775
262 297
296 216
210 205
12 719
96 253
49 723
244 693
293 389
50 122
92 836
258 850
243 495
258 643
199 744
187 996
23 497
231 16
284 148
127 924
241 754
157 46
145 461
134 533
131 624
14 863
274 738
277 924
5 446
147 774
261 537
7 288
52 165
23 369
278 392
57 780
15 854
250 170
295 643
202 400
194 872
156 96
20 891
264 870
16 63
114 841
228 664
241 824
301 646
43 304
38 22
160 173
232 434
73 325
121 726
197 661
23 880
115 514
268 376
82 286
238 43
11 832
248 491
164 806
149 748
291 126
214 259
17 339
163 958
206 568
121 963
227 496
138 419
293 875
264 350
68 793
154 397
27 907
324 883
107 609
112 465
15 673
92 63
220 710
93 822
138 61
307 808
287 662
244 188
319 975
309 330
119 288
258 684
282 67
62 52
240 407
55 559
37 974
14 301
86 890
70 985
209 882
106 146
205 742
232 778
160 786
159 483
235 455
123 49
109 449
239 57
63 536
281 453
38 795
137 260
12 377
165 602
116 239
48 790
100 956
268 508
246 288
258 818
69 399
64 348
150 911
18 859
33 843
212 487
182 820
22 373
136 883
320 737
224 588
70 458
219 66
68 39
201 595
169 180
275 946
33 141
247 235
83 132
301 456
103 651
51 830
66 945
182 144
147 398
132 11
1 45
285 925
34 26
105 179
139 232
86 866
38 11
47 643
118 511
88 370
217 196
169 802
21 883
131 234
112 765
100 984
77 208
216 978
123 889
219 579
319 257
314 47
292 531
258 558
227 533
260 478
176 359
53 792
234 603
155 639
218 759
303 121
202 112
178 32
130 859
262 254
25 988
163 551
125 556
131 11
251 404
34 165
17 501
101 777
235 911
165 647
317 165
26 270
196 479
317 738
160 880
189 418
141 454
311 659
243 641
122 877
102 789
170 38
292 16
90 894
166 666
259 698
304 634
161 586
187 436
265 426
251 348
129 242
255 487
103 30
128 16
313 197
73 223
85 629
15 114
166 290
