1000
199 622
153 3
96 841
170 226
156 67
132 884
36 98
114 638
165 755
96 873
204 248
2 820
125 762
83 108
229 562
111 599
234 315
192 877
137 913
140 934
17 270
44 437
225 972
246 963
82 860
208 26
6 686
168 74
212 829
42 957
166 164
238 741
244 774
192 715
158 418
246 414
71 566
149 873
180 947
203 968
183 569
207 151
77 25
205 454
102 126
58 111
169 21
92 695
59 505
231 946
17 306
96 421
8 331
172 159
212 204
166 963
54 820
77 733
91 557
82 580
204 838
214 921
20 386
115 9
116 957
136 832
119 314
70 979
212 400
99 916
19 191
86 936
39 626
81 566
78 617
101 31
129 262
196 821
120 74
198 818
142 941
98 276
126 841
120 389
34 445
7 888
115 154
233 594
160 141
44 756
52 732
204 906
242 753
175 974
16 157
194 319
145 317
184 376
34 163
8 158
110 481
239 382
16 882
221 785
65 602
7 618
176 430
26 973
159 304
205 452
148 802
56 982
88 348
35 898
152 217
127 740
119 373
177 353
195 993
176 592
112 691
218 278
65 204
250 361
4 311
72 823
53 49
212 524
59 640
210 494
127 898
86 30
70 709
95 720
8 365
206 363
134 864
205 274
174 412
150 350
147 443
57 698
79 787
149 339
250 244
3 202
162 997
48 959
73 840
109 693
94 408
186 356
24 874
136 210
149 900
157 727
71 947
214 85
165 392
47 504
57 704
55 975
222 881
95 878
161 301
213 832
182 16
13 954
143 979
147 881
165 724
2 674
196 802
87 23
93 445
181 886
74 693
230 273
183 313
125 738
235 24
53 442
56 769
28 9
230 175
167 558
19 184
23 89
129 242
61 750
209 343
16 110
162 746
133 747
9 160
45 469
206 776
60 417
228 27
163 81
225 909
167 46
176 527
199 66
75 62
84 226
114 837
233 309
146 846
234 664
53 850
205 929
230 366
180 931
192 988
171 385
132 185
149 784
184 244
165 180
92 178
46 301
89 800
11 960
58 404
237 17
28 152
90 320
170 33
35 425
182 445
196 639
222 777
59 590
19 950
158 351
193 820
229 586
165 479
175 397
216 513
117 471
47 972
133 131
233 640
99 989
35 572
235 30
101 159
204 475
54 15
111 306
28 729
186 880
110 340
6 691
66 281
29 339
46 734
250 814
151 390
88 665
52 752
10 859
146 24
35 752
67 228
42 473
195 304
94 891
215 415
22 896
15 727
175 356
103 984
4 128
91 224
41 437
26 559
47 181
189 251
56 504
220 440
76 99
113 564
101 566
18 77
239 415
62 734
152 806
123 203
238 84
148 521
139 229
148 305
45 880
31 210
171 534
45 375
200 53
52 691
202 32
128 437
163 443
157 285
56 209
94 915
233 47
34 657
132 161
218 161
120 725
164 999
30 561
30 743
8 623
148 666
134 763
155 978
99 803
167 606
190 742
93 86
182 1
59 556
242 544
16 724
103 786
234 753
119 314
165 511
173 987
78 81
166 461
238 814
145 475
61 703
207 37
100 769
114 348
143 122
79 572
117 493
48 751
160 427
167 197
86 657
46 286
28 104
161 325
201 676
232 164
111 881
241 17
25 222
197 187
247 716
214 897
24 152
46 230
83 592
106 350
95 784
27 386
95 209
140 708
61 676
35 825
170 779
202 861
111 109
247 842
229 661
57 477
56 52
199 123
125 586
198 563
12 692
24 32
1 416
37 21
136 374
16 453
74 796
215 638
238 328
197 922
162 523
102 881
113 784
28 908
12 815
237 461
114 216
193 837
238 635
237 463
81 681
250 646
40 309
34 421
54 269
52 691
229 315
192 954
249 364
143 319
147 419
139 432
128 924
84 188
224 742
158 298
137 874
209 380
222 487
115 866
106 298
188 92
46 908
68 847
11 406
10 454
65 381
132 203
23 497
60 173
215 72
112 850
98 599
242 153
71 746
177 771
76 533
143 328
64 131
180 339
239 600
218 304
187 301
41 709
134 199
118 37
77 78
226 613
139 757
94 450
150 196
152 244
36 307
38 943
158 233
210 808
15 952
179 230
61 346
97 604
5 171
34 531
249 737
112 281
242 789
198 746
50 691
33 359
183 801
29 872
247 233
230 265
115 187
186 291
123 955
205 613
152 566
138 754
236 933
169 290
208 503
161 153
85 466
39 700
138 162
93 836
92 63
225 383
22 289
73 28
20 264
216 711
71 143
190 373
56 975
78 142
86 218
63 623
105 578
187 476
203 859
55 9
238 928
84 661
38 67
26 327
84 446
73 711
109 634
224 786
210 667
100 213
188 105
144 40
150 71
220 133
177 345
16 111
207 406
235 180
222 935
59 343
145 643
208 523
41 817
10 556
180 925
197 796
42 416
21 79
249 859
76 576
51 56
26 392
241 183
192 39
38 858
218 763
117 489
92 272
57 455
156 114
76 287
83 525
13 326
11 490
158 316
227 712
120 732
168 975
113 931
230 91
57 833
197 594
27 679
8 316
59 418
201 175
131 457
15 450
54 745
242 561
181 597
163 846
167 150
233 808
185 74
83 661
13 493
136 654
152 158
232 197
185 527
241 846
173 659
154 867
15 657
117 726
105 806
49 820
203 690
202 199
245 683
228 136
203 469
171 95
21 587
37 63
167 429
2 789
20 653
100 46
149 657
247 721
219 770
222 274
85 812
171 299
161 740
146 87
174 225
108 688
165 390
28 30
14 747
198 920
180 866
164 515
236 773
73 65
204 970
159 771
158 547
250 319
37 624
33 184
250 611
91 131
158 710
59 58
184 607
82 75
208 931
196 726
60 454
110 632
185 270
167 101
80 845
223 757
159 83
12 208
233 207
217 436
211 370
18 824
101 203
232 769
179 815
31 590
198 70
92 379
171 202
201 282
106 652
139 898
182 207
209 380
243 805
216 942
145 818
76 560
129 435
246 758
93 850
28 800
40 413
30 751
207 631
114 702
205 780
22 467
177 691
55 588
160 642
122 446
84 173
223 62
117 714
46 78
152 195
169 468
43 726
197 623
34 984
61 4
109 499
104 636
84 341
33 238
84 113
98 948
100 13
116 436
231 763
108 137
156 998
40 755
179 691
210 786
190 143
131 828
249 895
167 7
110 985
223 793
179 878
120 200
20 996
95 951
68 129
118 684
230 222
21 83
177 767
230 108
45 205
82 361
249 271
82 536
113 457
145 446
165 933
124 171
19 92
150 681
212 396
57 498
125 418
159 809
219 580
132 423
212 245
21 346
84 3
235 846
109 3
176 314
122 635
5 179
6 336
145 926
72 600
39 914
70 470
14 740
52 159
224 848
127 239
35 232
73 846
31 778
243 974
26 867
48 902
147 104
58 130
45 191
100 395
248 617
84 743
152 409
118 729
250 130
160 249
88 231
36 170
150 207
83 460
189 116
211 14
246 248
33 956
130 116
94 910
196 473
54 717
231 200
128 386
217 5
245 929
222 642
100 728
86 396
112 584
151 676
245 309
196 986
65 304
188 422
47 616
145 993
88 70
179 247
238 1000
109 453
138 510
123 505
79 594
228 836
26 690
221 757
245 157
149 891
41 420
114 360
238 431
88 132
20 157
184 198
50 72
88 931
3 457
45 249
8 277
239 644
2 552
44 923
207 191
192 412
36 826
117 695
37 88
114 187
151 720
101 828
42 982
87 467
126 11
103 210
27 133
230 832
197 41
121 370
12 459
241 986
176 997
84 749
76 895
99 760
140 177
50 446
28 71
33 439
19 624
157 808
233 330
221 245
29 750
176 247
113 970
191 300
68 16
71 326
154 811
232 255
119 143
213 747
77 555
193 4
172 467
99 565
174 509
117 156
165 957
164 928
224 712
227 520
199 636
80 375
216 401
88 426
78 383
38 39
180 307
192 821
68 212
193 719
241 178
147 694
164 922
18 402
146 161
241 782
172 62
99 548
26 154
132 576
49 391
1 685
184 902
66 445
248 180
246 202
198 511
148 373
82 455
103 522
109 944
128 127
41 486
96 569
147 182
105 972
244 475
9 171
50 727
55 239
171 740
213 100
245 132
54 754
104 432
23 154
47 134
237 936
100 84
176 561
12 135
221 297
203 815
37 287
87 904
15 939
3 516
226 112
16 176
5 150
170 381
146 247
57 365
193 871
119 16
80 123
165 493
158 311
170 992
30 813
203 749
250 716
48 763
119 560
183 480
25 898
49 317
213 187
83 471
194 432
166 506
243 173
2 138
118 720
85 89
250 165
73 142
87 265
154 93
63 886
61 532
217 814
106 526
106 844
40 770
220 567
106 516
225 225
17 81
147 734
191 767
149 687
150 170
42 994
119 266
103 710
221 59
230 241
167 81
28 455
165 557
193 623
40 456
78 289
165 454
5 95
31 859
197 317
121 601
60 394
43 182
158 524
78 695
175 472
107 66
91 180
73 171
197 985
185 362
34 716
166 807
127 169
131 312
133 593
242 388
5 433
14 901
204 176
142 80
169 244
24 516
52 596
120 299
16 872
