1900
273 551
347 36
172 853
22 985
4 805
186 212
95 422
381 772
107 96
230 824
232 885
275 600
345 345
97 551
297 556
336 767
60 213
458 935
316 287
214 213
123 687
200 496
401 946
426 53
368 413
154 761
288 342
324 972
320 251
362 582
141 74
161 621
258 615
63 953
99 576
212 172
102 385
242 86
87 964
290 610
137 563
89 984
179 305
185 472
444 610
56 718
472 145
258 454
347 326
162 547
22 501
160 421
163 951
219 845
383 268
153 314
427 876
460 913
243 616
132 18
5 140
347 252
343 476
154 417
11 486
99 752
313 188
459 312
38 775
87 769
124 199
52 492
353 41
95 107
277 36
185 160
327 341
3 592
301 61
381 597
36 912
236 175
263 77
105 702
435 196
142 311
77 519
238 853
287 505
159 14
439 238
114 199
260 996
121 994
97 820
321 560
341 746
463 816
32 141
137 107
366 723
234 800
271 57
443 335
19 811
148 700
244 60
232 419
177 60
258 592
280 291
110 568
382 401
145 387
443 636
59 675
128 594
407 878
180 914
201 126
384 962
55 52
96 518
408 972
117 552
73 365
337 89
422 904
38 587
295 878
200 110
172 108
120 384
374 620
140 132
92 842
400 448
340 277
79 825
217 736
451 837
133 207
309 233
35 262
289 614
106 532
41 938
387 994
465 227
454 656
11 279
432 341
323 294
12 213
348 58
232 510
322 539
265 745
39 21
49 927
241 259
460 221
420 281
396 654
309 931
77 615
230 811
95 863
125 962
172 29
255 575
289 548
318 541
34 519
405 872
238 996
292 396
460 453
304 365
366 762
417 515
469 192
135 235
43 78
398 3
367 410
308 366
115 589
404 916
395 806
402 196
137 178
162 509
63 884
351 288
169 168
404 857
13 987
169 445
186 378
57 353
243 333
248 802
232 494
351 236
103 751
17 414
11 565
116 843
201 751
435 694
189 170
322 359
432 114
157 783
398 356
26 847
388 190
243 617
261 773
213 982
223 741
1 188
266 826
385 12
83 937
333 106
288 764
106 715
23 907
209 725
220 717
25 116
241 493
99 569
296 446
146 739
21 397
234 840
280 411
363 352
8 87
303 819
36 174
202 445
178 833
121 943
471 400
448 564
158 643
421 779
113 723
95 901
445 13
426 229
65 749
337 79
442 110
212 480
349 368
113 174
6 180
130 74
335 339
340 416
41 197
288 242
131 245
232 309
422 310
236 884
409 714
221 475
7 985
340 7
356 55
161 591
343 119
64 183
84 36
407 475
154 791
144 284
82 405
234 805
375 383
384 664
250 595
196 527
447 424
225 842
318 334
109 53
103 281
386 929
405 6
13 974
324 399
446 888
53 924
364 614
361 269
235 967
224 572
103 704
375 291
40 899
297 576
66 681
118 488
173 887
396 737
330 660
450 784
247 751
78 598
384 593
4 96
330 723
60 839
269 660
425 466
380 150
382 975
264 26
114 257
304 251
13 186
189 566
430 716
9 325
394 289
3 345
330 20
458 191
372 358
240 143
205 341
175 692
347 757
326 90
14 326
436 342
268 542
214 861
71 409
230 319
94 578
316 287
330 33
401 162
442 451
68 514
331 218
136 962
76 91
90 303
190 244
334 332
471 956
183 73
225 420
287 458
208 41
123 14
34 378
471 417
176 775
442 170
220 182
250 625
350 903
167 340
129 640
195 331
263 11
124 555
239 240
189 332
466 418
214 156
23 747
140 778
17 327
184 882
392 234
78 549
18 360
449 616
15 809
54 443
353 659
273 110
32 237
72 491
240 506
395 491
72 750
200 148
161 539
458 397
160 697
374 38
368 460
124 707
228 801
391 258
41 762
436 916
436 573
7 221
54 787
301 561
158 84
320 775
69 470
239 66
355 906
130 961
227 811
374 357
311 298
35 53
267 428
421 983
412 47
107 269
2 78
374 726
324 748
101 782
382 35
415 564
375 541
307 741
387 516
8 13
175 844
204 342
140 970
266 232
150 284
382 288
398 878
217 260
432 679
430 772
381 375
405 693
156 56
180 725
220 570
12 924
123 455
337 955
247 225
252 353
412 44
203 488
472 6
391 79
197 317
30 127
421 279
427 235
64 560
206 278
143 470
75 948
340 593
267 967
199 438
292 796
470 424
182 158
89 776
316 478
286 859
370 558
251 842
387 329
153 796
287 816
460 108
195 176
317 416
411 76
433 268
419 952
235 571
447 336
409 360
54 801
332 801
33 814
306 157
260 207
396 538
197 235
13 240
243 466
230 479
165 461
332 98
347 336
328 131
101 419
216 618
26 708
317 878
204 667
252 530
430 527
211 873
266 587
363 871
378 880
44 216
227 424
265 13
39 332
313 798
247 101
264 459
373 799
200 212
46 959
148 120
215 861
332 872
14 482
330 315
130 883
472 695
128 146
457 782
65 570
2 256
273 819
170 817
360 885
35 351
250 636
109 992
409 818
289 87
248 990
460 389
34 818
14 832
98 580
267 311
230 631
86 431
451 671
18 968
106 75
323 828
72 667
353 867
448 326
290 511
303 458
122 72
144 546
424 440
366 657
257 887
267 300
95 411
306 833
119 708
248 21
424 780
94 415
225 554
466 270
386 668
157 933
96 16
344 964
451 35
111 953
306 145
86 948
239 865
325 848
429 744
383 676
434 495
130 864
25 867
471 190
445 543
25 864
335 182
163 53
214 451
168 863
246 31
58 370
103 34
268 786
24 546
369 635
152 718
239 549
53 68
166 704
202 188
465 604
376 442
68 765
280 264
55 439
335 75
356 733
36 259
221 396
194 319
318 84
387 937
398 481
207 510
370 60
29 991
192 803
282 863
435 173
408 14
310 75
463 816
366 200
398 344
387 203
298 895
446 81
42 102
460 741
383 279
431 704
64 447
357 173
329 980
388 142
314 952
45 183
189 418
252 610
423 762
222 447
260 15
21 729
402 147
91 289
228 903
257 754
45 35
280 957
181 570
138 134
414 59
403 681
388 166
210 654
283 894
215 496
117 769
148 815
184 818
251 770
283 197
474 801
81 623
235 280
366 554
432 715
128 76
321 614
20 257
179 653
166 602
62 189
128 896
27 894
409 277
270 694
57 258
221 364
461 199
114 300
469 667
118 685
316 342
286 812
66 129
26 257
172 627
289 297
26 453
87 911
107 129
219 234
159 818
165 620
75 538
95 432
199 964
359 196
74 401
17 246
396 61
445 478
286 466
309 396
177 292
179 357
276 80
394 133
127 61
316 653
323 182
226 941
396 124
224 942
275 319
118 661
352 774
204 269
472 24
114 361
211 305
72 41
177 763
370 349
208 820
473 842
285 146
283 904
465 117
115 878
406 756
7 762
193 710
436 437
237 879
403 144
425 128
167 673
312 85
443 192
386 659
247 411
215 750
347 290
402 766
422 108
463 306
176 131
83 413
90 763
71 11
149 925
412 432
379 422
177 409
131 677
134 424
182 890
59 633
428 790
444 64
422 997
405 75
283 645
432 260
222 847
315 326
310 169
404 935
460 984
427 506
370 392
282 238
242 127
180 729
65 160
67 290
75 628
212 815
36 571
167 919
58 753
444 408
17 675
345 635
213 739
4 23
324 519
9 371
378 309
339 824
184 694
400 128
55 970
199 424
309 58
294 272
129 7
354 240
33 767
332 792
145 442
120 332
395 78
462 511
273 772
26 251
309 83
302 760
218 889
427 314
188 260
180 776
301 618
232 216
317 100
10 469
42 89
349 815
94 984
21 432
360 756
392 560
105 834
367 346
103 979
136 425
181 807
422 965
383 64
12 786
289 301
376 243
22 18
220 357
5 583
306 120
348 917
328 684
29 669
311 579
43 131
428 560
380 109
236 930
138 84
409 427
141 637
124 259
38 327
271 911
131 450
62 821
63 310
131 74
20 143
114 747
166 409
242 275
368 656
422 637
38 854
143 333
16 270
54 969
215 921
63 648
460 375
434 525
208 714
311 744
422 371
39 508
36 745
239 960
125 704
448 495
321 995
199 56
440 911
100 148
111 502
211 694
452 343
377 800
23 661
85 854
108 812
322 668
416 942
190 73
44 941
313 21
356 86
366 931
215 760
449 394
123 411
401 468
238 647
100 727
290 866
133 106
234 697
126 745
463 743
240 361
322 997
442 117
207 702
218 496
442 793
46 360
223 771
297 251
218 455
425 821
84 319
54 317
111 586
176 216
240 517
380 979
439 625
157 615
78 267
150 606
423 165
153 265
107 245
332 147
430 458
59 871
196 588
425 696
209 911
43 764
267 46
10 978
325 977
441 53
271 480
393 954
291 319
220 731
314 527
159 151
66 187
467 759
254 289
142 212
396 286
97 446
362 775
375 126
2 332
2 158
455 439
248 7
401 953
461 829
429 691
310 35
224 537
126 81
8 412
288 992
231 320
183 777
152 148
333 206
127 810
426 216
272 165
251 200
337 436
399 838
190 243
25 650
155 858
403 782
64 747
287 131
214 23
44 979
14 618
252 169
132 547
64 696
34 510
380 68
172 23
118 803
223 787
94 896
369 215
306 362
178 657
145 155
314 136
308 583
107 194
371 47
97 430
269 526
153 909
278 576
220 500
471 802
140 623
310 80
56 852
144 658
133 350
362 857
272 354
248 518
257 602
368 824
339 786
244 753
117 170
341 205
171 615
99 982
299 626
227 3
360 622
402 530
38 562
256 953
260 216
451 566
251 471
374 69
272 529
463 971
180 789
348 192
400 579
383 705
111 202
465 129
353 632
412 884
339 674
79 6
309 75
419 758
46 423
206 538
335 35
9 161
193 740
185 895
383 940
191 45
44 991
8 698
410 787
298 798
368 361
446 811
133 436
55 293
421 172
379 825
389 26
362 770
381 884
201 550
22 866
197 73
65 186
94 19
74 291
249 719
366 795
55 13
29 16
97 491
133 493
381 309
444 421
329 698
215 533
286 830
232 911
427 597
270 228
230 472
311 861
317 665
250 259
82 141
338 215
309 835
139 308
344 887
92 517
344 107
304 992
457 197
297 665
375 987
293 578
1 887
373 482
196 820
319 265
359 113
344 649
110 517
22 702
280 886
85 885
401 231
332 762
124 668
412 562
406 708
344 692
1 506
25 686
416 66
460 171
359 334
108 574
321 379
373 245
371 839
8 300
72 556
3 508
344 926
64 152
127 4
278 779
209 677
98 16
471 298
460 159
209 863
320 988
16 830
13 665
379 571
82 165
413 956
243 936
173 106
224 988
239 416
475 528
206 281
240 679
40 575
24 257
37 632
88 777
330 533
72 274
366 877
65 905
190 256
37 706
75 687
263 383
219 813
398 74
450 919
440 501
162 62
162 787
436 158
216 760
275 107
275 812
144 689
159 875
201 204
217 593
409 639
472 107
185 742
262 318
11 470
392 6
36 560
309 171
388 275
384 160
439 671
328 842
325 304
23 893
308 273
408 596
313 48
459 621
276 284
55 415
141 679
6 277
465 683
210 683
261 984
176 570
165 592
325 376
442 355
85 802
73 723
274 656
442 2
328 768
192 6
207 536
195 481
430 839
471 640
5 68
387 163
269 548
153 46
408 790
234 117
341 294
57 217
9 484
161 506
257 222
18 19
43 919
32 935
61 755
348 47
129 981
427 60
201 808
205 570
458 354
376 498
309 712
112 647
363 830
92 30
433 976
374 348
81 693
307 34
308 678
267 182
435 275
205 535
48 588
97 138
362 87
363 646
475 661
207 672
237 282
63 998
473 668
230 933
370 920
300 684
270 121
77 784
328 688
99 640
75 710
410 120
321 442
395 772
123 501
151 849
460 725
303 469
368 228
79 700
357 763
169 515
471 551
159 134
198 374
263 847
148 402
290 671
193 935
376 46
13 768
193 256
253 654
84 567
248 615
259 720
427 713
226 275
363 866
143 770
288 485
105 93
169 689
403 633
63 52
421 351
339 148
444 492
23 933
27 2
237 778
446 878
248 634
159 907
82 242
167 897
226 1
311 620
258 51
258 191
31 442
307 520
246 743
258 871
360 448
413 374
159 49
277 559
257 214
313 345
139 765
301 594
314 286
453 27
408 35
224 578
215 672
240 923
79 110
347 965
334 724
261 52
81 784
405 348
467 613
202 520
70 785
201 63
323 805
465 172
212 783
146 1000
411 174
103 202
375 596
420 801
415 684
295 570
117 982
146 753
111 36
128 113
282 403
263 357
168 735
104 806
160 429
335 101
364 54
14 551
266 430
15 234
37 147
473 117
150 697
140 713
80 799
250 669
360 541
148 91
297 721
165 640
382 384
385 206
57 589
46 900
109 632
433 382
102 581
329 282
34 270
209 100
17 485
440 103
57 532
265 705
93 223
350 768
275 117
336 719
273 952
378 75
330 11
139 543
275 482
316 688
193 779
223 477
190 507
405 602
268 386
235 782
265 519
134 345
369 472
3 222
396 115
394 715
26 24
161 204
71 66
426 279
182 718
59 116
26 676
475 958
70 499
178 635
129 225
68 657
78 230
228 638
54 42
277 229
33 726
400 271
397 39
472 480
377 3
121 514
451 164
108 229
226 447
418 637
120 889
218 153
227 484
460 909
8 113
280 794
371 237
57 729
250 601
355 731
197 803
341 936
318 146
64 522
218 322
115 301
434 915
385 778
105 498
198 23
435 612
322 982
83 585
473 468
354 384
173 539
335 182
172 181
150 306
344 675
86 288
280 562
340 325
160 76
450 696
97 265
154 112
423 635
146 945
138 591
109 769
430 864
209 762
100 324
76 801
221 685
55 157
79 155
290 766
35 690
108 930
234 373
5 201
192 23
328 327
55 583
86 485
279 648
117 396
136 21
371 8
430 561
34 374
75 134
304 278
316 348
360 699
323 170
76 553
339 816
385 494
355 343
410 590
369 481
160 942
113 309
301 293
260 242
287 92
375 526
456 423
5 599
230 339
220 929
222 458
343 202
94 829
164 771
259 64
90 928
221 488
420 654
442 390
440 353
303 527
115 807
467 242
154 643
59 883
253 207
346 180
433 800
285 961
282 630
112 684
303 701
336 635
170 62
400 544
405 478
7 872
133 527
161 951
77 925
278 107
397 889
156 656
406 772
75 957
196 873
277 955
329 968
430 752
314 91
429 163
95 916
461 497
397 342
398 106
33 386
424 782
71 407
254 680
467 151
9 321
368 1000
128 123
428 26
335 172
327 871
120 142
126 413
438 177
22 39
13 97
137 537
87 662
55 932
252 813
300 22
328 851
187 357
443 294
249 562
162 126
54 421
336 804
139 136
154 725
409 629
76 437
448 467
355 779
96 908
455 428
298 344
236 399
100 724
41 473
165 106
97 743
312 385
402 366
288 541
369 440
400 729
225 620
252 90
355 85
445 461
190 260
434 99
195 803
288 733
82 668
339 228
115 814
301 111
19 218
236 534
455 630
148 764
242 447
430 413
206 159
358 975
437 277
223 82
457 399
162 340
327 109
27 401
279 617
396 607
6 16
196 297
357 522
347 388
349 559
168 365
206 130
294 916
372 640
301 785
332 563
396 556
294 347
223 108
395 847
138 473
176 832
166 111
180 316
43 383
191 808
100 11
11 780
291 545
65 653
46 261
41 157
34 811
374 472
241 565
269 222
47 332
349 892
358 223
208 686
186 747
225 808
229 6
407 722
453 335
312 353
33 141
414 11
75 966
365 226
130 194
193 414
374 469
309 440
278 219
80 675
209 844
331 192
111 569
242 462
230 383
76 775
361 639
240 251
21 721
356 421
78 939
201 722
430 905
72 136
170 594
310 306
159 572
155 844
341 285
399 789
452 23
386 253
210 379
236 612
116 137
166 265
137 161
291 749
430 671
278 67
106 608
106 764
435 623
441 958
421 361
378 133
206 42
413 269
397 234
444 35
379 263
427 643
21 449
223 76
154 317
460 670
138 537
173 126
104 80
357 407
48 716
453 127
324 736
72 440
260 109
28 680
321 206
104 296
216 17
415 582
120 534
463 145
204 911
388 324
397 709
452 485
262 806
44 892
291 629
421 504
96 946
146 841
21 662
357 922
382 503
371 999
251 753
54 754
45 732
332 65
225 895
297 701
93 862
171 915
366 740
332 725
105 545
56 650
468 496
29 564
428 589
271 773
118 387
405 169
84 201
22 542
57 709
465 717
298 407
92 823
227 412
83 268
229 874
398 562
238 403
71 973
357 452
319 280
437 115
443 228
208 139
43 610
332 962
70 97
13 572
375 214
232 775
267 7
91 174
85 354
412 928
364 875
30 731
318 684
252 267
318 318
438 381
264 443
447 631
153 853
62 814
23 143
244 893
430 143
238 254
248 551
307 375
311 229
201 76
260 11
225 729
63 139
43 987
438 35
376 34
111 759
292 367
190 887
24 34
305 402
405 778
312 699
454 87
32 536
276 624
307 496
391 205
300 381
50 406
99 745
86 82
124 37
175 98
107 369
191 315
206 606
47 310
161 281
430 671
303 867
175 951
258 945
335 378
307 446
281 455
176 109
202 804
118 387
103 225
363 711
316 770
244 349
450 540
113 741
451 526
257 796
467 501
98 243
427 615
