2000
492 156
199 73
79 341
80 259
166 738
419 724
67 491
464 295
71 615
115 195
241 941
340 101
499 745
457 337
281 223
287 1
459 720
262 11
142 85
49 475
299 643
23 478
427 155
104 629
192 744
165 757
493 384
309 616
231 439
73 778
378 621
329 457
255 960
33 50
295 634
434 566
214 409
410 763
224 688
329 584
366 961
149 483
205 876
168 534
348 939
369 300
302 497
204 202
472 115
353 542
50 272
320 265
210 294
471 569
50 80
308 504
180 72
296 702
490 653
10 569
7 222
215 158
286 648
272 981
26 657
246 290
187 87
209 872
129 254
212 726
103 394
108 481
246 791
421 445
338 979
405 644
388 84
187 788
198 958
467 552
88 643
131 997
38 279
301 533
489 631
83 991
141 96
118 323
29 572
424 242
59 341
279 283
371 350
71 859
201 265
228 773
332 467
366 895
479 658
437 2
198 314
229 591
312 682
435 673
418 56
455 135
467 992
282 154
220 11
328 42
435 614
168 432
340 341
292 104
190 796
335 313
343 306
112 580
301 327
240 177
146 993
78 11
470 678
332 721
181 970
5 181
295 936
217 719
393 716
450 430
298 671
393 908
93 375
112 903
79 134
452 263
309 361
361 820
415 810
158 759
162 152
162 759
364 707
318 489
361 850
363 945
53 111
407 913
72 750
202 71
240 638
192 595
94 764
25 777
29 336
354 102
392 651
223 419
297 709
279 93
29 237
384 885
247 853
246 683
121 629
382 123
397 37
166 190
494 242
112 324
19 601
406 804
104 649
456 490
290 799
194 468
31 692
97 451
391 998
335 649
199 958
423 400
159 949
159 722
8 574
32 483
392 736
183 679
82 989
216 778
7 795
25 965
486 548
461 410
220 424
139 49
327 449
194 333
341 678
118 680
377 957
105 526
13 734
174 637
217 799
145 777
85 667
438 791
329 644
458 215
27 200
303 165
225 297
413 233
308 426
47 776
146 98
61 65
146 126
135 721
459 960
268 963
353 734
69 419
454 792
407 304
5 730
335 719
79 847
407 532
388 163
484 480
391 7
123 578
324 588
230 817
454 117
446 389
456 521
175 921
11 500
210 791
43 265
277 731
471 135
256 886
26 402
434 141
134 761
268 39
103 350
487 322
97 870
443 518
45 693
499 590
227 274
486 263
36 763
225 933
319 161
198 871
486 993
43 616
494 413
233 452
183 752
170 794
167 7
493 437
462 270
121 886
478 793
192 273
92 373
144 895
293 713
162 366
431 111
253 877
216 677
393 512
254 587
301 306
195 599
288 514
198 758
356 441
347 165
490 27
368 758
379 217
432 650
90 746
138 6
487 39
161 75
129 633
35 206
383 572
150 475
376 869
93 65
432 377
117 764
168 22
108 692
261 130
377 815
270 977
166 631
132 729
143 546
334 165
84 170
87 449
66 678
253 540
465 80
346 551
457 830
267 119
108 914
171 795
70 862
428 667
135 396
158 349
2 418
445 567
20 336
295 24
183 759
79 911
301 159
40 693
98 621
49 276
68 145
110 655
246 702
168 576
165 371
132 296
404 499
474 642
21 430
180 515
28 752
205 360
225 383
356 937
83 794
94 482
86 361
126 242
230 62
355 694
440 266
401 517
324 280
351 1
43 263
143 259
288 727
343 614
468 527
311 515
371 481
45 649
498 120
144 135
79 628
82 189
329 578
134 120
287 675
358 534
119 541
414 474
317 326
373 694
428 427
162 163
408 512
190 929
314 714
330 845
189 636
253 995
16 265
349 568
195 931
500 956
63 144
29 249
296 914
105 262
138 239
317 763
465 430
255 663
192 206
490 403
54 3
177 656
207 527
394 914
490 930
297 885
476 485
1 946
119 509
129 781
273 691
114 888
498 393
475 788
267 505
285 829
224 460
396 429
431 89
481 842
356 513
398 408
26 911
238 823
254 719
70 482
275 119
3 928
486 792
487 640
391 544
34 436
476 881
178 44
465 258
200 536
372 635
52 338
100 23
198 835
483 30
262 792
296 902
229 294
210 717
185 780
50 214
10 276
77 643
72 79
287 947
375 961
310 489
255 991
220 709
321 946
147 159
105 580
324 465
188 70
462 619
131 309
223 371
255 690
221 275
43 334
83 335
216 814
181 849
35 376
142 721
119 201
333 252
325 608
442 887
1 500
470 730
140 935
48 378
52 497
266 430
428 258
278 130
116 643
417 353
102 499
218 717
30 446
292 1000
351 96
468 950
380 511
333 534
132 550
202 575
461 186
225 589
5 818
318 921
198 482
434 988
346 675
114 52
399 842
369 95
247 708
363 225
122 551
97 248
248 121
208 158
344 138
273 478
162 250
149 931
479 14
363 346
223 132
47 669
410 98
249 985
191 134
370 190
483 694
266 175
481 220
463 274
444 811
52 43
79 172
367 762
223 754
497 180
313 788
407 80
422 687
102 544
477 316
103 818
172 836
281 512
498 971
339 81
427 867
279 939
320 726
475 915
147 94
129 428
135 479
309 701
134 470
395 20
143 933
204 880
374 872
489 219
124 126
442 935
221 339
423 855
353 846
275 809
451 658
143 712
447 976
40 625
110 96
262 594
205 479
73 425
121 579
74 239
37 114
70 131
333 280
209 327
262 324
291 893
459 369
467 967
283 161
47 289
413 801
17 677
434 700
444 827
353 147
466 83
391 772
100 290
6 948
140 638
208 250
60 172
126 344
264 203
374 881
431 930
139 818
119 546
452 182
423 480
69 521
98 282
198 490
378 672
178 910
131 155
144 930
185 421
154 975
401 876
46 798
85 808
388 62
280 365
191 312
206 360
157 976
71 836
391 552
376 336
30 706
84 865
56 295
248 286
354 721
241 418
455 364
272 641
478 413
7 748
47 741
42 573
378 799
68 467
316 209
243 694
286 572
395 770
242 174
405 464
245 184
2 132
52 240
49 805
85 760
60 108
485 176
471 545
287 588
82 649
22 160
465 53
322 458
442 486
56 864
437 811
465 394
159 489
312 932
337 550
25 297
84 937
62 138
444 177
32 607
71 630
345 113
66 375
123 591
475 698
188 408
28 626
3 847
238 662
238 43
17 842
335 614
319 569
387 758
416 412
413 79
227 430
225 901
27 975
125 969
341 943
182 89
476 681
213 983
130 730
449 224
78 841
449 276
28 461
498 886
3 994
119 327
19 774
232 250
331 916
228 360
442 253
115 13
293 26
306 606
39 460
262 918
284 65
133 807
78 900
120 556
23 649
445 577
38 515
286 902
33 637
429 640
47 63
171 393
406 61
214 846
252 126
200 894
355 843
387 239
414 358
150 35
147 701
138 383
208 336
125 948
445 325
42 462
98 920
19 521
482 208
19 311
301 557
409 536
319 529
69 310
435 323
347 637
302 805
388 729
107 836
83 697
334 771
266 751
264 838
383 798
180 442
177 90
295 838
90 155
35 677
203 450
245 273
2 750
368 139
442 662
186 18
406 203
95 275
240 38
87 395
85 379
469 193
229 102
98 834
187 174
108 169
146 269
419 554
375 179
206 756
67 104
244 342
359 311
334 23
469 652
469 253
210 971
432 898
246 811
372 771
92 80
142 363
122 841
345 370
264 694
167 245
124 801
170 632
140 205
92 323
346 405
339 719
428 156
250 378
468 965
295 788
495 779
192 229
235 680
79 970
183 129
217 323
322 11
392 222
38 245
372 346
258 647
117 403
21 847
379 715
370 410
499 774
478 355
449 196
300 807
367 951
462 799
154 855
275 663
364 441
59 514
292 75
439 478
397 904
96 259
77 113
315 805
422 692
470 65
490 329
247 365
398 246
499 675
432 771
355 993
376 12
381 43
421 861
28 841
443 9
425 224
274 709
152 687
450 49
366 120
131 727
364 800
338 666
205 627
153 450
198 841
51 668
439 183
305 871
478 63
137 794
221 796
307 341
181 8
410 590
21 582
282 613
300 592
380 491
495 545
124 416
370 744
15 88
27 247
12 992
336 419
257 489
65 924
49 907
392 944
128 313
253 775
266 492
335 112
271 208
143 550
77 912
357 663
369 241
176 535
455 54
366 609
232 648
279 378
367 828
293 417
56 63
149 624
494 925
303 922
181 196
332 748
68 995
309 989
232 901
254 885
451 923
334 684
122 825
368 136
261 886
104 10
196 393
147 844
411 319
347 730
281 378
472 9
32 427
295 721
145 757
237 417
113 995
41 611
247 763
279 455
213 608
121 113
353 71
418 605
448 144
186 329
299 257
129 573
88 676
101 343
74 952
150 830
406 874
171 977
57 592
163 240
238 817
83 33
75 609
380 648
275 200
432 356
257 770
284 472
230 359
409 62
451 338
203 414
215 593
428 653
201 59
162 648
231 497
239 283
233 949
452 555
131 659
10 965
7 278
404 438
286 764
359 956
427 600
196 862
367 686
365 517
422 253
130 39
320 534
214 731
499 538
230 196
375 832
233 602
351 983
184 351
126 906
438 223
126 846
381 314
105 604
97 659
221 851
359 993
285 780
124 564
84 8
159 853
45 146
360 947
130 770
355 730
317 322
27 243
262 360
56 82
226 276
421 478
248 561
188 713
265 196
333 478
252 955
379 600
89 147
371 386
381 262
349 668
458 485
123 55
65 902
110 703
30 820
81 284
483 731
451 93
162 909
342 201
163 483
63 238
8 837
295 571
86 675
283 306
301 929
131 185
476 523
412 164
148 429
220 899
355 433
330 672
258 519
114 301
70 105
335 414
235 427
75 409
449 528
6 933
473 711
477 38
318 451
485 318
360 690
262 804
419 68
269 453
10 866
130 716
485 970
92 314
99 5
98 824
283 219
52 568
306 66
35 412
55 36
414 88
129 522
229 580
78 444
431 90
439 75
183 31
146 194
47 28
451 436
2 834
281 511
230 564
170 415
365 188
360 332
336 351
122 245
158 258
344 255
171 322
32 271
224 895
303 606
321 945
270 383
209 806
356 690
66 90
80 88
435 859
222 847
248 109
306 853
219 652
485 209
319 244
222 574
250 119
434 915
297 834
273 659
374 625
412 207
88 947
54 123
420 608
96 400
51 521
270 369
98 970
264 325
95 389
94 20
411 396
467 941
183 6
158 174
73 995
81 516
312 507
232 359
374 825
397 120
456 321
298 283
204 646
174 617
99 358
358 72
183 810
483 494
238 802
129 912
57 670
315 781
90 436
434 122
300 831
192 724
289 401
214 589
229 704
310 680
255 947
365 62
338 77
335 466
457 757
380 173
430 111
365 880
71 798
242 292
453 498
445 551
293 261
217 446
445 905
194 340
225 303
296 777
155 114
487 169
377 397
128 654
105 279
1 97
355 638
399 692
352 546
91 510
260 810
402 110
109 773
369 670
21 419
189 88
5 532
146 514
458 872
497 390
467 744
173 446
396 371
189 469
58 115
102 445
68 52
150 744
443 507
239 316
147 309
185 298
148 725
323 695
423 156
327 30
463 704
307 988
311 199
332 964
373 150
129 395
180 46
23 600
496 98
431 408
38 372
47 857
119 391
230 165
302 414
419 973
490 508
112 826
432 969
341 993
77 23
176 860
349 998
206 96
155 446
22 518
333 967
362 600
34 98
386 253
421 351
176 331
453 85
23 460
281 889
490 985
467 388
235 873
292 558
140 852
410 673
58 706
360 703
466 94
392 260
256 929
154 959
155 113
418 814
273 276
176 247
45 102
143 92
405 251
153 573
156 189
316 401
442 365
257 585
130 132
356 405
106 452
163 245
37 444
500 6
488 411
464 292
153 723
111 857
299 765
260 444
309 340
437 521
47 602
22 589
428 65
226 880
441 157
409 228
111 363
287 653
281 612
395 554
455 326
192 860
212 323
56 221
306 580
231 341
408 967
405 789
384 774
120 863
298 538
254 596
406 508
482 754
30 435
283 978
299 283
59 420
139 389
343 797
233 860
215 305
152 29
2 367
163 180
496 590
442 388
427 427
418 949
262 653
204 461
36 922
435 593
486 960
106 380
407 359
31 431
291 828
379 574
419 676
210 753
392 19
161 217
163 410
165 444
2 277
499 886
412 898
405 877
2 848
460 385
259 522
63 193
415 199
108 52
451 823
148 540
475 990
125 569
177 552
51 945
96 590
491 563
256 243
22 201
397 445
309 290
317 63
145 941
54 451
258 448
238 413
16 225
284 641
413 86
275 411
402 91
219 420
348 606
130 568
446 41
282 896
294 594
427 176
108 262
208 734
112 179
332 813
121 182
180 911
452 635
113 376
169 586
107 1000
313 797
453 705
296 73
447 36
394 421
468 765
500 51
201 210
104 385
154 557
136 413
408 148
293 482
307 341
438 64
433 173
95 941
35 24
377 652
28 148
252 8
268 305
494 198
68 210
314 515
360 947
108 988
78 544
306 999
1 964
28 47
280 670
383 905
68 288
496 121
114 142
34 320
189 942
339 888
366 957
246 284
471 98
213 978
64 376
404 432
490 355
285 730
315 391
340 547
424 699
139 800
2 909
105 118
345 677
483 397
163 822
494 129
377 400
387 673
348 80
7 81
227 284
106 947
135 403
73 939
328 984
448 273
258 435
230 168
455 233
108 912
80 406
333 852
172 847
399 203
43 647
241 718
346 27
321 77
492 482
432 919
326 76
61 736
306 33
455 149
401 57
72 113
393 142
153 884
361 92
382 403
121 322
308 487
64 746
73 296
480 418
280 71
285 189
376 994
284 97
344 269
300 179
36 723
75 105
93 13
14 699
141 788
200 984
58 972
65 4
437 675
188 604
314 36
153 36
90 355
65 140
34 916
224 634
58 939
351 750
264 149
481 245
68 807
239 117
251 772
280 629
65 329
234 926
48 751
160 352
454 137
16 846
193 152
487 440
90 53
282 20
354 728
425 114
88 63
138 355
21 912
408 589
236 392
154 901
31 624
17 997
49 29
165 533
120 537
401 877
56 368
122 790
333 866
270 6
468 434
246 779
489 788
441 846
292 334
296 675
30 606
374 409
54 600
180 693
41 399
176 524
42 122
229 580
37 549
205 339
113 819
324 864
346 98
268 151
267 394
290 94
120 557
68 814
214 495
220 77
129 505
208 217
144 192
321 999
129 579
262 146
287 492
329 315
243 139
355 904
144 592
462 798
199 250
164 934
409 352
173 420
256 968
115 110
121 648
190 619
317 890
220 430
427 641
387 561
191 693
147 437
97 41
384 440
441 43
183 750
233 119
230 769
180 382
250 490
112 330
218 587
138 862
40 543
147 405
75 370
165 314
382 214
260 977
22 315
160 709
118 896
236 703
100 189
5 6
168 17
87 290
430 913
356 266
380 620
332 971
360 626
402 888
370 229
37 734
63 503
173 288
244 493
483 707
332 250
406 142
499 343
237 658
111 24
341 822
395 867
226 643
93 441
117 371
480 987
417 869
116 315
268 795
248 388
7 348
83 76
333 27
285 493
157 655
106 900
248 426
135 512
155 460
277 103
12 288
299 777
251 663
288 979
335 587
242 174
483 39
4 587
341 75
33 660
356 882
387 207
427 95
214 246
44 739
414 517
221 32
56 957
151 760
229 897
206 637
208 917
340 21
431 872
357 804
96 523
481 35
234 87
411 852
314 545
51 848
420 922
427 908
146 132
380 996
95 713
322 878
197 408
77 461
243 486
200 313
269 980
66 378
438 717
337 406
202 5
146 243
369 919
151 249
196 145
37 913
419 301
71 56
50 910
397 990
422 895
27 316
46 800
500 114
208 452
54 915
17 286
308 768
69 744
419 688
340 757
447 933
94 178
421 367
409 500
189 925
487 642
174 242
67 163
206 520
330 199
27 966
224 797
397 719
126 1000
461 967
384 532
474 388
303 681
150 555
104 738
216 768
392 504
33 998
181 171
129 237
230 660
355 251
436 692
83 609
118 661
307 664
104 23
491 348
16 747
335 475
340 233
225 510
234 52
321 137
125 456
138 648
188 993
344 476
353 554
401 772
140 338
336 589
16 663
317 516
262 828
231 647
103 182
292 647
450 873
254 401
477 70
392 760
202 689
86 171
481 788
423 117
54 373
79 237
195 674
59 491
317 860
210 537
387 299
357 188
155 146
450 815
157 614
1 185
285 505
257 852
366 412
94 461
188 339
400 790
304 773
380 880
326 924
468 188
89 980
395 89
238 859
52 294
132 455
240 652
136 783
269 83
452 959
84 791
136 945
339 291
217 431
239 594
2 679
366 157
45 819
13 305
451 899
150 154
81 890
251 74
33 387
478 577
476 385
186 106
230 589
461 201
437 149
35 698
140 687
53 168
384 815
133 527
451 453
269 179
197 684
369 362
290 505
269 883
282 236
476 74
34 704
340 744
390 464
274 865
400 193
461 402
187 965
139 318
77 777
465 865
347 583
18 861
334 239
209 588
312 983
342 314
106 926
298 967
52 184
489 175
287 299
275 604
351 7
497 464
301 89
259 570
250 72
408 18
470 791
500 606
462 935
77 810
131 59
314 819
5 244
302 403
199 959
255 676
328 246
88 239
108 389
355 286
444 386
337 312
18 457
347 338
481 550
64 498
311 816
155 505
96 242
443 598
22 919
54 263
154 619
198 156
462 6
97 967
487 799
54 997
412 125
262 701
214 63
40 210
28 494
339 504
433 594
312 596
28 753
432 729
3 776
28 278
317 624
81 155
235 836
6 914
389 497
480 277
334 309
176 591
207 840
417 994
309 580
273 588
177 926
82 48
243 490
225 53
389 859
308 155
350 342
147 519
266 25
153 932
161 389
26 442
457 767
72 674
337 275
77 536
384 318
285 307
29 729
393 137
109 891
427 477
244 843
159 567
213 380
183 992
249 470
83 773
226 329
357 410
411 580
156 431
199 615
421 294
274 460
426 842
110 120
396 13
341 599
209 367
6 225
9 354
289 805
149 77
329 254
59 117
52 387
76 932
24 722
156 289
2 96
107 828
174 476
323 226
296 346
19 532
330 505
327 769
259 532
126 431
386 904
30 402
117 566
449 159
327 962
96 555
240 740
89 456
306 893
