1900
354 311
346 461
446 393
199 116
68 764
193 474
347 758
60 770
397 628
39 916
54 794
162 176
214 354
411 473
134 204
72 959
283 270
43 860
94 515
32 866
315 488
108 430
152 421
394 941
446 899
290 642
115 195
353 573
178 205
141 769
326 894
54 592
50 965
455 159
37 620
386 162
77 388
435 578
217 964
312 375
85 415
418 942
240 441
432 823
114 477
186 250
122 131
212 777
435 930
135 357
391 230
113 34
331 579
52 686
279 628
336 720
448 901
90 448
453 959
429 111
234 275
334 788
311 672
45 540
303 856
372 720
250 848
147 789
389 336
164 124
107 834
143 128
41 854
458 818
126 246
128 235
69 252
142 641
418 1
451 1000
103 688
288 990
185 235
382 855
244 248
308 775
365 596
262 226
353 656
345 978
312 779
401 507
398 770
25 618
452 162
267 208
50 801
156 771
185 90
282 286
343 932
119 675
475 480
399 802
337 746
30 764
286 608
302 385
455 453
462 469
445 690
168 922
257 181
17 6
48 774
64 938
256 759
20 930
179 64
79 846
384 357
321 303
236 923
114 455
62 297
152 473
49 135
369 113
302 846
295 502
308 282
443 811
330 881
106 643
109 392
29 706
256 806
308 217
444 226
52 880
110 824
90 221
292 721
422 738
217 679
227 596
348 488
352 564
284 127
135 874
431 314
157 468
199 249
415 384
449 192
291 591
219 736
79 913
20 837
100 657
330 218
346 955
55 831
96 137
333 637
407 667
53 182
174 421
144 431
245 351
424 355
358 465
405 117
149 213
345 233
293 536
412 244
197 443
129 463
52 505
347 415
73 295
8 380
121 735
308 341
221 239
279 257
383 778
466 733
195 42
52 229
451 758
341 907
10 863
35 747
72 250
223 398
159 179
354 466
70 374
220 590
196 138
426 580
220 865
232 458
351 108
103 316
280 188
73 477
99 608
276 309
121 453
173 82
381 9
223 774
375 622
99 542
102 667
94 313
304 113
174 926
222 308
45 987
238 520
439 473
95 515
174 281
218 475
123 782
291 275
299 563
304 559
157 515
461 373
61 261
319 906
441 740
191 832
359 43
427 889
94 294
386 234
334 995
178 461
176 588
6 25
321 683
357 712
84 633
409 681
104 497
200 531
406 775
401 428
84 176
360 37
406 177
364 840
344 822
34 888
27 576
382 341
421 933
342 887
117 630
42 749
192 638
86 47
26 402
471 749
148 117
431 296
76 747
67 512
346 574
407 960
354 867
431 783
26 654
286 401
475 337
389 934
312 25
101 546
85 610
452 606
95 203
151 591
212 743
38 745
10 70
278 580
427 776
442 272
180 696
345 793
56 32
27 882
435 43
253 133
92 444
451 163
305 238
52 283
412 604
407 823
210 503
387 193
159 980
458 592
142 393
399 288
361 339
11 167
416 665
398 391
400 945
340 509
386 470
30 806
247 324
400 277
74 77
358 870
328 102
82 214
402 966
351 464
376 110
353 935
6 837
471 220
281 659
238 839
176 489
326 73
185 355
455 631
113 769
475 995
356 110
414 939
47 993
409 875
208 638
386 480
207 954
280 363
44 316
419 463
206 702
24 878
58 734
261 927
186 308
356 394
234 159
426 336
415 409
216 335
279 660
198 819
249 937
461 47
457 854
277 289
391 613
382 83
298 562
429 76
304 983
312 13
460 107
23 688
70 738
244 726
103 159
281 446
395 213
152 733
189 170
347 419
375 612
267 979
102 167
43 130
1 651
184 485
250 435
332 606
174 587
421 434
36 460
205 247
26 298
425 246
210 179
316 398
272 426
250 976
89 969
164 924
85 583
269 826
298 505
377 219
75 23
415 32
269 363
128 704
123 80
398 237
346 561
128 317
436 430
212 348
369 742
75 535
446 507
305 418
341 336
288 864
333 814
44 38
85 133
433 689
397 603
216 27
86 3
471 371
99 186
397 249
356 309
117 916
357 255
160 245
79 90
73 445
7 621
459 527
251 575
427 906
64 599
270 112
384 75
102 790
358 358
148 957
436 653
426 891
194 577
280 807
65 265
55 755
378 104
452 807
472 914
299 746
73 561
115 578
38 162
279 718
458 686
193 280
289 647
387 529
14 338
463 81
279 596
276 113
341 834
178 293
233 293
273 954
324 932
165 703
338 499
325 90
433 413
282 51
326 343
305 473
30 996
64 651
34 417
455 413
207 545
204 434
262 497
288 163
407 7
420 816
365 278
281 118
193 755
464 285
76 540
400 6
335 424
160 570
254 518
370 827
12 622
82 885
336 283
132 76
453 642
267 642
396 694
466 649
425 142
431 45
52 945
211 22
227 328
209 126
293 560
80 418
163 190
189 563
286 273
110 905
275 218
329 584
247 278
339 503
255 350
275 57
442 989
97 840
319 968
438 266
362 53
135 935
38 556
199 777
411 50
7 317
469 693
355 476
442 169
190 813
18 1000
135 794
252 956
360 51
384 589
300 714
3 279
449 534
51 19
110 458
327 932
265 741
380 822
371 459
170 842
100 824
456 426
315 768
160 32
382 431
468 196
430 600
78 422
163 128
237 511
278 206
68 392
354 80
460 864
51 753
84 661
71 794
154 48
409 195
44 521
274 251
214 50
243 445
186 141
232 699
446 882
401 25
262 517
122 74
205 330
67 312
357 88
273 682
62 291
170 753
211 109
206 51
63 343
156 18
397 535
19 506
288 343
50 174
391 25
400 790
406 946
264 430
316 740
351 935
247 708
59 565
431 596
377 188
157 718
79 829
34 700
72 353
256 653
95 42
452 831
33 704
351 939
335 650
408 666
331 786
186 136
181 892
193 353
465 751
302 670
121 473
279 409
373 397
255 829
92 750
206 301
302 355
338 96
401 917
18 58
93 733
427 335
369 359
254 584
135 504
322 644
153 10
21 378
433 647
143 956
78 102
364 811
400 341
29 606
13 654
180 135
279 571
114 308
102 469
388 458
245 995
370 593
32 942
389 389
66 120
350 760
229 305
113 169
21 79
205 580
31 437
291 375
448 695
269 625
320 852
104 718
360 348
104 299
326 300
276 28
31 345
264 434
183 241
200 310
224 226
219 647
427 967
286 657
445 801
275 939
450 290
23 437
433 14
307 629
123 309
371 607
55 360
268 82
448 191
70 984
198 321
93 357
142 517
434 574
33 655
362 892
254 88
431 16
412 733
211 163
316 533
323 904
27 307
101 382
195 675
205 985
405 202
40 530
415 49
417 200
424 717
455 915
10 277
73 568
254 642
32 891
473 459
446 222
287 770
434 692
415 467
248 646
227 66
67 333
465 779
23 615
266 815
367 343
453 89
372 493
232 121
458 779
291 208
413 284
344 64
382 158
21 437
84 756
388 195
195 842
133 374
412 906
464 256
390 210
237 277
247 251
342 27
239 485
170 880
365 797
245 680
323 436
318 7
128 366
376 827
292 674
197 818
356 702
111 755
436 843
389 987
342 807
261 470
235 532
116 606
278 877
465 337
437 820
187 99
224 264
129 869
370 637
398 34
126 483
22 331
282 778
25 834
414 756
440 688
278 409
91 96
450 552
446 347
153 966
89 685
159 604
100 461
365 843
461 90
230 886
324 937
240 532
305 226
9 660
217 946
352 264
145 319
117 439
163 551
17 966
327 784
159 964
172 728
210 696
336 809
284 173
358 572
89 849
69 243
1 607
432 189
96 407
284 939
141 910
382 750
92 3
67 469
301 374
301 803
133 366
168 993
280 405
383 638
159 164
62 317
209 389
217 764
116 440
212 41
18 114
53 156
7 649
246 82
283 593
80 350
232 956
130 897
14 809
183 884
316 617
254 923
420 167
152 963
107 607
240 693
230 409
291 587
229 923
66 879
166 183
369 242
134 772
217 651
286 62
362 168
187 380
395 781
472 605
338 215
161 923
196 295
353 503
290 432
376 401
40 250
274 21
19 185
82 202
110 880
3 35
31 532
164 309
335 284
368 897
87 217
17 900
398 51
434 905
348 764
109 610
435 52
257 77
409 667
349 910
190 422
348 165
389 927
362 781
39 186
187 726
164 124
169 622
352 193
282 531
111 841
438 670
216 843
270 62
236 967
187 808
319 840
445 949
469 663
108 929
70 275
119 984
187 272
233 220
109 421
192 964
135 346
159 125
447 532
198 870
129 352
403 896
354 19
76 157
422 888
59 147
368 481
73 722
220 985
403 890
66 655
137 980
233 115
260 439
205 751
127 22
317 258
323 405
219 958
159 984
128 865
432 21
186 89
391 253
425 353
330 591
172 29
427 378
309 704
353 220
130 375
405 625
302 839
394 861
438 81
406 895
350 652
196 28
162 532
112 663
202 2
210 87
63 281
451 610
1 837
407 759
465 176
463 853
98 239
224 142
230 166
153 713
69 384
60 706
204 303
119 988
95 560
211 628
27 76
457 310
156 833
389 778
137 644
261 911
192 153
334 492
209 380
65 262
395 84
429 808
254 177
25 522
423 174
161 729
38 627
472 999
56 751
461 248
219 28
266 370
34 884
34 328
228 809
218 183
318 854
357 155
360 654
81 405
465 790
446 516
455 473
316 40
118 802
177 480
194 373
473 641
264 191
92 976
391 107
401 416
8 826
200 555
1 134
360 319
72 959
2 95
281 239
459 953
84 765
304 789
243 253
208 144
403 324
250 212
297 265
189 60
265 34
375 89
114 135
157 399
441 850
202 832
394 728
424 340
241 666
249 581
273 325
13 234
277 798
8 47
287 52
453 461
394 17
52 413
56 802
120 747
319 504
384 108
257 385
101 917
274 930
68 646
472 587
377 11
472 374
123 591
288 604
313 223
398 696
278 104
419 891
441 946
242 458
452 423
332 76
445 210
268 687
369 835
468 990
142 196
437 572
72 373
432 432
145 503
11 449
171 314
134 302
109 685
189 72
225 610
194 587
214 933
284 118
113 767
238 453
100 309
237 734
435 54
342 130
315 254
126 822
10 754
214 142
426 450
22 219
437 527
141 858
184 93
228 716
198 283
18 232
65 274
354 599
412 234
314 859
230 4
75 398
312 172
99 50
20 952
177 657
348 895
314 218
6 153
460 843
9 278
72 899
247 405
352 25
415 623
318 279
106 838
35 832
267 374
318 385
75 707
277 965
337 295
448 137
140 338
270 99
49 194
405 783
50 475
162 2
143 256
49 413
386 250
102 665
321 538
344 892
259 941
54 11
417 142
75 622
117 748
314 258
431 96
67 478
141 641
242 272
76 215
238 26
436 410
446 105
434 838
147 239
320 923
162 824
373 897
183 567
82 290
69 960
327 89
392 57
26 569
429 35
339 878
425 22
282 285
420 224
359 350
433 123
471 241
411 550
147 253
374 481
50 765
247 927
282 551
475 657
264 785
146 252
168 422
341 508
42 116
179 992
454 811
423 61
170 626
274 684
467 798
247 54
87 204
464 294
148 7
406 55
7 421
216 957
421 605
30 210
348 332
34 610
29 846
201 221
472 967
391 463
187 721
137 917
6 193
301 847
416 663
4 965
110 997
206 421
226 977
4 576
372 733
322 259
166 934
313 863
66 241
251 183
56 453
381 461
74 263
90 195
3 712
445 893
196 646
9 671
7 772
54 911
388 163
66 390
393 492
115 312
161 80
296 150
181 444
220 665
115 803
329 475
276 456
98 415
117 453
191 798
454 325
245 210
363 762
148 435
413 950
129 559
309 961
335 64
50 234
366 371
426 63
344 533
416 654
380 159
14 248
301 324
165 144
315 665
410 214
8 658
153 891
198 284
385 199
131 295
57 105
312 815
396 886
175 73
190 590
97 975
386 78
451 601
460 661
448 287
168 167
429 20
52 913
387 845
172 167
145 170
45 814
253 396
161 936
307 846
14 183
121 308
164 713
53 147
358 982
376 965
143 361
38 916
386 890
331 217
470 299
152 999
100 653
356 91
135 236
257 770
158 844
107 702
120 331
299 791
296 2
236 54
334 103
430 673
454 761
332 651
335 631
56 240
424 903
450 538
297 782
16 618
440 163
287 409
212 266
223 103
151 328
71 426
265 705
255 557
377 418
226 311
386 391
416 362
7 185
73 330
76 152
13 637
390 427
428 363
127 704
456 269
124 342
366 12
98 160
215 23
197 418
387 348
268 331
457 550
279 668
46 192
320 841
7 753
130 857
199 756
41 197
230 198
215 326
94 186
383 934
316 137
146 706
464 150
339 577
411 12
16 904
235 418
113 988
338 92
272 935
24 200
298 389
235 433
469 448
313 529
290 100
103 901
97 56
158 993
66 362
182 551
81 246
378 355
45 619
335 1000
403 559
179 73
97 656
45 654
165 270
260 652
444 951
356 530
77 922
316 965
86 390
291 399
86 182
432 69
35 367
348 881
376 994
23 28
74 764
151 100
410 58
458 915
239 598
105 168
250 112
188 33
75 124
332 225
136 626
473 72
409 368
237 17
82 460
236 172
383 719
233 836
287 78
10 486
154 458
134 441
194 224
465 710
1 496
202 399
312 337
297 26
12 743
392 281
434 513
250 502
293 403
309 179
192 723
21 603
149 75
208 151
10 184
308 972
332 79
387 518
475 858
167 421
54 999
125 292
303 488
57 720
207 910
44 58
177 553
133 977
400 409
318 848
256 753
12 401
471 199
342 251
424 826
223 397
1 382
436 499
168 398
305 208
208 668
121 183
426 394
200 607
355 443
318 348
220 654
180 34
132 201
473 598
296 74
89 316
441 503
314 629
83 129
412 378
61 699
187 684
195 97
421 266
389 204
83 744
71 912
132 87
131 845
11 897
463 581
346 713
148 950
406 22
461 812
10 811
407 385
380 134
391 647
289 383
315 58
466 156
417 118
364 634
236 547
297 277
368 584
397 306
382 497
411 325
5 57
221 143
368 38
420 741
220 792
395 259
311 542
206 710
405 948
223 47
234 816
404 333
168 338
17 54
129 608
104 523
418 497
379 472
425 269
425 197
101 171
306 748
109 915
195 84
470 650
1 924
292 222
14 540
362 157
86 555
38 505
425 377
31 862
342 228
279 499
446 728
365 311
102 126
462 196
6 417
161 416
258 574
74 492
123 955
81 861
83 989
380 87
85 669
454 654
234 775
165 509
94 667
396 849
14 395
422 542
9 434
61 50
331 481
461 569
167 538
435 509
54 361
32 820
291 16
264 119
229 775
326 208
281 863
175 976
149 858
189 210
36 340
390 873
428 322
130 565
246 135
350 604
341 212
217 383
134 938
111 866
423 764
204 486
439 757
153 454
382 598
402 287
345 348
206 16
355 345
297 862
248 235
127 557
394 125
293 409
407 921
214 329
142 888
155 669
264 653
175 450
204 752
91 146
287 800
188 962
116 255
353 998
233 344
205 754
290 383
43 428
157 968
317 167
249 197
176 914
101 188
249 652
331 818
331 453
417 49
240 104
426 403
206 633
317 514
8 559
247 664
101 29
404 229
116 603
72 306
430 270
422 658
399 560
198 710
59 737
89 724
336 211
60 687
332 413
205 723
211 877
6 989
448 627
63 125
113 255
251 428
111 43
177 339
331 202
14 155
273 847
464 967
391 102
308 551
143 857
83 898
255 270
426 586
143 311
421 592
408 919
107 991
30 841
167 708
430 145
56 250
332 466
464 388
238 774
257 531
285 593
111 480
375 645
258 129
272 673
170 320
439 67
90 372
227 138
106 947
115 704
320 540
474 815
150 118
335 321
95 624
183 178
312 847
352 530
264 151
231 998
51 531
397 292
101 24
239 970
307 334
246 66
376 746
454 818
326 664
437 541
428 703
383 777
185 149
278 634
35 169
265 258
131 984
416 841
225 138
399 698
317 666
434 901
26 837
140 115
451 934
149 347
222 204
366 576
459 819
230 333
293 579
220 239
17 978
244 249
318 336
378 275
228 755
39 606
228 33
5 787
473 163
35 129
219 346
29 763
289 343
108 829
401 185
330 48
298 710
79 257
104 22
47 927
308 25
140 659
97 147
213 717
47 753
47 47
411 792
200 977
217 85
429 49
341 788
248 456
396 273
144 731
314 114
105 473
367 856
24 764
224 504
310 390
119 330
259 536
428 959
429 412
339 638
449 424
138 142
113 783
369 819
462 745
327 195
272 898
350 509
207 485
267 269
31 175
78 915
310 783
183 502
115 514
277 147
181 736
216 284
124 258
22 820
189 150
30 18
341 77
148 499
290 388
254 88
374 921
70 444
355 239
429 225
226 604
246 840
140 817
195 549
86 876
462 660
133 284
216 863
30 713
118 881
346 900
44 175
213 777
58 331
458 451
302 300
172 993
462 630
288 171
179 903
408 591
33 657
240 822
76 92
413 674
325 163
332 756
347 441
69 377
155 11
344 505
420 633
192 272
473 494
206 930
407 850
34 172
285 46
152 940
329 935
162 809
144 787
46 228
416 49
359 405
203 762
215 735
363 487
6 191
187 2
46 932
423 140
268 925
61 218
95 943
65 511
364 235
86 870
339 483
277 493
302 388
344 88
215 683
351 245
451 799
288 343
442 839
393 171
250 631
105 264
42 459
369 998
151 193
132 539
3 855
230 863
