1300
80 163
269 995
148 976
228 532
166 922
199 902
223 327
173 135
240 574
173 55
273 565
52 532
160 288
241 949
223 761
178 584
267 932
89 674
188 997
9 596
192 706
316 380
204 585
268 777
262 250
175 399
54 61
267 26
289 117
85 416
44 24
197 344
102 560
254 996
205 680
19 144
225 21
226 335
237 626
255 740
140 120
137 608
278 778
254 729
128 197
39 937
97 182
216 21
94 508
24 675
3 972
142 915
62 443
98 443
123 704
71 102
258 833
152 624
142 446
200 100
34 836
129 46
8 307
74 658
145 821
277 698
244 869
245 925
7 319
139 269
117 446
303 685
50 605
2 730
93 312
191 510
226 368
155 292
252 354
299 189
259 363
267 60
190 316
110 642
101 709
28 202
35 144
37 475
257 935
184 736
142 270
29 846
134 618
25 997
198 59
57 188
230 769
250 853
287 389
148 265
315 60
138 563
168 306
156 356
325 325
237 823
39 98
212 793
136 7
249 412
198 183
230 208
27 605
96 447
36 803
77 389
37 284
96 154
12 991
182 675
184 306
253 904
319 42
82 581
59 487
81 614
200 453
194 131
88 767
145 686
135 551
3 80
253 800
319 681
105 268
192 19
321 805
299 155
60 456
323 909
161 930
243 411
230 804
277 428
55 21
162 1000
10 965
97 170
46 655
208 722
218 609
42 762
218 267
17 244
286 289
215 466
193 983
123 347
36 395
61 239
107 662
88 767
114 706
92 97
124 19
309 202
276 453
206 241
93 754
208 156
157 126
57 164
193 899
113 275
213 510
33 344
288 803
81 19
305 296
151 382
25 45
219 848
90 841
153 126
152 643
16 806
159 292
228 431
66 641
314 734
200 382
225 901
131 800
24 529
93 484
2 536
26 696
216 323
165 254
262 926
51 980
163 65
97 412
151 514
155 781
50 385
124 843
176 902
214 792
283 577
264 880
268 854
126 260
139 461
30 200
229 372
172 213
137 304
160 439
57 131
107 562
201 32
207 354
108 496
298 74
305 63
184 221
21 668
270 62
76 916
82 32
225 979
260 324
93 925
281 485
293 598
215 461
51 647
259 107
176 237
273 601
25 495
104 865
291 450
129 738
303 962
214 166
276 748
157 408
92 736
208 245
195 671
11 527
191 775
208 677
241 761
254 703
78 317
90 57
63 986
84 554
199 971
302 50
37 721
78 909
317 492
99 626
107 354
244 119
274 217
291 921
281 616
253 108
53 209
66 770
31 491
29 728
67 120
275 692
101 559
56 556
90 477
322 306
310 238
156 514
193 62
67 66
54 195
67 809
299 974
199 331
63 135
157 693
94 814
148 234
179 821
225 550
149 441
27 654
247 629
314 186
131 252
174 678
239 93
204 521
44 255
9 911
78 130
262 142
204 296
187 642
31 525
51 880
98 752
292 704
137 928
266 945
5 858
243 4
103 396
170 810
47 874
31 796
153 444
161 188
152 176
32 872
117 856
214 667
233 286
138 993
172 796
185 824
289 440
43 177
266 646
36 589
305 523
143 903
178 668
61 804
325 130
31 346
14 89
242 809
208 163
3 238
21 703
140 416
157 977
263 7
313 343
65 285
261 507
138 586
221 838
213 583
261 75
2 101
53 219
230 211
192 608
324 586
254 895
215 735
114 861
16 766
8 760
86 416
290 779
24 358
135 847
49 129
112 332
3 863
18 517
190 413
225 688
11 841
161 148
7 160
148 845
121 72
273 565
127 67
132 567
305 121
169 492
290 25
168 239
3 516
213 847
308 534
231 124
83 648
144 185
264 437
32 932
309 204
289 128
23 109
65 515
204 460
38 823
282 387
108 693
241 762
223 83
7 460
271 380
118 15
165 646
83 768
18 531
181 812
151 388
196 111
177 811
84 883
55 864
142 47
174 43
69 964
109 343
70 855
200 126
142 337
59 20
200 798
295 218
244 616
139 518
20 116
106 139
82 295
191 114
115 753
31 39
59 429
217 670
91 17
16 416
110 951
75 59
190 17
40 167
264 523
184 359
253 40
208 405
137 577
38 761
147 232
237 488
32 568
105 516
229 570
96 579
237 423
16 557
261 851
235 386
118 201
144 901
306 531
268 526
126 289
319 69
283 929
133 451
137 332
324 176
186 843
33 29
137 486
149 17
26 189
281 274
49 359
300 960
212 4
171 131
201 873
324 981
102 589
183 252
304 255
227 528
62 333
291 333
160 99
93 790
221 786
162 215
20 511
318 465
266 506
43 977
11 57
153 898
218 703
269 768
143 688
132 260
102 212
146 208
262 613
191 743
210 44
64 867
262 509
69 903
150 470
210 531
216 563
254 33
169 899
80 704
115 687
144 973
94 658
167 620
64 787
117 439
99 612
36 180
183 740
122 966
95 567
94 991
256 584
191 386
151 316
313 209
82 205
25 649
27 462
223 871
166 427
193 837
175 863
47 45
263 818
201 311
290 136
170 86
15 778
21 936
118 466
5 783
1 469
180 778
83 708
171 915
49 85
131 924
30 963
190 290
234 365
187 634
109 520
11 268
273 986
13 421
278 77
79 957
135 5
188 25
228 732
306 169
214 564
158 154
323 940
126 219
104 909
36 855
5 807
276 70
227 381
26 42
214 494
219 8
70 538
227 995
286 169
246 396
144 585
271 764
26 98
25 318
98 322
68 845
212 401
267 194
46 639
204 270
143 536
176 723
310 65
79 837
305 152
60 746
57 582
30 923
93 192
17 78
95 943
212 734
235 230
83 713
257 242
311 178
71 250
273 443
17 608
286 861
224 587
165 621
171 784
223 113
267 109
302 23
17 99
91 195
100 195
273 299
207 435
110 733
103 546
305 215
87 257
208 979
142 539
257 719
137 87
114 566
138 669
4 603
88 663
271 693
33 598
307 215
7 262
35 274
142 835
192 110
38 108
280 568
265 790
323 606
304 312
191 596
239 786
76 541
4 208
156 390
207 974
110 255
104 881
102 957
238 156
167 129
76 365
276 478
277 767
213 378
67 805
314 107
217 181
48 284
8 273
130 55
195 159
209 147
320 730
223 542
102 110
267 187
228 36
280 33
61 304
150 276
278 349
281 946
123 562
221 210
207 767
137 355
279 642
28 132
166 412
264 378
187 342
305 378
295 456
273 483
45 578
257 907
303 854
191 797
206 791
242 481
65 613
21 179
313 480
270 86
318 884
308 371
56 870
260 138
303 161
321 758
81 201
259 468
203 191
299 625
214 15
96 994
32 859
184 721
249 999
203 347
306 232
267 560
267 455
130 273
46 446
45 479
285 292
124 979
40 8
39 133
275 375
325 664
265 906
304 789
221 649
64 729
285 580
45 47
105 501
218 618
183 483
201 285
61 79
245 85
236 183
12 713
180 192
221 702
23 616
5 411
77 593
283 45
277 912
92 108
286 379
193 963
146 898
306 265
293 820
195 868
250 770
77 929
221 344
245 436
233 533
102 17
148 713
154 24
142 964
291 834
34 623
90 446
30 764
162 620
130 302
13 270
243 363
124 233
14 366
31 247
324 825
281 60
128 721
319 9
146 795
21 294
145 274
14 822
268 945
282 62
31 712
59 836
301 255
91 687
245 579
105 58
19 689
238 681
76 48
114 23
205 116
3 975
244 412
34 965
84 241
229 423
58 738
5 99
224 184
102 363
61 376
308 627
13 897
285 240
285 268
202 809
6 676
113 485
304 120
120 337
88 90
260 393
263 957
302 731
18 875
9 834
217 747
18 415
235 497
189 815
103 155
158 716
284 126
47 873
295 520
198 451
82 63
4 324
59 607
97 602
48 83
287 417
161 769
292 13
266 847
276 578
120 649
252 969
62 709
297 721
43 374
17 833
37 957
313 489
255 976
154 865
10 273
322 561
219 527
84 74
62 15
297 730
210 28
72 303
236 873
274 870
316 713
308 535
114 582
104 588
315 628
249 484
131 743
257 65
195 642
58 103
33 574
314 283
206 500
66 334
82 725
80 861
200 384
304 424
303 745
178 985
312 82
30 659
185 760
252 992
25 928
265 522
273 49
210 868
93 416
191 345
4 934
229 760
172 695
168 839
100 439
191 815
278 695
158 48
293 834
179 812
275 593
152 740
297 650
158 656
170 9
39 362
197 502
66 3
110 386
128 290
119 421
240 357
20 121
236 877
187 692
186 814
324 512
108 470
167 16
182 186
284 22
317 418
295 999
61 972
8 170
307 547
59 755
210 934
106 386
292 675
204 627
232 579
145 725
165 24
37 409
286 54
255 989
94 374
301 210
274 908
85 870
11 828
262 989
140 307
287 649
154 987
166 345
321 74
310 694
288 399
284 952
119 720
32 78
108 227
209 609
225 793
206 28
235 745
46 272
167 79
147 482
172 615
261 168
239 597
275 973
198 452
265 94
87 819
136 762
106 159
21 489
146 918
260 940
201 108
124 153
95 377
19 757
226 16
263 897
78 16
22 120
232 689
161 500
273 518
154 45
106 37
119 189
48 79
151 130
278 933
313 457
164 744
70 280
267 944
85 282
105 152
81 765
105 388
308 540
80 394
141 501
282 6
70 384
252 148
64 510
55 673
107 321
126 766
32 184
322 827
321 910
188 63
246 912
133 847
74 148
146 304
256 762
323 640
250 769
211 144
169 377
226 636
183 646
21 849
12 917
104 374
75 994
295 150
204 668
99 322
76 229
176 328
199 772
168 261
258 276
97 81
257 970
319 209
202 27
94 679
245 428
113 320
106 652
225 541
137 458
176 207
245 282
245 17
1 580
9 152
101 667
6 800
279 152
284 714
281 139
119 280
95 190
121 83
304 137
141 167
236 551
277 271
293 479
93 742
122 913
9 766
127 685
198 51
242 919
33 155
279 983
165 168
202 406
35 596
63 133
90 488
36 420
209 905
286 534
43 862
63 854
125 261
277 386
274 107
89 44
193 320
306 901
233 645
273 229
83 782
79 551
121 551
215 450
231 62
224 380
199 1
236 790
139 340
295 878
25 579
65 187
251 760
113 564
85 456
86 668
235 903
200 316
230 532
180 245
120 539
29 87
107 752
99 542
73 528
64 557
50 692
57 769
296 133
100 960
155 966
121 457
120 888
281 631
151 366
123 289
100 911
312 714
304 804
279 915
122 891
103 457
271 397
144 753
194 703
177 199
282 892
30 674
226 158
55 65
89 88
287 544
191 806
62 10
253 987
259 355
321 424
66 393
68 28
15 10
186 238
131 524
47 941
238 121
278 61
241 321
159 474
135 540
11 917
46 693
229 856
6 914
31 983
220 682
318 398
245 676
42 491
258 74
221 733
315 519
296 643
161 82
93 974
142 540
55 85
313 370
161 926
27 310
192 681
74 719
174 54
94 123
38 958
10 363
81 121
6 365
83 456
208 258
97 256
177 650
264 14
136 3
148 144
217 45
95 471
153 658
230 637
66 357
307 687
244 111
150 909
129 492
52 639
318 222
151 371
8 391
148 995
2 406
238 480
72 117
142 477
226 451
85 434
35 9
29 189
139 743
163 289
113 795
108 198
73 751
172 438
181 617
233 699
72 261
230 162
237 351
3 731
5 244
312 792
126 109
41 202
222 421
300 638
302 105
215 452
232 605
28 620
35 787
171 179
139 281
52 231
55 414
14 783
140 87
265 191
191 495
217 342
270 378
46 429
28 766
210 625
146 429
170 930
171 562
127 560
18 456
16 99
113 546
18 388
306 393
198 816
288 969
287 474
196 430
57 985
111 381
250 995
206 563
250 667
22 240
96 693
119 732
205 981
50 702
47 466
11 237
140 906
84 268
262 367
37 219
124 31
13 973
230 341
84 859
39 971
38 45
209 662
274 49
69 634
207 143
289 256
102 790
169 403
