1100
202 949
241 361
175 84
45 551
180 734
67 318
110 804
172 438
83 822
157 308
153 544
233 794
53 479
147 345
8 228
256 378
17 189
121 50
158 130
46 282
31 944
87 475
86 842
108 859
26 638
153 651
89 637
200 893
274 334
48 89
105 184
78 650
238 736
29 530
27 843
30 555
157 450
208 531
12 254
202 612
52 550
22 398
22 784
124 17
80 497
33 210
99 676
243 999
53 66
70 841
52 478
195 831
175 994
181 46
114 650
140 476
138 337
208 442
116 128
217 119
16 699
26 683
187 843
265 945
140 498
96 60
80 643
15 79
35 941
252 324
58 990
97 975
197 349
6 899
97 785
259 592
114 57
104 321
144 381
131 872
81 953
120 969
72 85
253 683
64 599
186 73
131 599
157 21
127 361
47 460
164 706
184 591
211 300
166 132
43 741
252 387
184 99
180 950
208 834
240 545
38 931
216 181
51 71
8 789
271 68
36 128
62 700
249 843
83 940
264 586
33 423
146 8
265 636
221 347
117 590
1 263
133 468
253 778
270 611
35 684
249 767
216 372
150 408
157 627
236 587
174 660
14 737
40 324
143 953
250 931
158 868
181 647
38 934
114 621
194 939
274 533
203 780
62 55
171 122
125 693
182 694
86 381
237 830
267 284
126 117
144 172
133 601
92 931
235 795
217 764
57 420
257 335
129 151
174 421
243 974
142 363
30 900
147 815
116 998
93 375
199 353
177 564
261 520
50 82
155 693
117 600
104 871
136 829
122 203
205 127
267 500
189 176
234 534
149 344
50 542
28 771
145 334
120 945
102 945
238 138
181 613
257 958
32 611
56 658
40 313
231 61
41 456
11 208
218 287
192 712
105 59
25 497
111 802
73 447
105 573
137 904
40 268
182 443
185 477
13 811
226 299
234 264
154 74
226 813
42 178
271 423
253 458
160 446
135 83
29 826
264 754
258 611
148 15
56 567
252 419
92 414
208 84
257 18
268 947
166 29
164 815
133 30
58 958
120 927
262 391
32 872
164 739
65 997
242 753
154 25
62 853
203 160
260 136
65 138
153 7
16 189
53 558
161 909
94 539
203 508
163 994
62 353
24 612
237 712
22 230
267 348
219 446
14 622
99 446
131 883
11 741
99 568
25 655
42 214
188 891
172 936
268 408
12 257
255 84
273 560
141 363
62 439
212 506
69 213
86 909
16 394
236 867
238 949
94 528
229 372
269 975
118 800
169 249
4 192
215 122
129 804
191 933
219 26
105 909
82 995
116 503
193 236
167 351
78 955
83 254
192 281
4 456
143 236
161 630
225 981
138 942
206 144
100 133
275 652
98 344
166 296
108 382
33 329
204 256
59 463
89 225
43 71
128 825
130 290
134 11
199 529
204 983
212 365
159 68
4 110
258 59
145 564
26 940
227 824
92 534
134 552
12 33
209 275
86 2
122 724
26 161
8 779
185 378
19 787
262 569
205 199
180 65
156 515
243 200
128 473
130 205
159 912
64 307
40 705
223 667
182 163
181 713
20 294
13 425
151 294
76 142
147 276
212 608
147 119
261 259
267 828
92 385
216 340
72 430
59 753
244 825
256 424
256 840
255 509
224 271
240 152
20 450
239 923
85 688
275 615
51 631
263 486
225 998
36 773
24 460
182 588
266 136
14 159
122 224
60 817
169 892
84 202
200 724
179 945
177 479
155 677
263 742
136 640
150 457
149 698
163 260
253 607
9 594
234 574
201 535
149 639
144 206
40 500
102 803
226 773
194 219
56 12
22 62
197 531
15 991
51 535
240 849
142 325
15 556
185 550
23 562
155 409
83 415
142 972
215 541
72 498
210 508
162 208
71 381
70 253
141 577
178 375
227 196
13 611
250 23
174 399
256 249
264 730
93 295
35 949
100 628
236 935
232 501
77 865
104 830
52 556
117 416
236 16
264 917
61 355
10 974
26 936
177 661
182 674
58 406
136 386
111 954
111 776
256 462
17 542
270 574
197 681
55 236
101 936
180 770
171 752
211 447
195 774
8 759
258 316
235 195
271 45
184 859
112 543
24 727
76 173
105 569
62 200
157 268
201 309
148 955
127 540
166 869
146 834
204 70
129 58
94 78
25 259
184 647
176 4
270 457
247 748
245 738
77 631
202 48
155 957
218 271
149 21
211 878
45 213
208 85
225 322
101 377
253 931
188 350
139 932
184 780
229 713
147 880
171 153
86 435
259 540
230 169
55 669
14 569
120 178
216 955
251 707
115 692
137 339
29 54
38 861
154 480
67 360
194 539
270 448
223 379
100 521
121 318
84 398
229 106
267 731
79 333
161 623
3 769
59 240
54 621
213 690
210 240
260 883
106 822
76 112
226 421
38 796
31 356
242 196
129 921
66 191
266 841
265 872
133 888
72 800
81 7
113 505
16 538
74 274
125 633
237 402
33 64
66 479
222 617
102 680
224 243
80 626
270 453
12 708
246 304
209 462
195 418
154 219
254 732
27 100
243 629
80 832
275 628
228 637
209 486
79 278
31 580
9 64
251 116
247 30
183 703
167 329
235 742
162 37
8 426
16 809
71 762
59 407
266 327
63 587
132 589
83 789
92 529
7 811
131 398
119 759
60 274
91 138
188 248
79 602
171 648
268 42
248 949
81 249
115 301
29 997
42 434
191 995
199 37
75 334
192 104
86 263
24 461
25 384
263 110
86 617
224 618
264 957
19 53
57 543
270 707
37 111
88 326
136 914
159 238
95 490
201 848
108 964
147 406
206 681
17 929
187 605
266 681
271 251
243 560
180 837
177 873
91 698
160 774
160 976
50 165
166 725
94 452
259 593
70 625
14 485
148 944
195 343
47 861
97 873
158 885
120 115
244 555
21 537
46 482
25 315
148 593
268 346
141 768
238 436
260 638
102 822
109 276
49 460
232 101
160 616
231 665
132 59
100 708
31 224
267 18
73 158
199 726
32 34
268 1000
87 658
271 380
158 659
220 330
244 712
242 310
234 609
70 845
147 455
19 940
256 88
148 515
151 455
114 361
98 604
236 6
124 959
241 106
128 863
20 498
198 136
211 207
258 284
50 699
233 864
86 803
51 579
256 498
74 515
66 527
241 643
70 522
118 459
170 316
155 45
111 854
53 364
111 877
6 701
87 432
265 44
128 95
110 344
73 465
160 449
129 266
171 140
154 160
94 308
81 403
237 913
233 635
133 155
139 181
39 385
146 567
205 50
132 177
8 963
90 294
224 871
35 776
221 770
237 102
159 204
2 368
206 507
10 76
217 957
113 435
258 788
173 258
62 1
64 4
22 253
173 806
172 642
71 667
36 255
69 313
178 705
163 33
26 197
273 254
202 151
236 182
154 174
29 217
264 476
172 270
233 55
54 591
232 202
208 114
10 547
125 287
210 395
151 927
158 795
258 843
228 627
239 238
89 732
260 476
114 974
28 893
104 539
233 117
179 15
25 339
269 833
174 890
231 175
173 264
244 473
122 168
271 968
17 571
198 907
247 31
120 674
187 946
37 918
252 834
266 411
127 806
108 174
33 172
18 303
228 146
107 867
164 717
47 785
195 354
196 485
193 296
84 183
221 1000
264 448
263 652
224 529
173 516
174 761
200 200
23 158
187 242
250 477
266 133
191 85
153 960
17 405
265 163
225 768
42 100
186 657
272 12
141 657
173 250
17 320
254 115
142 3
220 88
198 863
233 871
51 605
265 572
212 670
145 575
111 470
72 106
250 187
61 499
150 593
43 118
123 624
117 909
190 705
170 224
199 209
118 982
250 426
150 264
63 40
125 436
160 283
263 840
30 655
8 189
12 227
111 900
181 379
260 462
165 755
84 923
233 110
245 378
173 16
147 916
63 387
62 270
101 145
66 199
157 522
54 54
217 189
249 130
10 548
235 820
145 656
261 607
275 428
133 461
147 95
224 97
82 784
33 698
217 302
226 657
98 698
15 120
101 315
111 661
234 410
190 831
180 600
10 575
48 457
84 61
30 909
83 565
49 883
260 383
147 630
194 988
156 52
109 454
162 267
274 602
266 315
239 287
152 911
59 681
63 242
116 278
100 770
93 581
129 985
75 98
62 880
34 845
104 717
248 532
186 258
1 947
51 208
64 420
203 566
112 466
53 975
99 893
248 347
242 693
37 700
44 47
67 520
83 739
58 499
259 315
154 151
102 220
211 197
48 234
125 12
273 118
145 854
109 556
264 11
22 940
57 512
249 470
145 837
229 356
45 960
132 898
28 831
187 892
84 928
237 407
148 712
273 346
1 70
275 529
271 979
83 243
14 396
228 732
169 966
113 743
262 374
275 641
187 847
211 362
157 611
44 377
204 610
13 835
15 16
130 45
133 939
182 224
268 634
76 641
119 182
29 931
90 565
48 982
234 140
238 956
212 945
108 647
4 867
168 883
3 274
4 216
66 114
56 376
33 80
71 253
49 178
157 489
27 46
263 770
182 611
261 68
254 217
252 503
264 238
130 782
223 443
58 236
146 769
241 201
249 110
255 920
273 266
99 149
203 400
230 945
224 278
4 712
192 706
56 844
32 843
4 118
67 911
31 23
69 249
257 697
195 202
233 733
67 826
64 810
270 704
35 15
40 718
78 151
83 736
78 233
83 153
90 305
190 804
37 552
231 314
271 79
88 599
171 9
59 614
15 342
180 137
70 970
264 604
77 784
232 974
15 243
68 569
97 589
219 942
176 399
130 51
263 9
67 183
141 804
263 731
161 213
219 522
181 42
271 981
247 726
273 474
239 225
13 318
250 864
91 770
247 305
4 760
248 630
255 252
151 126
160 38
218 797
211 461
32 240
72 315
48 210
273 125
216 484
63 269
62 756
100 38
253 255
144 106
255 82
193 152
130 155
246 748
220 164
39 502
248 505
258 146
21 975
50 472
189 438
210 535
19 800
5 683
215 713
166 602
39 918
16 158
239 452
253 684
56 240
160 990
