1500
277 257
218 764
15 536
213 546
127 542
213 466
54 957
188 590
59 739
157 142
314 698
290 400
202 611
140 998
335 583
224 605
312 898
196 520
27 246
345 196
171 203
326 401
42 626
32 881
350 933
350 920
282 440
323 120
222 632
222 67
86 389
173 120
5 715
235 325
330 654
240 939
23 41
53 705
31 717
84 27
141 901
143 214
211 72
184 421
53 311
207 936
147 338
335 600
190 786
247 503
280 955
363 202
191 741
360 101
190 544
204 119
149 944
335 550
51 397
367 753
206 156
131 33
265 808
273 691
249 839
3 109
113 669
125 169
296 486
237 167
256 491
243 449
354 509
352 61
302 146
86 168
317 214
66 501
8 176
259 529
329 507
189 910
110 387
210 29
9 711
276 829
108 873
61 821
206 527
209 158
138 864
181 195
342 36
54 886
250 225
240 919
117 514
191 64
303 444
218 113
25 826
50 348
313 928
192 112
236 490
374 505
199 16
21 441
154 971
362 44
13 658
243 822
319 527
298 646
227 301
28 930
269 672
54 777
205 989
212 215
370 493
117 761
340 491
329 393
119 116
116 621
235 194
367 242
127 967
112 899
117 958
353 230
371 947
305 205
221 256
8 479
302 984
229 131
57 428
200 249
221 741
230 318
358 798
225 778
4 798
279 540
7 891
288 17
353 100
117 301
317 218
36 351
300 713
9 432
36 85
33 18
193 839
218 516
49 11
225 512
174 76
228 502
254 815
365 430
50 152
32 943
309 311
319 702
193 990
322 921
143 690
362 816
118 909
245 602
32 660
274 986
38 461
143 372
22 604
297 425
288 941
324 280
217 246
291 678
5 254
200 601
18 802
230 525
328 677
311 871
366 434
36 691
266 882
203 323
45 876
85 793
342 915
160 31
190 117
171 803
27 478
181 127
365 830
281 374
294 377
301 400
348 899
277 738
4 259
203 733
368 958
68 429
361 119
353 372
341 844
301 196
372 67
100 927
239 224
294 408
82 580
260 354
259 784
286 204
263 1000
1 410
5 294
192 767
251 4
368 284
50 245
315 529
369 84
299 763
358 630
345 440
41 112
97 13
305 159
158 323
162 932
6 401
56 474
223 473
356 724
229 203
366 100
109 399
371 11
18 797
73 909
148 770
199 954
365 891
35 300
240 488
185 220
291 571
130 830
221 809
298 167
81 329
62 725
193 950
29 572
89 93
217 396
269 82
348 362
205 683
317 531
175 990
168 374
101 881
117 935
68 350
311 41
81 156
233 36
359 387
250 873
290 502
65 272
113 888
103 68
371 448
37 347
101 747
375 233
292 891
308 868
372 12
143 254
19 325
327 717
213 839
139 990
108 647
338 403
281 200
10 733
371 808
108 228
251 914
20 229
160 612
322 558
241 68
331 754
222 700
213 840
289 359
123 820
361 253
232 142
181 232
262 249
61 22
288 538
281 842
52 920
335 387
297 564
170 499
126 761
207 20
107 762
133 694
102 330
2 388
210 704
356 412
54 257
240 754
355 705
3 391
154 637
369 548
107 865
85 624
226 689
315 354
112 415
57 780
19 736
280 258
134 214
212 929
201 4
117 744
267 223
274 149
331 896
77 317
345 825
111 164
156 462
145 929
275 114
159 840
98 396
136 864
282 927
135 183
314 752
96 760
89 460
304 654
282 923
14 918
266 264
351 95
298 763
351 965
328 591
179 126
61 109
38 401
253 485
182 105
197 796
367 829
229 891
344 715
137 448
189 549
16 390
329 22
314 345
54 860
174 420
134 417
291 63
103 607
2 868
203 769
100 679
171 642
133 180
82 708
343 158
359 541
193 652
212 77
331 630
343 568
365 41
166 914
309 175
174 169
283 50
319 139
193 448
220 517
298 79
330 724
293 743
186 659
216 563
147 459
94 848
345 694
275 696
139 567
60 546
279 24
341 555
100 309
139 837
244 835
263 528
81 48
91 715
8 240
258 960
347 84
351 698
161 712
110 452
329 781
128 497
167 693
145 790
195 792
9 763
107 225
306 858
26 68
106 45
55 993
112 869
209 745
260 549
2 543
98 799
43 795
78 885
6 558
29 553
177 126
156 229
359 464
185 636
217 599
175 453
339 485
5 234
224 160
345 140
283 424
203 590
170 8
201 483
36 836
14 74
44 581
282 83
243 192
252 506
170 671
257 653
97 782
359 215
18 538
362 160
69 249
253 981
329 794
135 198
251 205
367 113
328 326
277 617
342 42
56 250
278 918
97 662
294 486
354 479
150 523
231 776
269 916
146 933
288 699
343 462
117 600
154 828
356 599
35 444
228 35
12 147
186 371
349 531
23 843
360 328
198 724
75 723
29 321
374 23
246 384
233 485
121 117
276 213
134 806
279 762
244 321
33 817
297 247
278 642
139 997
156 87
149 193
85 573
81 105
109 428
211 616
285 173
6 640
81 253
268 201
327 824
371 640
93 284
272 385
258 743
333 814
158 260
212 499
135 151
343 439
112 111
175 399
315 20
15 573
67 591
163 931
197 200
179 943
122 354
48 383
3 605
28 483
312 156
346 173
50 764
196 242
139 8
355 353
229 86
90 889
203 505
192 187
269 146
352 539
351 537
323 337
31 673
358 380
179 470
307 725
244 624
227 772
300 249
201 843
125 547
364 908
12 535
207 345
143 151
8 177
133 19
89 148
125 482
189 851
2 433
274 866
115 548
264 484
180 787
180 565
219 23
225 448
289 979
101 898
276 316
312 149
77 438
254 307
244 629
82 449
72 810
197 714
181 166
248 441
138 403
333 188
13 281
372 481
119 512
270 350
159 417
181 1
288 59
162 447
86 494
206 995
30 347
105 621
106 487
50 870
117 545
292 297
113 307
299 499
58 558
200 391
310 847
285 989
60 333
323 716
113 867
325 13
16 369
37 17
41 289
204 486
100 130
330 129
173 196
124 425
201 812
144 818
70 149
65 865
98 464
92 195
293 797
93 695
303 78
80 3
236 676
179 111
148 437
77 498
288 758
109 537
210 842
58 520
243 729
162 378
150 974
241 245
294 41
198 526
94 907
345 751
165 953
91 703
121 154
131 854
355 90
247 418
118 377
183 959
92 196
150 612
128 918
7 222
167 88
94 70
103 259
368 16
117 719
112 507
116 941
328 223
324 819
326 346
119 974
281 742
12 996
107 60
3 994
339 361
1 15
69 524
91 978
337 119
215 549
162 506
50 47
12 165
39 698
147 913
185 211
208 317
305 933
302 289
202 615
123 139
187 958
255 122
56 693
289 10
294 824
29 340
219 181
275 814
306 601
126 720
91 791
116 166
166 569
312 939
41 434
90 751
336 838
43 356
224 252
285 828
300 245
290 438
365 897
102 197
112 364
116 968
295 578
155 648
78 791
79 573
65 590
115 751
87 371
100 439
236 720
197 338
186 980
77 444
205 646
145 387
266 2
19 11
27 984
230 137
134 859
373 689
296 225
180 653
57 569
79 333
265 525
368 578
212 18
62 168
346 584
286 128
112 418
362 756
225 383
150 16
326 237
43 921
300 178
372 125
92 560
317 467
322 304
86 988
79 342
276 412
74 635
98 824
182 81
83 487
300 373
255 464
269 625
275 584
98 642
192 426
268 849
106 134
245 459
322 501
217 820
136 189
94 381
177 736
112 18
4 393
205 927
198 313
270 676
220 65
31 390
197 388
372 990
65 369
196 925
150 662
238 383
198 248
351 992
10 935
174 284
227 237
267 74
303 690
258 302
294 298
240 346
319 568
129 624
356 516
32 504
273 422
9 193
326 985
11 549
230 899
267 819
190 619
290 419
137 510
353 403
227 866
166 218
121 506
292 398
39 337
217 789
15 583
230 704
200 849
215 210
230 449
154 723
260 534
46 794
88 591
308 844
286 447
325 901
334 751
267 300
50 750
168 791
81 142
358 401
91 222
75 916
53 290
348 402
350 293
324 754
69 235
301 648
363 809
71 559
316 645
289 333
98 55
175 375
278 281
18 538
317 826
193 984
31 2
254 102
73 892
39 939
74 75
68 19
70 660
78 680
158 700
278 859
81 208
108 744
190 143
352 40
351 412
32 325
126 264
191 890
69 97
22 254
96 42
19 96
344 625
55 181
59 801
39 119
247 922
279 646
53 384
256 499
22 38
77 763
65 70
369 423
187 858
275 239
190 485
13 118
268 433
158 558
332 691
243 75
364 273
345 986
194 272
22 232
46 192
258 300
309 992
112 964
273 693
125 751
205 242
375 209
356 414
295 170
276 956
117 488
25 516
192 35
216 420
167 718
290 181
113 334
29 933
68 759
267 983
85 75
14 963
24 347
215 401
154 827
157 129
220 228
368 814
259 904
350 810
350 762
239 652
207 676
170 241
299 482
288 698
290 560
271 864
288 419
146 136
261 682
144 560
361 40
153 421
99 237
337 260
373 297
333 625
297 538
87 253
258 976
11 71
109 608
215 772
136 554
337 236
164 669
316 15
280 115
98 191
353 645
145 625
344 953
144 874
163 399
64 907
332 245
282 634
131 46
140 374
282 604
234 925
148 269
298 460
286 385
266 368
133 641
75 915
327 784
294 792
362 109
206 222
239 271
8 319
284 100
176 500
167 582
335 258
52 237
246 536
329 495
313 763
116 723
277 704
226 538
361 536
97 112
133 128
94 595
140 170
196 813
66 852
343 845
357 41
51 498
201 615
255 347
184 564
209 981
238 754
227 755
29 401
230 19
168 621
195 946
268 211
152 104
146 777
3 627
369 994
166 238
59 608
282 700
295 740
199 593
108 744
114 329
285 872
160 260
99 663
75 212
14 405
113 860
50 688
148 229
340 162
89 943
74 494
288 42
8 45
298 851
97 810
33 510
230 525
155 682
106 218
284 236
142 217
296 318
258 991
300 99
13 806
171 396
108 863
139 594
185 640
124 118
117 44
284 136
331 88
247 293
102 47
238 93
115 650
107 397
321 891
227 872
307 592
80 591
40 379
57 313
349 693
334 525
185 813
219 97
308 734
154 807
126 819
160 426
30 806
346 745
373 563
273 972
272 345
17 819
20 494
143 432
99 560
311 262
369 910
95 226
108 159
309 651
101 16
210 967
149 99
341 243
373 394
330 894
10 719
79 325
21 901
112 627
99 154
40 202
58 280
104 370
56 987
43 992
124 136
104 185
183 28
359 669
266 946
309 226
31 114
30 129
375 146
55 414
98 195
317 133
258 105
134 773
173 986
24 647
85 374
279 487
91 6
324 410
263 364
122 853
27 58
44 993
342 122
227 505
47 768
109 840
29 773
50 170
200 645
276 840
125 693
257 837
78 859
307 863
233 180
253 586
211 771
255 404
323 403
370 814
117 59
42 365
342 81
31 316
103 19
61 818
357 356
117 821
211 695
113 663
252 688
100 653
34 892
245 416
258 41
296 459
357 599
229 435
142 189
27 974
171 417
335 845
67 263
320 814
139 105
292 803
224 698
195 685
72 188
129 623
355 177
53 849
221 366
215 943
308 69
36 903
216 774
57 412
307 333
365 113
302 751
117 327
160 407
130 839
85 341
332 929
56 800
207 485
169 20
295 893
291 110
104 123
211 776
132 882
331 629
200 893
92 177
228 869
270 403
104 25
147 809
137 594
198 852
368 910
98 138
164 817
140 258
89 188
344 760
308 631
323 487
252 605
104 717
30 986
177 236
236 436
345 700
242 352
22 655
109 550
192 500
139 354
26 105
137 951
259 132
148 838
205 383
34 10
265 991
163 625
272 758
322 232
91 421
286 744
316 80
297 817
176 908
177 255
342 3
206 168
374 568
323 466
254 95
333 706
299 955
75 913
188 618
23 690
158 243
279 691
369 78
244 113
322 36
162 550
303 204
138 358
3 760
363 540
116 541
135 942
241 731
85 65
152 336
192 819
40 973
192 834
276 929
107 431
348 862
191 710
119 959
186 139
56 908
276 263
88 88
314 683
149 664
361 387
203 805
354 539
69 1
4 669
224 605
60 486
93 168
26 370
296 721
301 507
29 218
275 495
195 388
301 837
122 767
118 539
113 11
126 791
36 381
270 471
250 696
269 783
277 966
333 882
3 985
34 911
89 588
203 702
353 44
67 573
126 669
287 985
86 860
159 429
234 329
117 479
49 946
210 268
351 671
327 49
347 510
164 349
268 640
156 49
102 368
69 327
195 707
275 191
241 700
342 490
293 65
221 34
127 387
170 459
185 395
360 946
167 495
41 329
33 981
349 885
230 653
165 203
182 144
38 228
353 378
339 150
61 26
125 948
53 604
227 855
209 745
126 598
123 170
297 890
193 455
185 103
224 724
349 823
9 2
136 503
320 447
129 11
118 64
104 111
308 936
72 853
346 971
112 602
113 376
322 859
54 266
85 263
47 366
155 101
368 301
34 511
297 590
69 669
64 107
364 588
371 547
305 607
196 171
350 133
315 615
288 712
233 630
97 375
206 860
112 982
182 792
180 236
67 616
174 719
341 828
238 680
160 609
309 422
326 519
107 116
326 771
364 716
99 679
98 9
299 661
309 345
298 844
150 510
297 292
357 729
260 508
303 50
93 995
353 549
18 464
360 794
246 558
218 930
191 836
290 566
349 3
36 34
24 597
193 852
230 481
81 686
200 304
252 733
152 695
79 35
293 328
52 529
250 750
285 638
348 949
368 352
155 574
313 477
374 279
308 605
137 69
30 636
190 181
197 177
249 847
232 285
220 884
184 822
326 482
273 927
294 808
218 218
68 975
148 828
20 305
177 979
129 699
