2000
362 96
197 116
401 503
262 330
44 612
435 812
289 818
183 627
32 192
348 541
66 408
141 119
290 666
338 982
249 144
194 185
264 105
389 14
227 317
438 649
139 227
182 396
357 84
408 894
342 56
81 298
497 360
306 768
97 769
74 579
377 115
253 650
96 864
77 6
335 76
136 72
353 702
175 338
384 434
37 215
366 290
354 530
54 383
39 524
211 937
499 206
46 320
313 177
155 64
351 685
332 602
112 457
8 708
189 363
482 738
107 360
396 329
245 465
439 290
270 318
310 587
300 776
172 125
6 759
20 261
308 23
94 865
113 565
418 692
226 971
287 564
207 125
131 769
228 143
125 12
82 589
367 542
224 970
45 845
478 728
102 648
145 396
33 751
246 452
295 652
151 716
295 27
73 441
287 906
286 750
245 548
98 293
410 530
417 370
85 78
301 310
228 889
258 724
482 540
365 239
101 525
148 548
438 416
405 298
453 654
356 138
389 997
347 629
254 652
353 931
288 491
310 7
383 881
370 990
195 929
349 51
142 689
328 835
164 74
393 798
481 981
455 27
238 406
244 247
486 208
318 655
296 845
71 785
316 434
370 724
473 25
368 981
174 169
102 94
113 348
474 693
419 827
249 160
142 228
19 386
398 735
252 864
312 824
381 565
333 742
313 414
153 98
457 16
440 915
104 307
383 408
193 210
64 380
302 524
116 840
457 745
461 143
188 399
252 750
223 51
404 714
141 102
235 412
28 228
129 782
405 381
393 772
480 441
72 458
464 625
54 394
382 568
274 803
294 883
217 759
218 855
343 474
181 515
73 176
8 345
225 698
101 660
24 428
329 438
65 229
16 271
469 666
420 546
317 280
279 611
368 339
41 592
208 887
28 12
141 937
344 594
350 162
385 143
89 174
438 719
80 525
358 955
470 310
121 602
203 531
374 922
479 408
286 105
277 896
354 16
54 819
98 501
325 980
487 126
485 396
240 569
327 449
65 648
187 291
415 226
193 854
275 567
35 153
24 25
52 921
170 710
138 936
24 560
30 622
456 416
73 809
448 284
13 220
82 517
70 71
473 645
127 620
230 798
353 717
312 948
8 286
302 992
259 382
146 717
181 250
478 799
102 198
455 664
214 977
430 920
391 37
4 117
151 429
453 173
137 919
83 836
424 491
38 889
428 974
71 257
45 460
58 357
416 107
101 353
467 110
499 776
103 654
137 932
56 343
207 816
215 55
340 931
96 198
37 105
371 374
313 346
340 989
482 738
490 729
293 926
450 629
422 301
95 976
349 1
141 19
320 413
174 484
420 336
315 198
236 112
310 891
351 564
334 696
123 139
232 46
306 714
73 372
193 937
251 276
348 282
393 622
63 616
249 34
246 521
91 473
247 983
111 106
443 847
390 725
259 601
167 168
312 383
113 748
359 610
260 953
22 567
29 341
118 74
438 822
420 295
173 10
470 567
491 261
105 925
259 885
402 246
345 690
413 386
246 686
402 535
249 443
313 793
299 244
493 362
91 469
245 722
336 941
217 489
65 285
90 976
190 740
358 944
411 233
143 981
399 693
5 546
86 416
162 19
130 380
47 763
39 118
421 484
397 638
56 339
467 843
447 210
329 252
195 236
215 300
315 901
449 666
268 286
319 672
193 617
16 615
293 760
219 154
271 927
199 30
337 115
387 692
35 851
223 907
278 74
195 424
334 720
419 495
371 825
154 755
456 277
388 219
73 606
428 320
147 232
233 675
385 35
188 653
177 795
318 988
457 340
247 194
85 184
62 289
262 482
1 972
39 526
387 857
343 712
480 850
155 439
149 163
468 220
14 84
69 584
316 265
195 323
291 905
231 153
414 288
382 735
362 310
395 401
151 94
341 908
483 614
361 645
81 302
356 35
485 615
321 343
90 829
296 222
409 262
112 424
261 156
57 229
379 160
238 85
138 880
317 374
216 104
145 942
398 367
36 177
163 342
195 384
97 58
271 889
383 751
316 193
476 903
235 101
44 830
214 868
247 691
202 495
355 580
180 271
235 15
453 101
130 735
266 526
163 777
72 743
458 216
51 677
154 728
108 669
220 827
410 116
365 605
478 433
383 400
333 525
339 294
433 711
213 365
170 700
307 594
415 488
370 664
319 27
229 210
203 453
377 248
27 996
393 495
481 857
473 288
304 861
471 539
29 974
60 559
322 122
419 554
267 328
38 866
361 965
304 685
276 577
257 75
274 874
448 435
246 702
147 450
371 911
20 279
293 673
467 409
297 228
189 813
429 610
338 328
286 411
154 810
314 186
139 204
375 167
102 406
215 333
183 862
406 227
438 378
212 109
80 377
238 262
453 797
9 759
362 588
419 410
67 486
119 441
63 531
441 893
236 262
125 496
482 852
418 776
421 718
323 228
264 629
476 393
165 684
111 217
282 999
243 958
217 662
430 188
466 889
55 479
238 500
297 330
275 263
162 772
105 873
106 72
162 33
80 726
330 642
93 788
465 22
309 504
111 233
229 718
105 949
481 792
224 345
269 887
375 772
448 7
137 964
427 681
171 814
432 179
403 868
181 1
295 821
364 612
416 356
90 896
283 418
280 901
467 59
376 694
71 494
190 851
20 980
117 119
162 606
472 649
303 175
80 421
238 888
286 85
57 56
7 112
276 896
425 576
457 253
295 795
477 563
395 421
258 846
121 452
431 74
132 371
342 501
264 273
211 379
420 535
168 805
2 99
211 285
44 333
295 294
429 225
77 303
484 789
235 774
155 192
31 754
200 258
47 948
111 244
110 104
9 897
270 751
290 93
476 247
122 153
123 106
92 686
341 441
301 690
387 637
249 306
273 65
243 856
72 336
131 135
376 479
440 638
431 625
455 687
198 761
192 96
275 893
396 425
297 815
222 328
64 473
66 861
238 351
160 472
236 156
458 279
187 816
311 599
393 138
468 704
231 436
390 655
207 887
231 198
259 850
45 102
480 947
118 693
442 532
134 393
459 362
336 148
223 229
271 1000
328 512
30 602
90 302
298 494
279 995
276 768
461 205
459 263
67 176
403 716
237 899
436 742
268 256
123 270
177 701
196 66
445 677
325 284
205 627
457 617
62 853
329 242
259 415
365 160
137 774
124 333
58 854
211 9
398 878
441 573
406 74
69 328
267 827
254 346
493 443
400 965
482 755
88 400
90 743
249 110
345 887
261 988
354 991
106 820
88 11
323 337
319 28
15 41
54 272
266 142
268 778
297 348
207 3
1 960
200 348
258 958
17 196
195 739
392 413
419 271
277 871
104 820
121 88
37 46
27 12
173 455
78 976
195 691
190 735
305 701
360 839
251 861
463 185
425 543
474 802
288 626
490 615
4 327
18 233
104 948
98 249
57 423
234 637
355 538
44 226
319 860
234 593
380 457
195 79
14 266
341 303
175 511
279 140
72 458
431 643
308 755
295 125
198 483
1 686
231 99
109 6
499 181
425 602
443 434
177 515
304 524
322 793
422 217
177 84
316 971
80 749
76 198
422 519
466 62
469 250
340 40
327 10
403 67
120 216
132 649
95 41
454 117
278 587
58 455
435 705
384 76
449 81
336 38
84 605
428 166
384 225
83 746
206 473
429 600
452 868
224 239
52 352
339 829
256 368
492 806
323 608
237 956
451 324
104 206
170 718
60 28
59 743
129 140
203 1
2 58
366 783
102 183
3 360
71 885
387 698
136 852
203 632
470 735
144 540
104 581
91 841
276 865
380 258
425 427
470 723
421 509
374 810
292 71
30 462
360 738
255 581
2 593
464 240
235 344
267 190
330 527
431 129
72 258
242 798
469 331
29 918
451 140
54 953
360 427
144 180
112 691
131 790
212 83
493 239
288 40
61 817
284 611
24 375
256 701
63 356
348 713
198 49
324 737
41 750
149 773
266 336
117 774
373 70
405 383
324 205
377 19
195 865
395 399
270 412
411 713
494 981
178 627
305 234
256 742
261 920
416 167
313 832
212 123
421 976
138 33
253 235
443 348
334 22
68 752
291 390
229 665
171 698
157 238
375 268
472 997
206 821
260 557
137 105
434 597
230 590
214 283
359 287
354 766
201 64
330 521
107 492
319 21
218 493
285 792
300 741
168 576
210 920
150 386
337 640
46 413
162 305
488 193
74 944
64 664
256 38
65 84
185 276
258 469
24 237
499 910
356 211
86 348
255 345
43 378
134 737
108 616
379 226
381 288
125 284
480 789
446 195
289 532
191 972
360 514
405 224
218 602
122 357
237 272
343 592
376 574
139 79
341 595
211 258
269 458
365 836
76 212
427 930
39 904
154 105
88 134
482 389
105 308
344 420
34 976
30 691
22 169
83 548
366 215
220 18
92 122
220 165
499 960
385 540
486 104
90 952
304 652
315 227
438 308
199 865
83 701
55 595
464 871
26 643
349 76
98 14
37 134
498 188
113 160
282 350
107 297
349 252
346 382
314 954
258 369
162 914
411 162
461 542
346 63
353 303
44 18
374 854
159 145
141 245
404 827
322 309
100 754
130 23
397 102
484 41
408 31
430 402
479 582
133 304
394 974
67 389
373 906
393 586
191 740
281 705
413 249
189 622
478 981
464 695
79 917
443 763
272 383
135 224
499 226
443 906
468 558
463 185
431 844
282 818
391 303
369 607
318 165
489 499
399 698
32 300
216 537
75 556
47 703
56 587
93 269
327 786
47 339
441 816
140 621
63 118
127 951
254 909
280 959
499 176
57 325
450 150
345 850
283 170
308 999
353 999
282 101
33 12
420 718
35 341
498 990
289 792
54 239
383 10
428 633
486 370
147 461
253 532
47 188
377 392
37 951
293 342
146 889
126 586
76 93
186 960
342 898
231 16
114 744
150 693
447 743
466 74
420 984
368 652
6 949
9 553
347 357
227 234
36 479
454 964
335 28
1 246
477 223
158 662
458 967
177 626
300 538
398 876
330 159
163 83
428 997
159 593
454 927
357 618
99 681
359 831
120 790
9 120
55 51
449 461
470 16
354 789
329 181
330 17
388 902
29 151
73 66
399 476
434 477
250 926
294 946
170 592
179 696
285 860
327 103
18 334
413 578
155 229
475 788
231 429
58 70
82 188
443 443
69 978
94 719
489 1000
220 470
226 87
261 236
406 507
427 474
477 761
190 865
369 236
31 272
259 186
170 327
40 368
346 843
203 492
77 587
396 33
265 4
148 391
349 10
240 681
459 828
231 520
466 778
453 419
415 451
8 956
80 827
89 463
139 127
140 965
331 783
9 783
334 481
46 571
35 731
195 458
290 436
248 778
377 421
85 121
190 384
39 70
423 774
111 729
311 365
254 132
291 172
47 605
200 798
105 590
202 916
347 231
182 356
111 635
84 388
320 982
200 139
485 928
400 839
364 140
281 93
464 422
147 856
20 824
164 702
124 790
366 189
131 425
460 661
303 699
98 192
294 170
322 880
288 206
39 560
54 376
366 288
275 721
268 67
128 333
302 675
422 156
67 745
34 202
228 945
123 594
351 798
246 713
148 279
398 378
40 580
395 558
24 996
280 791
477 509
268 130
384 429
242 623
121 855
162 386
14 561
413 480
498 110
120 274
240 596
91 762
489 32
354 759
131 550
277 169
103 24
272 653
27 489
260 550
73 55
105 202
163 878
485 800
114 72
348 227
83 143
154 167
49 924
80 104
473 448
218 971
330 15
286 491
377 624
420 322
17 347
312 908
13 884
208 490
465 398
285 463
498 275
357 21
310 546
270 457
179 315
46 571
185 402
43 705
271 952
361 832
26 626
241 338
441 486
241 803
418 494
257 215
79 496
221 820
347 583
354 829
198 637
36 238
265 910
319 247
208 32
168 47
444 414
340 340
284 358
308 636
326 558
36 453
21 931
48 417
319 616
195 874
372 546
126 955
134 688
356 467
232 710
468 782
18 497
124 584
469 983
197 111
353 719
230 765
293 992
275 690
51 585
191 597
148 225
128 506
86 69
342 6
444 953
357 565
469 112
294 386
87 614
28 940
389 374
166 602
213 821
126 408
173 204
175 91
29 882
259 705
85 827
23 126
62 297
34 149
58 706
344 618
470 474
64 949
123 712
13 240
461 230
240 995
389 558
480 425
217 123
14 506
414 378
453 57
129 744
448 182
479 992
20 794
299 167
361 604
188 579
487 696
463 261
273 539
434 241
45 149
74 497
158 900
418 609
486 223
193 271
114 388
296 402
208 557
22 998
394 33
140 462
311 212
159 712
232 535
498 481
285 772
377 790
4 5
457 696
446 846
466 10
343 843
350 360
214 359
156 542
462 904
494 903
161 374
462 777
381 557
189 736
11 415
244 939
223 318
111 958
171 95
204 461
480 984
276 682
455 134
9 533
459 872
18 751
451 585
53 585
151 906
144 716
429 67
311 382
199 330
396 72
269 480
205 409
192 430
314 266
456 874
80 616
16 834
297 479
294 641
256 962
444 514
265 947
485 24
56 847
223 283
433 871
112 188
157 731
400 372
496 347
420 369
230 99
397 880
487 640
283 382
401 496
105 665
426 840
401 325
467 713
181 490
400 329
101 767
163 527
129 971
391 127
34 95
470 640
40 900
109 261
381 481
264 346
394 435
35 741
160 528
269 354
186 355
158 37
326 872
429 864
77 899
70 140
172 436
385 796
472 86
160 603
488 782
11 755
355 731
431 218
230 453
366 772
27 756
270 746
282 489
405 983
196 152
276 469
250 7
188 435
474 528
286 56
80 146
105 68
97 511
278 914
31 730
468 86
423 2
496 960
431 727
260 728
133 185
230 698
99 458
149 910
118 330
61 783
409 28
406 669
6 822
139 753
86 960
376 559
154 259
75 51
142 803
63 226
33 558
110 335
112 635
55 194
9 768
301 962
176 729
382 149
232 441
418 42
182 920
215 721
56 872
219 985
390 501
184 483
342 263
32 779
7 111
42 11
116 717
178 196
15 723
325 942
395 673
50 95
150 961
246 847
79 180
392 343
186 368
79 595
194 413
272 400
79 604
273 257
384 424
186 160
190 365
237 248
15 63
331 958
65 835
14 383
92 975
252 884
443 938
416 664
461 479
314 645
26 408
207 274
178 306
166 445
377 197
306 440
131 658
233 511
116 497
128 3
448 574
43 572
48 291
168 942
331 63
222 623
447 41
328 131
404 530
322 565
229 274
106 578
150 868
30 39
408 694
407 391
28 274
374 267
131 872
67 858
300 655
393 678
48 126
447 541
332 337
259 457
129 439
149 81
138 764
67 291
485 529
459 669
275 999
348 877
456 569
427 946
314 13
458 551
188 222
471 617
467 458
128 447
103 400
63 427
32 505
189 478
66 815
187 551
439 230
222 568
78 126
280 426
378 350
427 85
125 674
387 443
113 631
401 163
204 647
111 431
497 338
399 117
85 985
154 309
32 578
424 646
419 513
232 89
211 58
153 23
456 777
468 529
175 402
240 634
31 942
208 152
439 533
115 769
18 134
294 46
217 686
8 12
486 616
54 667
206 186
490 260
174 755
154 130
176 336
245 609
416 254
206 858
189 599
55 371
331 26
163 714
184 99
394 499
164 387
340 304
130 108
264 836
401 235
422 771
91 626
282 557
223 385
372 117
77 440
307 506
47 489
58 96
145 423
180 167
192 367
45 742
219 57
320 428
35 35
262 658
426 450
85 528
407 403
96 709
98 863
155 654
129 483
325 419
92 661
378 974
76 717
345 781
36 645
487 74
447 469
446 321
121 481
478 180
183 58
223 345
189 143
316 139
258 166
267 543
185 611
142 411
221 407
94 383
399 756
112 353
244 93
440 954
201 286
167 105
369 509
194 150
40 308
261 418
299 528
435 523
494 74
157 14
95 493
116 810
383 698
426 328
352 582
135 435
46 647
469 652
181 284
339 890
181 196
352 402
210 334
2 473
3 558
453 944
169 877
77 581
10 258
79 597
21 218
221 144
439 319
99 358
415 308
473 158
221 327
274 969
399 9
28 59
229 315
327 177
80 318
164 764
176 824
3 418
120 607
378 161
344 91
171 172
365 659
360 613
238 563
45 592
165 634
245 619
277 257
261 837
367 137
373 114
188 166
355 906
364 957
398 843
448 281
310 584
486 386
479 539
259 594
9 707
477 503
219 870
342 311
43 511
336 407
11 490
349 767
326 63
399 402
397 555
343 665
263 543
384 178
158 555
359 58
478 309
325 956
22 466
218 578
220 863
382 822
456 116
173 442
266 130
418 967
157 920
266 119
96 660
381 481
279 572
160 814
324 888
240 369
433 146
427 984
128 52
57 533
441 505
499 227
198 364
178 483
214 329
53 819
105 897
318 167
332 37
131 62
168 748
53 182
235 178
311 322
88 168
418 206
139 312
180 883
96 729
477 624
246 142
98 648
373 475
335 480
241 529
263 63
185 17
248 686
229 829
212 162
317 157
16 25
173 698
381 318
485 388
101 284
148 526
412 585
291 447
374 834
461 6
378 738
407 255
494 470
381 776
213 53
275 387
287 389
41 712
43 731
465 870
91 824
44 700
171 887
229 513
247 113
46 524
183 654
20 867
295 853
111 364
270 710
270 762
390 840
6 838
433 772
344 647
234 801
148 353
464 132
131 982
4 587
200 585
86 142
403 564
479 840
188 182
217 222
488 458
154 93
319 777
9 851
274 445
29 259
270 184
288 790
341 325
239 828
344 988
364 316
117 507
467 815
187 736
479 877
428 954
131 896
136 66
26 387
407 645
280 841
269 394
238 189
294 28
438 518
464 223
7 835
375 483
216 648
118 419
313 737
90 458
120 347
471 390
231 763
78 964
360 464
19 591
455 187
449 953
411 259
443 156
291 66
484 622
116 641
107 417
487 33
441 979
121 319
316 214
297 117
262 431
74 126
164 930
414 524
350 665
304 898
231 626
483 774
375 392
120 788
224 352
219 679
479 719
52 89
67 115
307 94
442 308
40 952
379 45
13 101
388 8
409 728
416 21
111 669
492 193
387 428
338 546
233 676
184 159
196 603
231 841
290 733
196 223
