1800
406 336
305 857
266 745
128 972
443 36
229 350
99 475
76 173
340 476
280 986
102 493
340 502
81 645
101 550
98 399
326 119
335 855
110 917
251 324
2 890
137 999
259 380
144 62
36 955
151 937
181 970
181 191
445 657
410 32
265 853
259 605
67 106
353 449
218 481
24 902
37 557
243 159
183 253
181 17
402 88
125 860
252 754
444 229
127 786
152 478
221 369
449 899
122 670
107 194
237 785
218 976
65 315
250 503
91 864
45 456
306 256
59 302
270 152
201 126
246 409
107 129
379 91
62 883
342 751
404 470
68 141
283 540
317 323
5 29
420 373
174 718
437 859
431 847
392 620
368 406
192 127
97 257
135 658
446 202
101 416
42 26
282 130
18 97
339 9
170 619
309 162
153 485
226 829
274 483
255 676
390 119
22 357
232 476
118 77
395 477
238 342
135 848
76 32
447 294
367 600
418 828
308 469
79 731
234 370
69 321
81 63
351 628
76 25
287 168
378 713
58 888
80 818
309 632
123 46
169 32
69 19
203 651
135 595
431 987
283 642
94 30
22 775
213 278
146 354
392 791
397 717
312 684
106 370
343 60
2 681
191 651
217 739
6 631
430 309
115 802
234 849
323 565
118 89
389 775
108 53
429 72
237 555
284 513
110 931
115 358
385 980
110 270
66 654
358 907
387 470
248 771
409 218
104 735
167 986
334 695
187 682
181 649
317 136
431 393
122 741
92 334
181 317
303 613
208 395
371 530
275 525
97 437
149 287
339 959
150 639
405 90
303 805
181 418
62 444
28 122
448 685
397 111
416 184
369 618
131 693
132 533
82 121
445 925
244 914
130 690
93 433
136 947
83 730
347 963
311 168
322 919
436 546
363 697
299 849
343 115
365 68
40 690
232 724
5 206
203 685
330 973
289 960
55 810
398 76
106 526
207 844
40 177
9 813
190 253
406 358
231 367
199 715
63 746
131 725
176 794
427 253
83 419
235 754
412 944
407 451
60 62
448 248
17 60
73 99
315 344
406 959
406 856
157 132
357 907
419 2
194 683
208 620
282 393
380 572
150 370
36 137
263 909
44 72
20 605
36 946
176 783
442 124
187 927
68 104
191 920
104 967
167 132
397 135
74 926
7 868
387 921
120 194
245 380
26 605
66 902
283 3
403 756
36 328
193 900
13 58
81 615
214 499
129 693
201 281
132 587
128 613
121 159
298 627
387 694
441 82
147 216
353 253
186 419
277 290
1 824
220 71
170 802
214 213
157 461
368 541
37 716
366 811
223 159
346 449
300 270
27 595
426 742
126 465
97 541
157 906
83 233
244 678
172 860
306 642
18 638
271 248
58 804
262 97
327 352
46 495
416 446
64 174
47 871
348 847
128 771
356 183
304 210
324 330
297 604
81 379
355 868
211 2
216 234
257 775
308 877
249 592
225 196
444 510
235 805
407 929
239 326
51 845
127 480
76 657
110 594
417 99
213 462
75 65
33 286
85 937
46 80
140 426
210 774
256 3
440 175
408 719
211 69
130 365
430 636
99 239
349 67
266 431
157 902
335 288
39 750
314 95
114 759
30 705
86 245
66 568
341 366
396 592
195 919
353 278
77 554
362 417
419 330
95 498
446 440
327 5
73 486
148 490
213 970
287 853
148 56
370 452
260 246
204 235
187 822
390 710
369 885
258 598
273 790
198 346
4 534
123 232
397 386
315 779
37 721
35 43
169 784
310 869
385 639
376 270
123 151
21 733
241 317
207 913
93 832
33 49
154 104
182 144
293 610
135 597
99 631
169 979
317 4
175 544
130 911
278 145
198 309
97 200
263 623
145 868
87 111
202 590
91 766
393 313
299 881
360 809
171 444
325 678
101 829
102 126
365 733
243 931
416 52
434 235
94 906
379 953
356 894
47 518
119 140
353 983
172 343
164 447
7 255
321 187
133 694
139 59
229 205
158 253
350 711
253 482
242 364
327 941
121 730
370 766
434 875
11 562
234 935
376 501
78 163
221 928
311 232
235 482
20 316
401 538
262 478
242 401
388 960
210 508
85 156
106 342
146 678
290 67
148 515
75 902
345 55
286 477
116 529
394 248
418 244
52 523
46 1000
349 519
168 278
349 796
289 689
31 709
81 530
378 468
197 956
28 603
219 534
249 349
399 967
254 989
31 419
104 24
344 715
63 188
328 863
349 207
324 441
233 72
46 728
14 135
163 125
119 81
331 996
405 878
296 791
273 389
200 273
241 369
147 436
59 229
275 170
259 387
106 948
344 251
283 215
428 919
156 45
308 9
445 878
47 50
306 245
271 753
317 755
103 499
385 223
350 699
268 805
420 872
232 338
353 167
431 541
227 454
21 322
354 596
77 666
292 518
355 512
27 2
415 233
174 978
243 143
170 427
282 955
397 565
380 726
34 968
268 836
200 776
189 486
303 396
275 607
220 653
91 25
323 214
370 779
4 433
393 118
272 205
244 547
188 42
290 85
17 99
147 467
356 852
272 566
47 2
450 617
212 161
227 635
143 846
53 173
148 754
66 145
374 39
401 836
228 691
121 926
372 874
305 933
13 851
401 381
79 53
3 388
238 254
206 65
114 390
97 276
179 505
436 679
332 648
319 152
150 624
118 613
86 662
240 551
380 121
287 339
138 181
390 927
48 618
285 145
34 936
197 699
402 905
393 832
360 997
33 78
413 482
412 963
393 785
225 993
146 5
318 454
195 308
285 691
105 415
12 880
423 997
156 873
6 546
5 527
362 796
144 407
26 72
329 284
364 854
81 455
108 821
72 697
186 420
24 247
237 909
224 643
373 576
208 705
420 803
261 479
341 531
263 666
419 582
267 867
218 8
240 291
217 7
95 150
302 887
324 599
87 685
39 637
9 231
267 119
375 957
4 836
187 397
232 200
24 364
69 385
79 439
353 493
306 347
415 770
66 630
226 480
349 854
47 626
393 891
181 121
423 718
320 391
352 3
164 237
146 756
200 944
344 901
344 171
297 411
296 521
68 906
432 106
46 248
99 97
215 924
25 774
360 804
449 455
17 903
8 971
178 103
12 396
3 642
93 163
418 228
185 286
447 29
253 379
446 794
194 779
226 426
327 914
400 747
230 89
12 863
414 476
267 266
240 175
306 896
428 863
93 484
224 310
233 584
66 804
319 175
84 263
368 901
395 778
357 624
364 298
47 11
151 184
158 91
180 532
323 121
385 302
177 710
225 602
358 649
296 355
103 797
153 523
156 675
253 611
212 667
40 959
393 560
229 86
163 761
182 79
225 415
370 728
3 268
256 672
191 773
68 854
260 813
301 160
161 590
148 638
439 674
448 563
386 28
256 51
429 711
412 966
247 653
188 222
98 564
425 281
121 820
417 630
49 474
439 538
425 914
133 615
90 665
93 408
204 429
322 157
182 970
231 522
2 837
183 319
122 233
1 57
132 146
169 17
372 739
350 172
319 956
346 974
47 972
114 246
389 255
142 906
166 646
417 699
173 712
365 632
405 458
224 14
422 625
297 775
372 824
15 872
347 335
313 474
193 501
418 578
268 454
390 206
253 314
301 422
302 486
209 436
60 836
9 729
49 941
339 663
308 625
287 706
105 465
92 340
54 354
152 434
366 487
319 251
237 984
422 488
37 343
294 872
264 769
434 51
302 680
81 188
425 868
161 736
232 932
43 145
391 696
374 665
122 713
228 667
334 352
422 395
112 557
240 24
323 505
83 604
253 486
58 815
197 989
49 229
222 487
318 412
433 186
423 522
45 235
132 407
160 867
56 344
281 15
325 156
307 161
43 765
354 828
13 528
13 887
318 890
374 741
36 934
215 839
426 928
241 722
132 77
339 63
14 31
429 482
5 181
105 397
416 764
294 155
224 178
117 71
72 840
354 698
61 488
438 462
200 89
329 327
83 731
286 873
120 502
138 506
137 967
260 267
431 803
149 657
369 46
251 97
443 707
443 470
392 804
171 33
281 191
274 46
226 143
449 764
429 362
190 746
286 98
34 920
184 314
176 952
416 583
19 16
430 345
268 279
334 289
99 775
425 345
240 212
22 76
128 469
82 522
114 632
246 21
231 77
48 874
92 833
442 689
415 367
59 9
376 754
213 352
4 253
314 75
290 801
372 304
253 11
39 691
340 757
368 990
390 793
390 144
374 407
358 227
387 614
226 172
255 123
24 692
443 819
79 875
393 802
371 224
240 66
152 560
235 811
87 746
397 369
407 927
225 168
450 974
366 927
329 794
137 810
378 879
66 69
300 882
382 331
401 916
201 230
239 841
211 589
436 31
29 769
103 985
339 270
178 8
327 788
429 751
289 908
298 25
56 937
413 573
397 674
352 174
136 735
246 573
142 654
186 464
26 899
446 432
238 759
250 618
254 838
131 471
1 708
203 773
115 985
442 175
95 551
445 908
93 915
437 593
152 156
331 576
123 456
363 615
11 961
379 643
120 839
251 58
22 651
155 699
112 205
75 841
343 970
415 23
275 483
328 2
191 862
21 305
26 986
130 100
147 341
427 414
370 566
402 929
172 721
192 886
275 823
387 669
411 43
110 695
114 955
294 751
354 400
265 549
254 164
383 735
65 974
259 596
390 987
363 253
84 512
46 594
235 465
141 544
11 156
416 519
399 13
263 6
403 523
196 905
162 696
168 459
21 246
314 45
23 78
113 919
232 251
270 80
218 881
149 373
54 901
178 386
205 58
365 76
439 389
354 313
447 185
111 654
415 742
296 951
381 220
348 732
212 869
69 430
48 91
356 146
146 507
150 272
193 742
268 667
393 9
108 465
407 255
436 540
415 362
45 585
243 400
259 715
171 339
308 628
414 848
88 513
267 311
200 514
21 56
134 727
170 624
198 829
166 62
267 333
434 273
157 849
10 208
113 231
342 408
394 499
197 675
326 347
394 610
344 160
249 737
278 289
43 725
219 666
89 440
290 203
115 193
338 713
354 456
147 900
140 551
159 46
350 777
331 508
35 769
311 4
381 922
294 95
87 551
66 783
86 849
214 498
88 748
231 75
48 473
10 407
390 379
87 654
220 621
312 376
268 8
310 721
304 585
12 528
320 82
272 759
8 901
375 566
361 547
430 812
2 163
170 683
320 603
391 800
163 513
392 475
346 801
416 560
238 832
266 787
450 646
390 149
280 49
234 92
95 59
125 901
423 759
198 487
430 692
339 512
294 25
139 736
205 181
359 467
342 801
230 263
204 645
139 268
173 940
137 877
323 120
440 709
78 646
447 577
372 345
376 287
295 93
260 159
247 521
426 238
206 29
9 667
184 333
102 740
219 191
315 70
258 714
156 815
13 585
216 948
250 239
232 532
302 919
448 865
62 121
250 204
298 342
292 535
77 416
254 455
172 624
81 302
119 146
346 103
104 399
438 117
448 583
348 769
301 812
362 681
59 330
309 576
97 478
405 409
170 24
109 55
161 237
250 676
350 944
252 33
221 717
401 645
87 775
353 742
292 494
365 738
297 923
152 453
44 609
70 247
97 46
163 439
169 193
241 979
157 573
117 385
302 553
6 951
276 367
211 306
111 198
162 108
83 530
83 266
100 717
63 528
253 895
307 625
254 934
354 520
271 529
63 134
326 179
110 709
444 249
271 719
181 672
64 477
132 724
206 401
114 4
218 363
408 853
324 348
19 632
245 113
219 814
432 510
144 641
138 497
237 803
178 531
70 431
167 952
60 873
178 693
273 14
272 240
214 756
215 134
69 515
11 446
310 923
231 633
280 360
439 49
240 998
390 421
432 313
420 420
304 720
121 518
427 3
52 461
217 555
147 175
146 843
30 488
117 425
363 227
408 704
275 655
207 371
65 683
398 604
291 789
38 826
112 512
138 250
5 526
431 514
223 91
228 18
392 147
446 6
287 288
386 776
133 765
413 806
222 457
71 291
282 514
146 660
14 924
100 826
236 891
220 468
209 138
434 84
340 420
7 505
413 703
16 339
233 237
305 544
375 714
225 195
241 866
32 657
14 909
403 83
157 536
181 598
94 488
291 686
277 563
156 37
417 192
337 919
149 66
235 139
97 605
44 23
154 665
410 647
218 364
53 382
376 988
34 298
27 862
311 79
332 390
99 137
406 704
51 926
296 73
209 203
444 906
199 233
131 81
294 767
272 998
45 842
77 544
65 291
82 682
400 550
52 93
442 813
346 669
294 373
107 773
168 287
247 430
90 126
2 156
110 744
63 314
94 509
71 112
2 98
291 665
145 450
135 645
261 439
416 769
108 815
156 906
144 815
30 901
248 452
223 445
276 635
53 668
442 616
375 186
336 174
213 464
347 923
319 790
314 960
105 568
333 995
57 897
100 411
176 926
111 84
329 516
223 179
62 673
291 786
221 189
421 51
151 532
315 883
351 427
341 189
310 300
236 176
377 175
413 571
120 123
187 956
327 640
273 86
186 203
301 914
225 239
379 219
366 337
388 877
64 181
359 500
335 316
337 334
343 771
83 880
289 33
198 842
200 551
251 868
248 155
367 728
264 838
357 501
149 577
70 305
54 751
82 299
215 755
403 846
239 918
29 968
102 307
220 139
367 824
220 131
387 185
444 641
280 53
333 390
29 101
192 749
100 483
42 532
22 823
222 806
121 61
425 952
195 606
366 881
311 656
196 92
168 363
5 469
290 810
412 600
176 983
359 817
296 617
436 87
312 211
314 420
143 725
258 954
239 405
14 96
173 333
88 451
137 762
49 812
144 728
12 101
233 258
288 525
283 412
230 884
162 930
252 848
178 395
362 624
369 319
273 328
447 640
92 535
433 894
270 837
374 114
322 828
436 533
425 239
251 67
172 600
23 429
251 279
299 150
450 242
288 666
9 204
242 219
126 758
225 106
299 485
52 747
63 828
2 955
191 831
421 96
97 334
301 14
82 183
202 717
173 962
207 789
59 448
23 529
4 936
431 777
400 364
85 555
163 941
144 753
386 893
400 915
238 781
348 711
154 660
134 322
404 672
246 632
1 874
413 677
328 119
311 42
34 513
206 505
262 279
86 263
162 209
237 208
338 71
164 315
446 78
212 477
156 171
367 61
405 389
190 396
186 54
105 141
303 339
196 922
219 316
94 810
102 88
397 287
422 52
34 790
414 18
127 390
280 352
381 684
25 724
419 176
300 103
267 677
383 72
128 518
311 723
207 587
260 707
450 316
29 55
314 973
109 577
272 512
221 501
406 101
84 395
395 777
262 251
121 199
346 301
49 745
329 291
366 848
40 501
396 171
23 737
257 598
268 61
426 934
257 836
38 970
362 431
295 943
7 526
433 992
279 687
125 468
280 8
11 901
138 996
217 50
403 743
245 878
200 581
104 307
242 191
126 52
142 503
278 63
272 168
365 941
103 817
66 542
69 148
191 11
383 869
150 192
234 977
106 346
369 723
420 872
174 114
15 740
205 276
55 254
393 688
160 413
201 470
70 168
56 705
145 345
14 679
156 681
235 263
172 858
275 425
357 114
252 164
380 879
151 434
434 603
102 385
414 502
338 192
223 458
308 610
61 946
395 600
412 577
138 563
379 755
247 99
15 259
164 322
174 257
12 25
97 654
34 91
282 277
316 384
12 682
279 635
385 502
113 119
149 39
34 242
89 656
409 83
351 785
393 201
250 690
255 284
7 720
392 594
130 359
22 718
268 176
180 232
307 761
192 407
339 433
144 705
86 621
384 411
98 556
179 993
419 480
242 149
126 132
437 532
277 144
178 24
258 72
364 583
159 107
447 954
120 440
402 798
338 284
306 569
129 729
330 145
54 830
316 496
60 754
63 7
275 377
411 609
392 838
119 884
442 664
102 284
318 770
98 760
89 651
176 125
57 399
318 445
134 685
333 235
216 295
355 129
45 789
339 696
394 947
366 855
163 10
225 116
313 883
334 403
424 752
163 318
437 757
43 604
89 687
253 222
157 700
273 379
325 632
449 69
448 756
248 583
154 413
385 125
52 449
71 81
176 563
92 899
426 911
373 594
86 203
248 942
137 326
181 626
392 791
17 898
418 463
19 345
8 986
110 532
299 621
361 380
246 928
218 300
278 853
295 727
227 557
21 16
11 476
56 633
25 568
333 129
114 445
298 923
439 902
427 179
