1900
250 966
261 284
274 646
170 83
212 6
440 461
256 728
46 83
379 714
65 808
133 20
181 916
78 80
316 764
39 961
253 294
291 200
78 446
231 623
133 555
444 327
410 364
253 583
250 83
78 736
139 61
462 770
2 854
467 687
377 312
51 632
147 728
471 557
224 880
92 187
347 992
172 254
406 938
209 157
366 378
190 898
396 248
394 817
258 177
137 910
143 602
155 978
389 872
458 551
233 150
304 956
464 361
386 285
156 692
19 318
104 687
387 852
37 257
243 131
471 947
397 349
220 511
110 462
417 532
129 289
226 759
421 442
15 802
192 735
130 504
59 106
165 9
368 323
413 398
447 849
149 94
100 321
26 195
416 878
11 91
358 707
169 226
377 685
236 830
454 436
78 506
433 891
104 360
227 15
314 159
146 571
427 761
394 747
52 756
195 47
279 657
150 384
71 937
208 838
335 244
418 994
327 249
400 291
227 919
167 69
242 263
313 60
21 534
258 998
108 826
361 110
145 887
101 89
25 453
295 946
421 762
179 629
208 919
161 786
62 178
70 555
151 576
439 652
170 22
58 237
469 240
137 168
306 963
9 519
400 582
59 322
310 345
415 989
440 819
464 266
243 857
67 791
15 492
7 813
146 301
203 426
394 902
104 743
46 835
170 580
162 369
411 213
288 158
315 356
467 195
475 945
83 469
100 56
404 214
18 584
11 652
278 21
397 948
159 687
345 556
257 94
451 499
181 81
412 266
242 693
411 600
150 785
316 186
94 64
447 960
155 331
340 720
350 88
21 953
260 91
318 375
181 119
175 921
132 890
280 583
212 973
312 881
7 523
473 530
110 819
183 910
414 578
233 496
13 787
441 897
128 734
435 172
42 83
256 839
87 579
423 100
194 375
392 936
343 194
42 169
287 79
117 420
38 260
92 604
320 153
268 764
397 966
186 98
74 184
426 210
42 270
114 270
474 859
452 142
283 338
377 954
391 654
262 978
189 681
338 848
302 978
314 961
450 932
331 192
85 790
51 163
273 423
75 476
212 515
136 446
202 901
48 913
196 744
78 890
397 615
344 180
325 927
130 358
335 834
117 439
205 653
119 54
10 897
449 620
183 265
360 844
436 616
340 35
83 127
261 196
436 888
353 724
82 174
409 853
234 722
185 92
78 548
379 979
267 288
416 557
55 583
266 440
332 306
131 465
146 926
402 66
125 196
126 5
315 954
79 809
109 342
352 320
48 470
226 331
333 681
337 903
308 903
167 983
62 339
374 723
199 993
80 953
234 143
36 428
301 235
341 464
319 822
196 841
204 575
59 75
145 366
162 387
285 750
10 907
73 619
266 373
143 500
35 508
218 507
2 655
93 266
314 834
155 296
13 352
57 803
466 902
121 627
448 174
18 438
43 242
431 351
76 771
335 267
198 187
421 868
102 642
153 596
238 802
312 988
259 296
391 472
408 188
291 301
413 509
378 236
454 60
209 325
280 766
474 794
100 665
451 64
13 545
132 338
49 146
167 489
14 439
44 93
391 598
33 51
204 885
83 86
198 635
215 169
403 780
140 461
304 538
40 2
351 201
179 420
70 637
308 163
366 277
408 839
472 302
452 73
200 179
61 76
328 719
112 751
372 942
132 950
413 357
7 265
430 356
40 907
209 976
232 43
441 755
253 118
427 524
27 813
182 506
401 716
97 282
109 907
468 610
320 346
411 207
138 291
14 30
350 968
235 751
441 196
345 941
306 811
305 118
158 480
110 95
445 255
257 978
468 34
69 779
319 126
60 140
4 475
109 17
263 619
50 609
367 627
372 501
112 443
298 775
64 941
15 599
312 738
447 889
210 968
67 378
243 876
361 672
42 508
344 412
83 550
398 896
300 732
61 739
44 625
314 621
27 387
432 273
408 209
53 537
77 469
255 493
125 339
67 894
197 218
297 132
138 154
307 987
224 6
262 94
72 317
425 732
180 197
48 645
287 779
32 665
195 90
203 960
239 226
423 748
178 406
382 14
1 192
21 86
168 106
358 727
457 392
289 788
283 821
233 489
273 267
36 690
247 266
42 735
446 437
175 329
409 927
370 542
470 71
257 546
248 743
13 498
263 43
391 53
464 680
206 204
60 159
36 818
155 827
262 140
15 856
47 721
271 958
373 890
194 24
151 235
239 692
339 374
339 129
58 478
3 39
423 621
344 594
469 459
224 744
27 599
296 582
88 90
377 462
12 306
424 278
63 804
102 819
73 707
436 703
228 514
434 328
347 555
198 246
378 132
37 313
52 377
418 276
90 135
177 564
279 379
145 642
207 937
107 787
41 343
466 88
463 298
64 467
410 336
470 500
279 836
291 738
376 435
145 278
7 211
289 566
377 444
41 913
22 948
474 508
2 532
350 875
471 520
314 856
97 698
437 222
329 967
96 848
97 538
84 922
466 217
135 280
458 41
427 981
465 667
147 172
403 820
260 321
426 968
351 774
118 197
419 986
177 654
465 433
366 183
217 606
394 183
273 851
120 554
362 339
161 358
55 828
283 978
170 888
47 500
281 671
293 646
4 304
383 478
467 886
461 217
420 412
316 431
52 834
341 645
301 294
180 924
389 763
324 223
260 768
421 989
361 788
255 832
202 732
160 956
353 203
357 18
184 845
259 377
311 385
105 172
18 399
212 837
42 232
324 890
422 807
451 14
320 874
20 788
263 589
249 701
340 611
361 326
73 363
125 742
53 645
215 18
318 381
357 312
139 522
390 95
348 331
116 623
231 703
342 139
150 358
362 147
28 965
141 856
104 230
166 410
370 650
62 169
146 54
149 65
150 207
366 359
260 101
441 278
465 85
374 474
106 827
364 384
111 430
37 284
343 356
170 981
409 432
292 514
127 235
235 556
444 385
158 21
73 741
73 963
475 13
418 673
259 442
113 354
381 479
124 621
245 599
475 436
361 571
391 675
91 342
276 14
92 42
305 470
344 761
239 531
33 575
345 910
432 99
66 574
311 967
82 902
138 231
231 26
81 654
222 514
303 349
325 691
475 864
157 527
238 914
295 912
427 628
83 505
131 340
19 139
443 91
398 816
206 827
97 298
102 314
41 797
62 329
232 390
411 15
217 921
269 590
187 373
190 626
142 245
148 101
384 268
8 405
303 863
165 206
409 183
21 582
459 934
396 904
127 161
72 980
269 962
241 374
62 343
215 961
8 148
135 477
460 788
228 345
441 224
456 391
300 180
128 670
5 770
112 594
438 508
329 531
462 997
381 174
320 438
339 349
267 941
58 343
445 683
326 271
178 460
85 150
125 144
471 404
208 900
247 713
15 73
198 216
118 793
12 466
196 541
120 442
368 736
137 932
27 901
395 679
293 759
33 159
327 372
322 328
60 430
18 336
436 893
70 808
322 628
259 197
375 301
465 884
397 221
388 89
182 643
401 553
102 368
160 51
101 820
369 685
188 179
469 801
405 427
334 946
303 809
151 950
171 901
145 775
421 41
438 352
448 612
388 316
357 705
220 510
53 694
130 897
92 83
290 362
373 881
54 360
462 724
295 738
316 943
428 342
414 419
263 84
333 625
106 405
83 842
253 654
246 748
337 465
5 573
472 851
93 897
333 612
175 185
451 444
90 363
229 438
18 348
61 946
382 67
125 149
369 52
62 246
213 798
34 633
228 398
110 485
154 998
17 569
262 584
327 972
185 146
423 861
207 324
275 31
201 596
82 955
448 329
228 731
197 478
343 719
451 893
309 430
294 68
394 393
380 964
475 211
7 933
184 971
461 479
203 575
437 341
411 493
53 703
152 641
449 759
66 963
169 70
156 615
203 772
332 30
210 501
16 223
185 583
447 662
243 647
442 931
233 89
116 928
383 272
29 90
152 872
3 658
122 224
38 345
92 356
353 672
262 577
29 366
160 607
214 241
164 62
457 273
405 359
438 377
241 126
463 33
458 249
279 422
445 8
259 199
214 851
280 573
303 880
181 95
116 843
196 644
127 428
108 176
3 95
268 620
322 80
104 622
50 510
213 11
317 393
167 343
355 105
198 167
246 631
111 875
148 176
211 856
322 82
344 813
143 759
2 124
158 375
392 657
375 809
439 598
190 435
447 652
435 436
103 513
44 749
8 66
346 464
295 941
102 598
100 134
253 721
323 667
39 955
339 960
264 303
41 742
29 914
399 416
107 771
201 950
369 63
325 768
331 686
122 140
212 969
406 925
8 44
304 677
13 697
3 682
387 862
71 722
206 353
93 53
456 90
365 856
243 630
170 402
35 500
86 288
177 186
160 721
279 347
331 222
175 346
6 341
314 937
36 805
259 67
131 611
19 832
425 916
383 854
19 252
174 271
376 226
436 466
76 506
63 988
473 956
321 280
416 192
384 760
47 495
363 580
307 166
16 339
258 637
264 187
241 892
445 950
38 137
13 200
104 641
60 235
297 400
352 761
112 853
158 464
117 951
212 330
183 460
54 242
266 784
267 73
366 338
7 34
344 354
98 659
84 799
473 120
56 798
446 589
193 405
15 693
409 849
324 293
32 349
112 873
214 263
115 800
441 138
430 839
70 699
420 843
365 981
468 892
456 635
65 700
310 550
171 621
154 647
157 425
48 926
455 741
224 235
149 891
124 880
219 867
7 36
304 681
283 369
429 581
188 971
261 764
31 498
216 21
302 497
100 551
322 768
181 897
436 161
273 673
77 661
335 369
62 961
271 485
422 835
470 734
31 930
155 277
51 842
29 159
368 100
435 966
179 944
57 629
263 634
31 86
470 957
165 680
265 598
131 942
389 410
285 480
76 502
298 715
348 75
100 712
411 513
383 846
285 628
301 403
5 864
275 899
53 281
258 440
106 816
29 702
262 523
452 9
52 206
271 328
21 440
24 140
236 34
323 536
455 340
198 680
360 814
21 1000
322 606
93 483
165 252
361 785
145 595
430 268
410 425
457 51
240 373
84 31
342 262
428 482
244 536
393 323
264 434
401 347
261 703
273 458
302 936
86 894
219 860
427 961
113 419
228 920
8 966
450 348
232 782
158 942
385 109
374 557
356 685
31 577
180 317
25 271
344 546
101 345
104 323
457 684
303 366
301 871
210 4
231 48
174 442
10 618
6 534
36 530
415 160
40 799
345 708
31 890
33 440
10 212
149 296
20 979
424 396
279 299
19 627
253 66
157 473
10 481
54 511
73 866
105 731
174 98
90 464
113 723
204 548
148 617
428 991
459 195
192 685
392 98
121 188
160 132
87 851
129 198
46 556
160 420
441 752
366 236
23 306
348 802
184 990
324 571
155 337
94 229
295 11
33 483
303 28
435 40
314 662
228 276
52 801
410 104
162 98
304 771
37 282
459 130
290 410
422 404
20 218
324 940
92 444
10 756
279 664
158 74
239 67
448 325
102 255
391 995
374 661
111 39
198 77
275 706
440 117
113 138
292 805
437 533
284 63
46 393
7 55
408 98
24 725
143 472
314 621
297 738
28 721
163 43
1 149
124 590
353 720
261 483
214 958
71 322
351 551
462 818
240 563
80 651
160 92
433 609
87 840
439 591
423 163
314 100
462 748
38 556
335 783
173 367
379 257
392 317
205 759
386 899
402 769
10 290
453 415
234 66
309 922
268 477
246 342
78 154
295 400
13 580
315 236
76 877
401 894
131 370
333 384
206 610
323 187
259 758
149 406
404 575
297 371
71 828
84 378
153 588
367 454
202 75
57 659
291 682
159 86
428 440
87 934
320 482
298 447
410 778
114 968
359 744
248 925
185 172
461 234
291 405
199 602
322 311
336 450
355 247
98 394
86 144
323 729
319 218
53 896
141 269
95 653
160 400
374 628
467 761
222 245
362 903
274 140
214 312
82 85
349 855
16 977
151 416
401 941
54 980
441 516
365 838
75 684
86 710
423 860
199 340
192 261
342 349
323 126
284 350
140 177
12 222
170 55
177 738
198 106
112 659
396 659
262 990
55 379
466 784
206 853
254 844
253 902
289 563
447 187
227 204
79 332
278 445
228 555
97 604
144 715
44 380
326 384
303 361
235 931
203 759
327 255
120 93
146 918
342 943
460 666
16 32
244 777
228 779
269 316
321 131
54 100
126 224
458 24
39 943
414 11
49 173
354 935
341 94
1 570
315 841
283 166
99 935
85 381
275 406
155 933
88 937
50 945
350 493
124 657
352 817
241 343
463 673
370 238
475 624
381 736
358 584
392 862
12 290
156 674
328 536
148 844
406 275
182 37
224 897
440 156
174 910
224 771
118 110
69 852
48 459
60 200
164 176
307 204
433 585
196 50
45 759
409 294
360 331
190 233
428 852
78 530
278 898
114 216
309 656
113 493
72 554
392 560
163 711
157 435
244 575
386 822
7 510
174 816
369 665
252 589
438 998
221 499
17 145
123 721
96 925
324 213
294 816
99 246
156 137
470 444
343 566
245 124
381 563
274 873
208 982
460 474
162 703
391 911
243 14
179 30
25 323
317 264
250 694
396 706
24 154
246 832
67 111
350 257
210 822
88 734
52 142
338 171
285 233
468 340
299 587
333 197
370 403
341 676
139 32
419 795
127 309
9 230
267 967
139 512
260 433
130 424
306 720
328 275
362 764
129 865
212 154
232 923
199 584
176 530
96 725
269 242
191 863
169 463
336 988
393 169
445 736
133 144
442 106
368 143
68 997
17 300
452 825
2 784
408 898
407 132
328 132
392 713
55 487
400 204
255 786
461 696
224 563
79 791
54 897
386 707
383 303
374 714
349 833
227 803
292 45
226 819
200 210
282 236
238 528
153 919
473 880
204 631
244 733
253 531
182 819
116 362
186 145
25 831
466 354
33 470
25 575
149 633
455 606
265 729
289 307
61 263
180 709
229 206
3 947
279 455
360 437
134 374
142 224
119 198
41 740
171 168
79 647
23 296
236 364
16 958
128 855
236 935
157 302
145 842
167 159
211 844
306 774
239 861
385 937
33 397
375 262
299 670
243 308
360 790
378 391
449 226
344 112
149 988
12 844
410 91
321 109
333 109
142 934
363 917
467 428
195 869
163 444
345 948
104 141
399 645
118 713
81 45
49 788
84 512
384 533
403 969
410 463
161 589
257 754
355 711
428 412
190 153
265 74
231 804
245 895
249 905
385 972
289 830
229 877
470 264
439 913
297 668
405 407
189 384
48 268
246 704
55 101
301 461
173 453
219 289
169 970
157 807
232 816
194 651
92 826
222 124
228 287
30 410
53 589
404 416
178 324
428 142
338 788
313 441
252 219
257 156
446 401
393 39
136 303
430 369
123 467
46 222
274 920
371 673
404 653
78 422
292 423
258 276
436 868
338 377
266 577
85 285
297 441
25 849
466 742
185 648
108 745
150 141
246 206
281 598
65 612
455 53
192 760
343 203
295 947
415 675
461 292
295 882
214 228
274 923
244 476
446 766
179 776
109 956
295 370
82 699
252 281
176 817
335 4
433 854
206 891
53 527
362 972
464 328
71 191
455 738
376 593
318 674
305 4
337 103
17 302
43 10
416 353
319 768
229 789
378 206
170 823
213 538
44 734
215 562
299 71
27 365
17 89
306 310
389 485
266 193
191 554
411 612
349 780
367 467
265 557
152 297
309 512
465 545
129 235
260 634
355 310
376 155
136 632
224 353
99 726
408 867
431 601
236 799
154 247
472 136
280 934
465 241
118 983
128 556
64 819
319 419
68 119
409 51
413 790
168 594
436 627
268 10
385 680
84 15
380 542
98 69
6 449
297 807
408 212
228 580
252 772
209 17
45 843
134 245
214 677
398 867
343 897
401 910
15 574
262 896
237 451
91 659
134 153
154 761
415 807
53 485
12 18
111 432
328 325
263 426
398 595
263 349
435 731
64 260
213 641
393 724
410 916
380 78
17 676
330 348
115 903
2 13
357 825
109 220
81 166
171 147
216 606
236 845
380 555
371 765
169 5
214 217
139 925
336 709
401 84
136 925
384 770
334 128
344 349
224 205
305 200
360 120
163 462
340 280
309 187
63 37
10 478
236 43
471 520
124 12
160 338
290 174
49 835
397 625
162 396
417 852
325 560
353 338
38 711
473 837
358 49
45 710
65 908
317 971
372 155
224 260
198 212
442 259
185 243
205 737
56 558
203 682
75 563
334 706
59 421
85 689
354 654
57 707
167 416
148 227
268 696
360 441
176 937
214 913
204 266
386 151
126 206
424 87
396 189
67 165
350 959
409 815
148 692
99 348
318 684
59 820
236 652
261 671
436 629
94 356
290 638
193 642
140 396
63 616
44 250
214 945
153 952
38 276
339 849
44 185
210 344
464 681
80 935
166 897
407 700
361 852
343 942
260 679
246 857
296 821
41 851
97 664
28 473
244 152
371 995
187 449
38 207
89 635
36 654
184 347
387 865
262 419
58 673
29 455
329 10
76 60
323 681
138 205
388 172
44 591
250 766
196 861
1 352
20 388
197 173
439 632
184 758
139 307
419 165
33 695
145 233
361 172
141 752
365 121
212 77
439 126
72 481
194 510
136 93
130 488
307 889
68 39
76 432
269 839
310 439
399 385
321 56
241 20
453 545
