1600
99 245
14 719
149 6
261 599
269 213
185 51
350 837
6 64
397 169
65 354
335 179
375 328
16 995
29 407
201 693
120 150
38 976
140 852
204 621
339 795
239 729
302 758
303 71
355 556
84 94
183 301
291 769
330 956
261 598
269 105
210 690
318 109
204 312
250 485
64 940
269 198
297 411
252 528
82 765
114 96
343 392
66 239
196 603
163 734
223 34
248 824
26 431
283 625
201 730
94 5
350 188
349 281
391 647
338 222
322 38
227 911
303 915
56 249
327 768
354 774
382 846
177 585
165 515
142 979
388 396
293 567
105 850
260 143
16 985
344 814
387 364
369 193
281 385
310 308
111 741
381 541
2 124
23 116
312 852
24 537
277 98
160 795
339 138
300 908
256 81
375 560
32 718
157 981
156 748
360 137
30 863
349 534
194 792
138 627
341 270
9 292
353 347
393 46
378 751
12 532
229 580
349 521
24 221
23 730
349 918
351 60
72 789
340 875
335 265
257 274
352 647
27 949
43 220
143 736
353 534
179 181
191 770
387 303
147 964
119 439
306 443
384 252
57 170
147 61
135 685
14 235
372 371
25 239
87 755
232 840
334 551
306 769
58 205
165 939
377 818
187 584
234 760
357 485
313 638
166 517
274 217
187 754
282 554
75 199
169 582
234 122
39 513
134 81
344 194
34 456
333 723
283 574
249 519
351 3
227 779
286 461
210 511
12 599
243 73
123 537
365 554
192 350
377 754
218 708
390 328
10 92
111 4
1 948
74 229
205 603
244 492
188 74
208 331
346 189
308 376
95 407
343 262
271 638
55 808
122 306
97 984
236 901
387 231
330 482
205 979
45 875
334 685
92 902
33 39
316 177
137 50
123 65
102 899
358 584
112 144
146 67
358 483
107 4
289 281
86 117
107 879
262 258
279 858
138 367
225 712
250 370
199 802
148 908
222 765
263 265
12 385
52 768
64 100
376 97
134 142
153 402
310 603
310 234
286 511
387 692
263 548
102 533
110 817
350 826
295 908
246 594
83 381
115 292
72 738
389 942
121 80
353 282
68 67
342 706
137 413
239 600
187 85
67 502
114 387
52 209
186 866
7 25
22 47
159 558
395 804
340 956
327 976
272 907
107 843
303 343
172 502
227 782
41 136
71 959
68 310
202 679
4 372
177 670
91 439
79 443
299 961
369 51
365 692
105 664
346 497
222 376
298 685
22 628
324 338
43 15
47 9
41 123
349 122
205 715
183 875
200 814
52 290
298 577
209 334
376 633
194 950
275 908
338 884
288 535
38 427
257 840
144 322
335 301
65 944
88 450
43 50
81 201
237 156
336 652
200 789
242 913
41 452
117 556
32 69
54 585
84 768
87 360
114 505
293 87
341 410
115 806
188 242
126 228
163 526
270 598
287 682
228 475
174 28
347 711
17 56
206 986
121 56
250 237
25 443
140 366
306 20
125 678
168 585
133 864
317 798
3 595
206 239
195 218
296 50
390 422
327 711
300 604
218 586
199 333
369 641
374 795
288 75
20 392
214 295
9 813
49 183
24 77
336 640
80 794
390 355
360 633
60 899
329 570
236 916
353 501
92 248
342 435
30 570
138 7
172 394
173 267
41 855
130 353
197 372
209 502
284 583
35 221
236 614
118 134
374 363
281 188
375 837
72 900
391 825
62 738
306 187
291 41
348 64
343 19
51 227
196 880
324 307
290 873
6 359
74 238
186 878
260 734
210 56
105 741
22 739
260 168
168 783
394 602
44 52
264 445
87 295
64 208
244 527
220 851
73 631
25 601
347 996
277 155
322 529
33 954
108 79
269 526
378 287
222 303
247 601
9 637
330 213
285 289
49 245
238 762
205 630
266 85
264 185
200 663
319 123
222 981
50 205
295 813
161 219
27 234
379 669
145 965
66 417
30 742
332 966
233 116
370 652
203 53
17 565
167 506
59 863
127 703
340 608
145 642
285 67
300 386
370 362
286 762
379 608
272 533
305 979
345 503
16 341
181 684
101 88
175 901
17 679
180 888
326 919
64 431
394 619
288 544
87 396
112 132
377 225
146 70
361 385
60 527
229 862
318 555
226 213
337 185
321 536
298 640
231 658
177 905
376 634
308 435
92 367
114 121
254 653
137 116
332 570
47 397
232 394
372 686
133 630
387 951
161 120
327 756
104 661
182 861
237 116
191 443
334 826
368 8
46 528
345 192
122 800
269 976
116 666
267 994
288 19
35 138
90 439
384 488
116 299
106 770
51 269
317 996
276 651
262 295
296 899
46 234
261 208
182 580
139 392
265 890
207 460
141 512
65 115
183 858
69 249
17 626
6 545
341 453
82 625
188 86
393 229
120 714
43 150
379 769
195 161
56 365
312 680
346 449
331 17
29 372
279 327
322 752
377 231
183 654
226 850
152 722
104 712
246 601
136 539
251 633
43 161
122 994
223 497
370 172
124 958
52 669
394 345
127 197
16 693
205 282
31 916
129 928
77 723
380 79
248 815
244 494
303 442
202 509
360 4
58 378
43 133
135 35
270 336
118 514
55 304
49 681
269 890
330 279
288 729
194 24
106 946
48 201
73 625
155 165
190 431
399 590
161 15
176 607
284 824
106 894
200 256
372 424
137 984
91 739
110 262
171 357
346 542
92 235
283 939
147 362
215 459
104 320
132 469
235 133
15 882
374 947
164 837
4 193
247 320
283 384
285 970
122 381
182 129
45 149
253 921
237 907
266 553
149 714
52 323
199 357
154 421
222 972
377 911
43 681
359 804
198 111
390 267
159 472
31 426
289 579
238 500
139 79
366 246
122 84
262 218
254 305
293 191
38 988
340 261
263 758
155 440
363 398
320 67
345 115
397 297
174 592
14 834
61 411
112 663
200 275
144 842
130 733
268 935
269 48
284 873
178 164
396 483
183 900
84 66
61 124
194 261
272 314
224 79
289 354
160 485
218 223
21 183
77 104
76 228
374 686
293 31
120 714
348 480
43 578
361 39
201 364
154 630
324 567
332 301
208 626
373 951
233 91
300 893
124 987
307 41
43 360
93 328
353 94
35 157
25 65
80 664
121 842
145 27
145 909
68 645
353 540
15 979
129 129
218 302
387 667
245 941
273 4
221 352
21 723
134 385
85 413
219 290
16 901
266 666
70 739
65 497
309 687
177 952
143 957
251 501
132 331
156 158
300 262
240 85
327 495
249 996
255 809
217 934
147 781
41 444
355 564
277 409
387 738
366 698
49 825
326 363
377 355
53 552
106 647
270 525
3 989
251 959
373 912
331 614
104 117
338 814
173 258
394 705
121 732
149 236
112 405
91 900
50 124
100 402
121 825
99 437
354 440
132 633
18 998
367 715
118 220
60 73
309 733
385 650
223 166
7 731
114 987
217 465
191 420
381 166
152 389
333 872
23 665
374 119
373 252
49 714
9 421
264 312
280 691
183 949
123 131
290 382
43 594
225 148
139 887
24 90
217 109
380 521
233 748
70 179
300 478
124 428
9 115
247 629
51 223
354 274
134 793
225 494
355 323
340 153
196 626
180 653
375 455
5 871
328 961
56 154
43 366
199 951
165 959
366 755
94 289
358 930
202 824
106 955
69 854
9 356
232 939
165 253
142 298
379 44
400 803
259 380
8 712
273 850
51 527
66 901
390 111
254 774
303 232
151 592
52 948
237 397
279 846
361 848
211 75
284 900
157 793
336 325
316 962
18 381
185 822
165 155
398 685
58 948
63 9
114 397
297 887
34 927
145 623
291 295
374 607
176 584
254 813
177 318
315 682
301 409
29 849
122 455
397 925
193 915
8 955
306 65
375 236
158 415
374 941
361 119
6 114
166 289
387 723
78 311
46 811
57 376
350 420
378 144
79 725
311 140
81 87
191 856
115 263
291 77
107 257
84 706
259 219
317 422
280 291
397 453
89 271
150 195
269 404
10 157
58 593
287 531
19 18
145 143
154 868
379 623
206 811
365 902
17 776
188 384
272 604
87 726
219 746
112 85
326 769
274 374
55 890
307 583
200 39
54 46
160 482
60 881
250 644
137 661
244 570
181 745
190 521
249 301
382 349
270 482
13 737
164 371
154 444
260 799
256 393
391 467
60 506
395 392
351 959
41 634
332 737
12 841
394 992
31 673
50 750
266 8
102 577
186 366
36 757
109 375
220 940
67 250
241 775
252 19
220 698
24 496
228 323
339 564
165 102
164 100
372 212
138 472
384 32
65 956
274 816
11 134
377 985
66 938
154 491
350 351
1 889
57 378
15 205
78 715
259 918
117 164
295 660
321 584
72 497
400 686
196 82
194 236
328 674
154 951
395 69
69 408
15 90
186 310
161 844
336 585
100 581
237 462
69 960
316 115
241 295
3 621
39 271
183 222
126 487
343 968
260 746
226 925
9 136
241 668
47 291
90 418
56 870
86 607
326 912
21 53
241 272
170 176
186 492
122 735
70 777
104 802
120 511
16 610
78 112
376 125
47 359
265 113
80 787
126 535
76 425
145 86
128 596
138 341
293 38
136 80
267 539
178 842
230 529
285 580
166 401
176 813
6 296
190 944
108 448
249 371
163 182
246 682
98 891
255 591
64 919
377 627
32 288
282 659
56 334
354 358
196 731
328 424
142 999
189 38
175 487
97 617
252 105
193 557
79 723
53 434
264 584
56 170
184 467
342 440
286 130
239 879
331 944
110 713
321 803
199 263
65 596
123 455
197 676
220 540
332 543
152 454
375 616
46 282
277 38
56 178
317 593
35 163
108 402
144 820
268 779
51 786
173 994
294 393
394 467
178 524
130 508
99 480
247 152
27 518
55 628
201 415
318 376
26 772
388 886
241 52
34 947
17 392
339 649
3 940
3 785
132 728
218 733
383 991
38 327
357 827
172 189
324 390
86 834
189 229
308 345
301 791
38 598
388 107
340 235
62 157
192 99
211 212
8 327
132 294
280 146
315 196
344 937
44 161
310 906
57 374
84 519
364 857
233 971
134 800
246 963
53 328
354 894
23 160
167 570
329 286
152 497
269 797
67 703
279 655
314 185
336 194
82 262
300 920
159 987
50 948
241 831
217 883
21 888
253 680
298 769
180 858
385 617
371 406
329 417
138 597
334 90
299 359
113 843
65 402
240 497
50 42
204 827
281 169
385 903
211 407
225 584
299 237
217 950
65 407
55 509
63 410
18 842
28 450
168 555
25 319
397 83
247 184
156 929
193 342
256 574
331 579
45 669
137 664
384 235
276 787
329 61
241 747
86 483
157 36
63 389
23 80
400 273
327 580
32 36
15 386
151 704
368 846
290 604
221 654
22 248
239 497
290 104
52 99
268 302
273 645
105 357
365 197
390 641
246 326
187 722
97 272
175 660
188 535
45 43
34 643
110 616
98 892
241 395
168 51
81 909
119 588
78 216
141 921
131 951
244 365
10 387
149 708
2 722
39 622
250 276
142 6
59 415
366 872
359 452
127 68
398 392
389 332
9 425
15 778
334 42
183 919
182 721
135 72
27 116
30 969
104 629
125 596
204 650
328 799
365 24
239 840
194 485
151 347
120 428
285 579
225 303
207 414
212 1000
37 94
265 387
102 873
327 651
161 944
360 520
217 537
75 781
325 125
152 256
18 572
14 814
63 786
217 291
56 217
376 448
128 148
277 776
200 5
137 558
291 185
145 982
113 882
295 442
375 166
179 364
354 872
141 851
212 673
143 577
39 933
241 521
270 307
362 664
137 257
364 531
357 512
284 924
180 920
205 703
380 400
116 488
110 154
225 207
208 113
12 748
150 557
168 101
34 408
191 556
238 242
344 110
101 484
380 959
65 57
136 857
214 378
50 227
21 523
337 402
229 371
69 293
349 247
251 320
392 691
277 777
244 703
7 510
101 949
139 292
192 679
75 664
23 412
298 818
311 454
291 707
376 459
296 827
343 745
157 411
123 14
14 448
320 372
243 605
364 832
343 108
156 588
125 593
78 975
121 106
67 935
21 56
338 43
78 894
172 556
140 48
328 357
197 797
308 273
26 599
183 971
156 609
286 789
240 585
197 144
22 493
148 364
103 868
179 986
348 570
283 406
106 770
63 372
47 385
215 805
22 905
281 867
299 729
108 907
393 950
53 549
183 104
234 126
41 843
276 572
306 238
10 46
4 41
335 735
353 584
196 959
248 919
375 680
20 894
390 480
89 438
121 162
187 184
198 668
33 517
280 475
12 458
172 993
78 60
42 651
201 759
204 883
311 150
366 684
400 711
326 140
20 81
332 914
154 135
38 726
374 295
219 380
23 128
319 469
344 461
351 209
43 427
291 92
169 564
55 638
343 840
201 744
346 958
154 242
59 426
4 212
250 183
151 980
100 991
58 507
354 645
388 564
39 183
228 263
204 841
247 485
9 482
158 430
183 198
264 503
110 644
88 359
159 328
306 560
14 496
368 994
14 814
269 827
95 886
232 96
267 574
183 779
8 115
312 190
131 441
186 237
309 196
36 64
86 257
141 595
245 590
23 783
165 382
159 352
57 826
160 229
277 876
322 764
365 359
107 344
157 166
392 279
162 154
114 651
269 733
5 288
200 700
346 198
66 636
247 2
323 323
181 934
334 129
44 298
5 433
108 606
9 898
166 119
57 205
248 396
97 317
237 503
392 936
227 413
51 224
178 997
99 206
150 982
154 947
350 152
321 899
200 925
379 651
250 355
159 214
61 844
363 100
374 47
229 930
96 702
350 480
208 695
389 616
220 916
65 66
65 629
46 841
332 503
305 208
154 293
10 419
224 654
96 415
120 945
376 464
111 423
87 81
148 859
316 570
267 767
382 196
9 534
33 424
127 924
242 792
399 558
375 285
325 282
139 264
88 940
197 386
95 885
41 3
123 626
167 46
88 237
226 21
374 104
261 106
209 121
282 663
113 147
349 622
141 347
332 397
216 952
180 250
209 427
213 64
341 722
75 693
17 965
53 927
166 305
282 254
169 951
273 307
357 503
164 640
338 85
177 576
16 263
130 513
57 173
135 676
394 159
4 852
17 971
233 860
257 899
84 191
188 143
21 229
395 892
83 438
297 799
331 899
339 519
268 164
124 221
165 557
154 859
288 476
141 5
24 634
311 468
206 556
271 214
70 667
318 997
153 498
134 708
98 52
127 597
206 282
79 580
131 875
339 594
338 51
53 52
59 493
349 319
374 59
254 100
257 927
206 359
389 364
157 878
114 517
