1300
28 271
47 239
53 915
201 702
312 143
137 33
12 101
277 332
230 814
124 393
291 834
200 460
120 22
156 33
239 867
209 333
212 220
80 661
310 256
297 436
149 597
134 226
270 31
1 241
31 714
101 486
144 292
319 65
71 466
88 796
206 219
184 90
154 846
204 60
121 541
122 614
90 199
162 353
231 286
121 53
285 492
33 836
318 93
174 519
189 38
304 263
95 341
200 448
226 734
111 146
256 731
298 413
274 759
23 13
86 220
37 436
10 942
307 533
114 691
108 432
49 121
174 388
298 665
174 289
32 47
47 546
314 746
290 567
153 528
225 329
31 631
315 208
175 696
218 974
170 852
212 899
147 174
104 157
202 408
21 284
49 441
57 133
13 66
225 344
109 834
44 67
213 192
172 788
110 83
124 364
246 792
253 197
179 998
101 313
14 785
48 710
233 777
165 867
13 601
182 706
80 154
44 230
215 249
269 941
107 217
321 226
183 502
227 554
276 879
145 365
254 433
239 916
129 46
256 771
165 953
302 531
127 888
3 672
247 196
18 132
240 35
88 735
178 899
284 354
168 378
143 687
96 250
190 873
56 114
274 730
125 30
318 165
6 137
311 93
100 768
270 467
278 65
79 22
99 849
104 843
314 205
76 381
45 505
246 713
173 944
187 937
294 899
143 508
44 86
286 912
228 356
276 1000
55 794
137 964
255 293
120 44
302 542
242 582
73 746
285 298
284 711
294 700
45 225
209 145
241 408
296 686
40 639
208 283
81 5
15 742
309 360
28 932
76 466
256 331
235 622
219 119
100 291
298 895
282 739
286 614
165 819
249 382
111 207
53 859
278 499
79 537
78 467
253 794
292 454
179 994
210 669
244 857
250 165
300 721
120 478
43 113
152 620
162 801
303 216
248 6
194 331
68 282
236 144
6 113
270 622
26 900
89 905
288 816
14 178
223 830
64 39
293 566
93 596
58 500
291 937
25 32
88 816
60 468
323 588
222 604
252 105
301 289
286 535
257 594
251 738
180 905
120 611
245 409
189 826
162 60
257 593
141 881
276 652
6 546
56 606
202 862
94 752
245 490
12 843
74 566
15 405
115 203
109 479
268 748
263 868
119 506
140 800
71 574
308 707
6 368
145 400
107 89
279 460
279 704
207 316
300 682
218 289
80 22
213 382
307 757
246 991
241 196
268 57
56 194
250 940
170 410
16 671
206 155
302 449
238 239
224 499
299 644
149 495
254 261
186 664
323 841
267 916
65 744
314 789
108 861
194 514
62 319
271 206
189 187
69 282
147 971
188 470
75 194
108 450
182 306
233 194
215 235
266 317
16 641
288 198
181 758
314 660
124 966
239 168
221 621
226 588
316 81
269 139
324 913
250 249
226 713
316 969
147 13
88 895
143 958
305 937
88 783
237 894
226 595
18 112
266 822
42 239
215 957
102 579
40 238
2 815
29 515
147 584
196 443
170 290
92 755
246 578
188 694
151 64
322 924
8 140
307 360
122 379
90 389
100 243
170 551
71 414
259 559
301 391
54 796
294 1000
280 648
310 561
50 676
62 387
306 960
175 858
88 194
64 329
138 528
205 937
109 747
317 344
4 944
81 171
168 103
14 526
53 465
125 940
42 861
231 17
74 104
299 196
253 143
236 27
45 162
136 556
287 990
192 237
196 114
13 623
272 799
198 224
144 261
186 207
102 306
115 122
109 654
192 368
175 465
300 443
38 74
13 485
2 529
143 160
263 642
74 339
139 764
20 684
53 585
320 716
217 681
13 37
133 366
218 545
133 613
182 888
103 912
112 911
314 377
108 206
277 940
189 729
206 987
314 326
98 363
32 629
165 760
47 549
20 713
183 449
156 599
12 920
145 724
155 918
264 156
60 27
245 598
225 728
87 457
98 629
237 142
193 507
92 747
67 409
84 6
191 672
147 328
226 329
198 353
196 254
216 322
70 790
310 87
65 795
264 178
25 605
250 94
163 159
144 437
171 739
167 353
146 627
183 940
70 773
231 940
196 547
284 222
307 660
279 269
292 749
115 425
200 922
25 50
225 758
251 542
165 565
50 441
134 28
81 939
37 656
46 68
324 346
8 135
263 36
315 106
156 339
25 929
1 372
207 670
11 373
251 873
266 581
77 432
80 517
39 743
304 464
211 511
245 263
1 667
45 631
64 627
40 73
117 326
292 741
47 478
293 470
72 584
82 354
140 709
322 120
182 787
221 145
287 44
80 948
246 682
199 653
10 772
187 538
30 662
2 966
13 608
49 31
45 514
177 298
253 407
319 403
85 672
122 10
321 705
148 472
53 1000
5 605
63 597
22 773
17 767
104 304
208 40
296 112
162 709
307 650
175 808
6 735
128 127
167 513
209 807
305 586
170 197
126 477
16 954
259 645
53 83
305 314
182 777
257 196
92 119
169 39
110 606
145 913
201 185
29 197
251 997
114 833
36 256
28 451
247 411
121 339
201 817
197 238
39 350
275 429
117 631
143 281
171 784
136 638
223 833
286 483
320 2
121 751
131 136
299 10
173 833
83 554
267 744
157 277
212 182
295 219
74 413
63 757
273 37
11 13
71 19
64 293
241 927
119 707
184 735
112 68
62 297
37 554
189 949
6 114
134 616
134 993
203 234
107 690
166 275
144 343
34 861
27 277
82 567
171 740
46 125
37 411
3 864
38 983
274 887
128 215
197 908
233 243
233 905
11 915
46 532
72 179
280 145
128 485
233 305
236 738
65 204
294 522
231 980
116 786
301 234
96 97
141 381
56 624
76 937
319 207
66 547
42 416
32 769
65 932
53 793
97 843
98 159
290 804
59 866
260 114
295 104
266 301
115 826
124 481
248 116
36 832
193 982
36 176
91 943
294 774
228 696
205 44
194 953
297 7
167 670
44 942
2 358
274 918
7 140
58 337
160 272
222 236
130 158
287 272
29 911
253 822
85 689
312 602
37 928
94 368
302 289
228 668
6 321
187 39
63 572
241 156
54 489
199 223
62 262
54 331
105 240
281 452
241 738
140 894
234 863
258 123
19 316
6 97
194 915
212 890
324 564
199 99
118 865
175 507
255 453
202 195
121 835
119 223
177 708
62 812
48 587
77 858
232 766
106 144
296 326
126 534
185 343
101 379
193 612
128 346
36 304
196 174
269 664
87 560
314 390
16 66
127 880
252 972
183 46
255 542
75 551
211 588
231 890
145 263
116 562
40 600
16 413
305 993
286 459
157 676
319 793
131 437
298 247
302 966
267 723
280 165
324 144
67 948
125 61
225 832
234 233
248 812
5 796
311 976
224 249
197 806
87 521
213 714
101 872
240 424
129 447
111 781
227 298
270 952
135 317
86 515
148 788
216 514
223 246
319 573
16 635
305 325
26 571
187 468
323 898
213 945
29 407
214 972
82 442
17 163
96 776
235 967
318 327
119 969
245 30
138 747
235 322
160 656
278 607
120 542
77 408
312 559
151 357
148 271
160 660
236 909
69 259
175 846
172 747
34 985
64 817
125 495
310 41
260 372
151 995
289 248
34 232
206 997
196 130
280 32
241 478
45 193
284 59
314 646
118 407
32 930
243 74
249 860
184 801
72 70
223 912
169 718
179 313
307 549
272 173
252 804
34 63
27 140
11 520
290 186
236 712
158 290
190 18
109 168
56 219
22 794
291 358
75 385
281 540
37 68
318 831
235 44
140 800
224 583
171 128
174 753
322 57
264 583
219 483
309 713
190 598
64 532
316 123
14 796
298 687
211 238
180 821
8 149
310 721
56 432
270 902
236 238
224 470
137 682
98 620
63 740
325 410
21 199
282 282
284 862
64 555
150 928
190 655
4 899
119 644
194 185
170 191
235 669
10 349
76 277
291 487
144 993
45 422
184 694
35 925
228 352
218 969
175 974
194 387
156 270
95 288
234 503
1 667
65 843
171 254
9 431
76 284
208 54
281 178
324 675
260 35
270 659
233 825
216 211
76 715
228 729
52 802
75 215
68 731
164 619
223 169
185 541
122 163
280 338
67 362
42 329
172 479
152 889
244 493
303 52
177 175
310 796
18 904
86 893
128 582
127 911
147 599
241 843
245 882
68 12
150 154
248 888
312 677
214 734
55 600
95 818
65 738
30 312
61 341
213 481
198 80
66 373
293 879
87 227
284 370
242 614
227 441
177 360
281 810
86 227
158 986
64 165
64 848
252 275
174 252
261 442
115 630
108 945
286 820
170 85
113 940
100 558
197 374
277 995
119 822
114 249
10 62
23 607
264 932
242 655
130 631
11 596
288 872
14 954
184 938
221 739
152 926
209 700
53 834
85 623
285 517
264 538
270 695
2 760
248 428
181 403
159 560
95 789
210 635
121 23
129 468
263 883
247 28
320 530
242 579
291 125
209 936
73 779
163 614
296 956
70 872
171 470
268 232
96 155
303 564
174 537
107 305
65 941
88 287
9 385
174 751
151 808
228 683
318 837
130 837
288 203
242 732
233 921
254 72
96 391
42 472
286 324
299 677
32 157
3 294
278 455
203 99
194 533
204 132
35 250
291 45
175 480
88 803
83 560
218 374
145 859
251 469
257 785
27 180
234 304
205 660
25 791
261 450
142 131
130 244
284 285
240 869
22 303
36 154
276 231
131 994
126 257
314 258
94 634
145 4
88 580
118 539
38 520
195 20
243 863
130 159
128 290
110 238
305 230
204 932
142 788
69 608
27 171
281 605
149 155
184 440
26 251
150 744
214 157
133 36
5 977
5 228
55 721
297 931
314 11
293 743
232 689
116 485
52 626
72 618
75 960
150 928
286 685
207 29
258 598
181 615
46 295
53 293
294 556
253 661
274 265
41 277
164 26
251 212
287 726
42 49
314 274
10 243
166 312
75 837
312 628
24 751
279 800
43 151
290 90
242 413
32 677
160 428
241 538
243 684
261 46
232 99
185 487
159 93
55 953
272 906
212 772
256 568
250 959
43 227
305 501
26 683
164 873
175 350
34 414
287 867
300 824
254 225
72 653
32 68
21 721
60 560
142 476
322 138
176 344
273 856
190 769
223 677
278 46
57 373
230 135
66 62
217 273
8 17
277 218
219 143
67 833
47 922
219 691
75 646
274 324
70 6
261 609
196 653
54 836
222 333
154 131
86 341
218 968
19 954
274 188
261 769
100 960
11 887
112 868
13 669
231 659
195 307
85 465
83 389
135 732
86 42
27 650
309 428
107 534
132 578
11 866
80 713
96 402
240 832
210 931
144 803
103 981
214 545
243 559
196 975
23 375
68 542
35 45
25 344
307 876
100 879
83 190
149 860
6 632
189 621
21 510
248 189
68 108
32 715
249 291
273 465
109 836
182 786
227 372
249 584
110 969
100 92
85 474
2 371
308 944
124 970
12 707
225 80
231 823
214 696
6 986
154 52
275 27
300 763
61 533
290 129
229 24
295 975
164 895
229 273
283 304
117 701
167 215
119 119
111 962
292 578
132 73
217 786
300 281
135 435
12 940
152 934
171 915
91 257
305 425
29 619
181 299
308 571
6 508
108 309
268 498
31 950
167 648
197 88
241 606
103 947
8 311
121 122
288 904
271 114
147 739
281 367
213 36
180 162
248 675
317 79
105 766
197 217
208 588
20 48
110 651
293 481
317 665
75 602
22 232
109 254
282 750
226 320
38 723
25 112
299 120
323 615
277 138
158 976
231 16
100 876
273 934
120 423
153 879
143 912
260 59
285 29
114 468
205 466
313 667
299 300
192 700
22 743
12 671
276 742
134 361
197 242
79 727
88 702
245 142
294 659
202 403
115 712
165 429
205 207
270 331
11 297
241 678
168 101
241 342
313 915
303 445
197 902
78 519
206 200
249 248
122 937
