2000
203 898
314 392
385 548
350 345
436 786
74 579
268 917
197 276
104 838
173 35
331 809
187 408
114 115
248 36
170 908
25 847
17 10
349 39
349 293
170 951
370 704
57 615
221 384
393 533
69 500
165 858
459 534
432 839
499 739
267 298
494 50
484 633
7 319
489 457
157 744
320 365
43 467
55 734
105 126
2 719
452 698
351 5
480 366
248 466
261 728
68 689
305 390
458 477
477 48
414 362
173 124
364 598
477 622
271 62
469 30
295 994
215 576
415 299
198 180
298 803
245 279
139 299
323 326
383 519
33 895
110 516
8 202
104 819
72 731
273 325
102 93
27 265
147 668
48 435
197 423
96 983
36 875
219 754
208 776
445 643
387 638
154 454
428 852
54 560
241 963
163 949
253 915
405 677
232 733
465 861
465 439
465 705
212 184
97 529
198 407
300 542
290 74
330 144
448 59
189 612
452 73
356 579
462 100
288 113
236 304
159 92
204 216
239 12
361 980
70 207
338 464
254 520
191 729
215 18
348 9
238 832
487 921
354 181
281 880
236 369
253 204
256 947
259 430
90 995
231 212
362 538
290 804
490 465
326 514
450 860
20 34
266 45
414 204
199 54
215 163
270 213
219 427
279 5
44 237
281 364
40 872
4 921
101 485
137 883
143 347
131 724
371 91
427 197
268 821
39 819
231 470
26 500
158 85
177 609
77 472
237 648
229 701
202 808
264 147
94 24
401 169
92 89
463 723
167 464
66 949
185 933
422 689
49 997
64 338
159 389
160 236
470 656
130 745
36 643
495 472
177 388
209 828
326 643
313 16
130 656
394 567
489 129
227 653
216 229
14 538
464 270
432 704
226 371
90 891
483 556
258 45
289 198
335 860
304 102
278 118
255 407
292 251
305 95
298 902
297 440
467 495
151 908
3 61
460 301
73 100
222 147
180 195
457 443
485 120
136 799
354 540
163 93
20 329
231 583
127 209
169 403
304 688
365 499
149 704
193 203
75 53
316 742
144 291
117 693
71 288
232 698
262 499
248 703
182 769
249 556
82 207
36 829
291 256
267 559
463 264
21 494
327 796
461 409
500 833
418 216
281 19
205 962
168 867
425 982
138 665
289 936
77 985
160 34
127 991
17 236
397 363
325 364
281 873
348 447
222 635
437 106
29 580
361 74
257 102
215 618
23 995
268 107
498 21
155 543
297 517
182 869
32 921
466 216
36 182
335 465
17 805
471 149
198 872
433 376
276 442
435 143
257 734
400 198
44 377
328 228
400 805
80 767
104 557
43 278
71 449
460 945
66 222
271 318
88 702
238 123
266 149
447 905
384 331
63 7
369 654
313 666
436 908
432 389
135 741
35 105
403 66
77 735
456 816
337 138
142 732
453 672
444 462
73 284
13 203
211 78
225 213
125 731
278 142
392 780
374 274
391 894
12 530
55 249
136 406
464 602
185 473
406 339
347 182
143 215
13 45
38 336
65 577
11 700
23 2
233 849
498 802
407 144
237 905
173 229
173 588
142 375
72 539
199 837
475 276
93 468
420 38
444 34
368 60
53 281
208 130
319 771
489 202
355 223
380 71
29 487
224 7
127 149
173 661
359 946
315 272
226 616
35 404
474 915
294 610
194 406
372 643
330 396
360 81
339 289
408 619
123 258
189 843
129 170
360 110
395 156
129 835
362 254
254 156
282 369
211 323
242 678
187 614
343 131
169 348
333 284
7 559
405 858
310 752
10 979
454 237
128 504
49 676
474 794
129 264
135 454
75 793
72 170
94 646
258 119
18 346
202 159
353 989
306 243
328 952
169 261
313 784
377 342
487 254
337 329
494 999
433 915
360 963
269 524
223 380
414 431
406 822
77 391
298 280
436 450
121 286
155 576
191 66
256 966
35 136
487 321
80 99
283 271
174 711
260 667
90 635
242 506
356 386
291 118
429 291
18 109
307 256
355 462
299 295
5 138
156 467
42 197
280 313
168 284
462 443
69 257
25 356
206 203
58 327
195 217
432 248
236 429
469 551
215 220
410 199
296 846
340 528
141 481
129 117
89 999
189 867
84 766
310 216
56 316
49 858
239 733
286 323
236 294
419 254
167 212
67 362
205 828
489 389
282 304
348 870
169 915
494 564
13 708
440 671
310 609
256 837
361 5
467 946
425 191
42 317
369 222
451 455
459 575
213 174
153 357
32 783
456 842
152 110
119 997
356 535
360 402
500 883
235 260
494 604
148 290
339 108
137 934
455 284
382 449
211 344
404 509
495 163
271 682
417 638
356 295
236 254
123 79
268 818
89 391
302 552
474 810
75 460
66 679
291 473
72 626
192 382
446 395
25 51
297 241
55 585
401 134
497 14
391 287
358 874
145 263
206 358
133 714
80 542
173 477
450 388
393 26
174 740
185 981
429 712
414 970
392 688
166 610
196 457
353 83
402 427
395 367
207 229
284 509
438 56
113 8
368 604
295 806
292 95
111 143
22 224
161 416
152 588
404 649
232 246
203 880
269 140
410 923
199 498
289 637
68 719
115 329
360 698
32 717
64 652
298 355
383 218
402 894
79 854
392 440
173 808
161 805
421 20
118 740
6 386
3 680
145 464
114 482
400 463
55 902
100 15
404 660
191 41
90 650
259 107
297 286
157 151
93 531
467 842
234 109
162 811
229 57
278 548
132 558
184 806
51 634
215 888
473 291
450 722
296 442
351 39
208 893
80 117
194 727
91 401
419 601
317 618
238 966
13 959
429 576
179 749
42 54
384 551
294 73
303 332
425 37
336 119
358 641
439 977
116 239
276 333
86 606
379 352
487 372
459 752
151 808
268 867
24 806
282 559
63 475
315 704
67 605
215 397
249 183
303 524
122 953
338 82
430 560
179 474
160 572
447 210
499 217
237 383
263 233
307 157
182 679
349 106
478 148
4 884
433 679
4 801
333 67
160 315
161 570
386 206
65 274
432 932
121 298
107 20
476 413
343 489
63 475
487 364
279 193
275 790
291 69
418 16
435 561
268 18
91 589
456 383
220 214
287 432
325 576
173 875
266 114
435 843
354 381
215 429
430 918
248 55
145 624
304 795
194 297
22 845
320 439
418 677
205 225
168 201
460 562
423 593
413 634
143 691
1 819
187 318
236 344
326 201
177 312
258 24
334 518
320 91
483 937
27 701
452 598
8 843
192 115
58 709
76 470
340 664
131 115
134 7
301 306
245 135
470 5
182 344
312 834
134 724
25 267
202 871
78 939
115 310
333 520
165 786
328 989
406 537
14 218
131 337
87 245
93 166
347 414
211 43
344 1
35 827
102 764
380 576
211 665
71 994
113 393
403 19
370 26
225 152
49 49
159 961
151 985
150 327
295 988
373 639
53 464
85 651
323 455
123 795
494 201
390 361
145 970
83 541
9 794
309 508
151 206
200 686
390 324
275 280
343 738
109 631
199 981
82 916
420 881
11 662
366 364
10 452
389 273
471 516
331 351
8 136
363 799
309 528
25 700
14 904
470 883
44 956
150 841
87 703
326 979
492 365
101 433
79 807
328 110
475 809
183 152
481 115
378 804
337 191
258 839
372 911
229 152
2 207
82 908
162 132
409 679
412 826
259 256
100 634
194 987
40 500
497 964
327 847
423 88
49 680
257 429
108 568
329 222
120 301
327 87
125 908
221 226
193 828
245 441
98 725
10 835
291 973
94 781
257 914
185 904
348 93
36 99
496 716
347 476
331 703
102 939
264 169
384 16
500 371
89 458
352 278
480 57
360 255
10 462
158 859
27 274
121 229
393 151
72 46
339 898
414 661
387 40
325 659
138 843
47 978
395 720
61 691
232 583
327 649
13 719
91 516
433 39
102 69
242 32
132 174
211 897
413 535
479 437
118 665
464 493
126 94
14 454
343 740
83 868
462 46
62 675
277 17
406 285
17 801
55 704
472 274
153 541
331 854
52 398
491 203
197 243
409 715
54 864
122 949
283 832
481 787
59 116
399 207
371 246
345 125
350 301
342 721
443 858
108 5
171 730
46 316
433 687
105 317
215 143
372 266
499 779
482 883
390 225
172 165
479 878
2 43
73 32
258 626
61 8
449 41
329 516
4 527
325 516
212 540
120 654
199 909
77 820
461 282
113 342
324 280
44 940
430 370
477 667
406 43
79 533
30 206
8 650
69 942
355 301
185 893
120 298
145 281
286 11
288 941
299 429
306 339
413 974
75 463
103 14
91 910
417 390
375 806
260 28
107 964
404 358
36 994
393 245
89 470
283 236
282 773
44 483
444 600
243 197
93 458
331 715
344 28
140 711
321 654
322 186
411 658
176 703
481 134
170 302
376 463
170 391
153 528
282 34
468 638
198 187
251 618
199 333
442 578
309 995
43 505
206 697
494 232
307 918
409 631
377 931
475 878
355 745
279 586
150 384
218 673
412 680
379 809
197 636
189 223
2 318
441 473
157 555
362 923
55 991
409 817
445 705
276 845
181 742
22 988
346 495
453 630
138 320
367 835
415 938
374 239
475 353
369 440
256 77
418 48
324 303
188 500
85 980
46 93
222 584
294 853
252 400
49 950
352 733
388 135
138 646
65 280
101 140
246 428
5 873
495 47
175 806
75 963
400 776
28 434
142 339
46 95
264 35
124 397
419 804
135 340
353 765
471 91
441 732
120 981
184 810
354 382
375 69
82 434
147 131
194 761
398 80
200 150
301 200
29 254
426 524
165 432
396 383
208 873
480 441
226 506
436 985
105 504
182 809
219 224
64 755
179 137
366 490
493 398
330 707
464 868
7 491
108 196
191 537
459 538
318 701
127 815
198 7
117 286
335 795
263 106
476 405
3 612
223 638
420 562
498 252
364 703
201 109
349 252
226 822
405 262
450 788
364 240
500 86
158 848
380 780
94 907
472 696
440 62
373 261
466 769
198 856
396 921
331 898
100 423
444 432
148 223
194 567
471 923
65 766
118 231
432 20
104 292
124 537
321 808
308 833
488 206
132 502
159 974
290 295
268 831
55 373
376 562
191 886
388 800
401 588
131 909
348 9
119 418
339 439
410 133
234 602
199 857
153 901
169 516
40 788
481 12
240 16
269 461
113 639
116 879
139 979
109 324
271 536
411 461
422 886
357 346
350 465
128 171
72 902
405 641
495 801
454 845
257 962
57 403
396 837
127 780
346 158
456 377
13 610
338 860
369 731
433 714
431 951
159 914
441 673
163 275
303 75
201 175
496 711
230 300
401 733
47 558
360 963
28 395
480 908
433 528
75 584
262 565
424 580
25 444
170 816
149 678
215 621
295 63
161 197
447 503
328 504
318 631
19 297
213 796
98 638
400 891
500 342
343 226
481 417
336 91
369 287
340 37
57 248
192 598
171 302
295 920
154 214
439 448
454 788
62 199
485 429
464 836
416 572
223 800
470 364
304 223
402 430
150 281
469 741
239 718
425 957
121 794
491 185
115 788
392 109
29 107
392 843
10 915
374 811
424 155
281 840
18 21
497 311
368 758
182 181
111 643
225 793
480 117
6 600
64 177
486 459
42 563
125 313
61 183
54 773
211 572
282 538
350 206
485 855
192 148
8 455
349 261
13 886
339 750
494 795
393 828
489 777
428 692
468 634
293 574
105 141
388 945
173 858
128 900
9 595
406 30
200 125
249 521
377 629
211 77
155 762
141 840
404 708
262 568
221 63
419 365
220 693
192 549
128 649
384 94
137 841
41 394
71 522
67 947
396 393
91 677
412 220
155 621
297 725
411 806
47 271
150 835
169 216
122 142
441 531
35 528
407 986
403 510
57 701
185 625
240 180
412 93
318 444
235 64
152 584
336 751
445 253
179 846
199 296
323 574
3 413
60 231
208 534
209 213
458 231
39 767
218 185
190 3
139 69
182 634
197 532
442 819
40 325
42 319
63 940
37 664
299 984
292 939
17 577
331 954
219 428
169 240
168 986
288 7
76 641
296 128
454 10
131 223
357 51
365 426
354 949
175 929
86 497
160 299
239 313
207 92
418 423
440 228
354 375
158 308
400 776
82 72
436 72
113 429
158 607
90 386
482 108
382 545
215 445
76 570
406 742
175 29
478 882
348 569
403 247
411 877
110 217
68 899
265 723
450 677
199 533
166 904
333 38
269 446
284 637
209 374
23 862
190 608
93 336
390 175
71 318
385 150
368 396
32 824
496 301
318 542
230 742
387 988
467 295
388 917
130 932
294 374
374 674
320 307
403 656
194 710
495 841
455 864
473 224
46 540
100 492
379 651
412 141
183 517
223 884
181 198
3 465
310 344
263 515
265 904
440 183
310 861
64 654
46 62
487 792
112 116
127 788
446 251
410 639
333 594
182 957
245 106
310 666
62 910
340 442
103 186
324 22
284 1
128 296
276 396
329 772
48 488
86 914
481 26
444 391
31 407
115 805
341 373
227 23
196 417
456 780
111 554
433 719
348 59
122 797
217 762
354 686
188 929
473 988
292 29
321 244
264 245
418 682
178 860
215 448
95 274
239 270
145 588
235 584
281 164
228 151
367 412
28 869
175 238
363 146
271 566
230 618
83 554
48 967
159 109
166 519
83 986
83 274
184 73
153 879
22 145
478 587
413 407
370 731
90 630
204 62
124 107
8 702
369 517
265 393
162 442
240 270
493 301
20 552
481 272
356 425
43 610
192 402
35 648
152 356
255 51
353 826
181 387
104 602
280 794
424 43
59 635
479 902
264 250
322 558
164 271
29 716
439 124
16 498
236 25
132 731
78 493
298 441
317 811
148 167
73 547
5 800
41 441
99 199
269 808
263 145
48 345
25 605
266 49
101 480
71 481
257 34
211 445
138 128
15 352
156 995
22 348
459 797
269 4
181 820
10 478
241 297
390 221
490 998
200 436
414 573
343 210
348 594
87 165
255 857
237 922
28 713
383 813
231 164
2 613
56 507
285 281
100 192
164 425
330 740
402 468
366 654
349 656
244 790
207 955
403 787
201 240
246 911
176 580
22 161
2 804
174 932
181 588
95 800
284 782
48 366
373 242
279 145
114 651
355 240
181 685
180 665
337 931
287 357
108 123
325 366
467 952
66 872
380 314
388 23
253 131
156 688
289 70
216 891
499 158
439 574
249 785
209 487
15 67
137 558
61 236
467 744
202 151
360 61
410 761
486 863
143 152
453 957
289 362
404 535
355 820
338 39
10 615
242 41
454 361
136 636
346 109
184 496
84 295
226 103
195 459
454 663
390 445
293 620
190 191
403 141
431 911
500 947
15 344
283 870
53 827
337 383
227 98
210 802
217 841
270 556
36 228
33 733
449 791
62 695
231 833
377 365
237 834
79 501
113 225
224 550
323 855
300 603
475 717
373 572
98 349
446 327
49 483
407 175
371 168
26 690
295 939
279 914
474 258
337 848
438 232
58 848
488 127
18 472
54 419
410 292
281 809
276 841
257 410
330 4
6 695
313 412
116 750
348 706
461 507
352 53
453 752
175 865
22 389
152 413
45 624
33 971
220 401
342 944
37 685
141 959
321 25
443 946
379 658
160 145
438 803
77 938
415 193
387 971
242 354
43 148
126 392
291 918
447 308
33 932
373 964
394 359
259 10
255 57
188 236
297 541
265 57
427 323
59 231
5 485
398 210
182 344
240 4
26 259
127 778
70 397
225 748
461 374
481 161
496 617
269 685
233 879
15 493
224 156
121 171
3 994
40 142
418 620
472 852
324 369
134 141
254 67
177 267
317 739
121 894
269 223
152 751
157 946
146 30
247 767
186 13
427 974
282 852
465 305
245 344
113 653
154 40
462 351
396 57
148 602
22 823
23 953
182 44
226 978
198 964
168 482
382 527
169 421
462 638
37 840
227 268
382 306
306 759
10 858
47 879
402 205
116 643
112 315
406 64
204 299
304 144
160 857
380 863
165 836
409 902
480 636
243 689
399 553
69 506
35 423
268 375
289 491
259 546
369 398
318 320
83 711
215 938
64 378
296 898
413 953
196 46
285 765
31 321
461 712
259 889
395 390
478 362
79 355
134 887
40 171
50 448
34 850
218 930
314 191
468 762
46 183
152 998
149 15
93 793
5 336
61 172
419 947
365 913
4 132
101 991
481 695
92 128
367 423
222 93
159 711
37 472
28 9
363 475
103 784
45 542
333 10
114 800
34 956
229 53
404 256
360 641
473 352
297 574
370 19
313 88
500 331
42 832
92 700
279 98
457 275
162 596
106 88
228 226
489 526
104 740
61 931
451 449
366 638
217 352
346 24
266 106
91 785
303 831
484 296
279 612
472 638
304 840
433 821
162 968
488 757
127 712
22 303
166 746
237 768
430 479
403 942
144 423
107 524
68 423
111 856
212 502
86 832
122 213
42 972
179 277
121 56
490 397
99 84
41 334
146 794
124 756
84 615
342 256
437 290
151 374
168 797
310 908
257 99
52 403
304 558
230 874
434 336
75 892
344 389
145 790
289 185
48 531
58 542
243 318
155 586
95 172
280 893
268 790
193 605
266 257
245 717
279 505
302 908
356 131
445 471
346 806
178 832
372 564
25 931
491 486
180 40
225 978
435 542
263 215
363 750
20 853
82 589
92 213
38 911
32 308
306 306
422 958
469 222
276 282
8 439
270 472
135 830
196 287
336 887
374 34
143 628
190 811
250 114
32 519
444 765
427 559
272 396
113 991
423 911
438 571
47 768
383 86
226 473
302 862
439 591
107 456
96 55
217 4
147 532
166 328
427 384
220 681
31 199
406 733
252 112
200 532
463 990
100 253
393 958
277 45
177 421
234 321
223 517
193 701
416 141
458 169
12 35
66 812
373 574
442 262
487 809
175 428
392 698
325 931
154 487
156 405
66 459
244 413
321 639
336 154
411 301
269 320
205 298
218 877
111 843
111 870
350 233
418 794
376 12
298 214
247 351
297 471
335 650
213 240
136 41
417 502
291 452
22 907
54 870
311 990
4 252
101 666
488 550
255 120
411 82
211 831
194 16
96 904
447 367
273 748
319 738
133 118
17 523
18 481
433 216
