1200
50 708
34 463
260 539
143 520
182 747
67 608
206 328
202 939
266 194
17 539
42 958
27 267
199 535
82 863
183 389
292 956
204 33
168 227
284 962
161 553
197 529
121 96
243 715
114 57
36 383
262 180
23 33
214 104
56 76
101 792
206 740
149 240
291 289
75 46
117 813
225 912
90 670
137 600
130 977
97 466
134 973
201 682
72 256
217 817
10 664
247 387
166 536
278 223
187 598
57 575
66 976
121 525
2 750
95 78
146 679
10 596
129 408
75 79
126 30
199 527
183 992
45 20
78 126
59 39
202 275
77 133
95 245
275 866
153 355
270 151
246 442
295 912
204 664
96 510
96 657
34 495
102 888
205 386
219 434
295 695
57 123
187 328
289 245
299 591
113 929
128 524
233 77
207 570
187 819
44 855
51 265
254 21
145 191
15 550
67 338
283 312
221 407
200 502
112 42
126 804
134 337
69 871
126 504
247 661
218 608
121 682
32 590
90 643
99 489
194 34
278 876
35 867
217 323
82 31
145 435
188 764
225 986
89 278
250 706
111 751
67 478
80 195
112 32
137 634
47 964
296 261
105 518
153 771
45 920
206 334
87 54
26 615
122 100
197 385
97 860
297 926
41 274
263 471
180 612
210 169
125 941
167 389
184 849
18 416
155 738
79 5
80 756
71 789
252 834
67 337
253 966
20 538
189 602
99 115
65 59
88 827
210 419
18 306
116 661
205 61
107 767
209 613
190 539
255 628
79 231
256 752
289 656
278 873
196 829
196 523
252 881
42 472
165 735
184 545
250 851
72 795
161 905
299 729
222 735
200 323
157 248
236 262
221 333
296 352
226 58
53 314
116 61
93 673
263 637
22 406
186 16
275 518
289 529
177 991
112 301
96 748
92 193
154 452
31 514
225 500
262 17
177 776
58 866
70 659
108 904
205 983
218 517
296 799
82 802
99 311
21 180
119 524
276 676
217 736
51 346
68 806
269 570
103 67
236 120
177 850
2 527
245 249
177 489
98 990
252 878
19 54
45 71
198 962
233 599
82 316
78 195
7 403
5 87
127 28
260 665
294 591
70 816
226 281
258 726
71 167
227 408
167 724
168 883
258 987
274 397
188 772
110 492
95 535
59 761
238 354
3 465
128 724
43 797
253 922
225 35
296 216
176 4
265 358
102 557
224 70
189 981
56 491
284 954
230 675
65 418
255 382
216 78
164 625
89 157
37 34
120 810
275 325
297 85
157 430
295 118
195 399
188 912
249 871
210 509
52 454
187 177
164 124
150 251
159 588
154 494
242 651
254 646
114 54
177 706
131 600
293 802
112 452
134 776
33 897
124 989
68 89
270 788
227 251
100 451
49 748
192 271
102 113
54 888
138 402
112 96
76 165
44 513
21 360
243 586
196 431
72 499
198 533
48 865
84 148
132 653
131 247
120 135
299 901
201 92
285 260
291 902
31 996
185 882
246 912
212 359
145 759
211 340
267 329
268 244
127 627
72 951
9 695
208 264
149 270
212 161
116 393
176 598
39 424
258 413
232 197
190 59
179 765
75 516
288 10
187 295
151 620
46 768
273 81
34 582
18 241
167 725
61 131
273 276
243 101
7 476
102 499
52 781
56 703
93 114
116 897
94 696
29 135
298 189
98 327
114 80
78 347
122 447
198 520
65 188
118 722
158 484
24 573
116 311
75 182
241 628
62 691
60 980
214 507
139 203
144 982
28 587
53 585
234 192
75 847
18 192
186 880
215 504
161 204
109 382
52 578
258 550
280 460
73 256
21 387
152 234
216 561
3 778
291 795
119 967
165 742
65 980
182 864
112 921
130 773
144 193
171 830
208 168
78 387
200 912
168 580
195 501
214 769
158 707
172 783
292 492
69 782
256 51
79 93
140 663
59 651
231 835
207 713
197 666
258 776
200 26
9 866
51 431
99 155
253 538
15 78
123 425
175 46
65 976
91 711
25 531
149 983
201 849
171 690
201 59
154 526
190 501
50 764
113 499
77 220
181 750
225 602
275 801
206 810
88 103
246 780
145 737
289 204
146 499
217 316
42 361
296 641
70 137
11 246
151 46
184 596
103 529
47 791
30 796
297 8
106 578
26 279
233 275
202 407
80 552
58 384
247 942
67 302
225 153
109 581
170 292
118 623
297 298
59 123
20 633
29 361
232 358
205 238
199 273
200 161
96 964
29 869
248 627
40 979
22 391
150 603
226 735
44 887
111 797
258 823
294 603
56 595
13 629
6 737
141 912
228 139
102 238
118 885
174 492
245 540
82 925
27 535
54 210
138 386
106 934
47 369
129 453
243 795
79 938
198 969
139 262
25 101
42 886
183 444
231 28
282 2
260 627
249 642
134 5
174 956
107 259
119 84
135 271
214 222
215 119
137 1000
159 474
280 74
133 49
212 108
66 251
133 244
278 645
67 135
137 17
174 823
135 787
35 68
261 940
300 841
118 477
190 17
183 168
94 228
108 580
176 858
25 272
137 718
74 359
92 246
294 58
157 725
174 531
280 226
8 771
118 846
232 408
278 274
243 258
90 677
98 948
85 120
99 967
280 698
214 984
100 613
104 626
223 224
84 639
205 261
25 594
47 457
297 729
8 105
203 930
80 871
199 242
295 904
172 256
25 134
70 137
151 714
142 452
131 683
54 909
246 232
117 617
166 151
80 436
8 699
45 94
88 184
35 364
215 828
176 273
228 355
251 428
95 268
70 642
120 972
156 920
118 175
194 482
161 871
210 143
274 531
88 53
59 222
225 441
107 73
159 578
199 423
92 772
269 747
24 27
17 17
270 785
262 301
188 923
199 33
140 886
227 769
158 234
270 793
95 997
53 900
241 330
298 422
293 29
173 506
282 21
13 588
17 130
2 13
169 180
176 30
186 969
99 75
49 485
172 959
39 592
34 329
41 288
110 835
201 631
5 521
122 952
286 214
89 236
62 726
296 93
230 676
90 992
129 936
54 589
74 605
120 269
256 441
59 665
1 850
43 28
238 746
206 24
224 457
265 168
208 757
174 277
8 570
127 66
257 474
87 421
284 588
248 294
271 661
5 354
299 863
292 473
141 143
85 297
142 990
54 192
74 821
229 840
65 213
145 256
30 965
26 75
82 321
141 157
179 132
130 829
50 959
248 665
241 432
283 432
157 416
70 451
209 358
293 307
131 69
30 882
87 328
68 261
159 424
154 429
190 54
11 801
83 890
51 423
65 817
105 461
171 600
249 32
139 597
131 120
33 762
168 872
284 292
298 113
78 573
220 309
160 302
101 386
281 150
69 887
105 221
181 978
116 930
198 417
95 972
21 6
290 320
164 919
7 794
192 179
196 576
83 640
242 343
195 71
180 211
109 117
29 642
272 349
208 248
221 652
183 147
73 143
96 890
203 828
89 16
41 779
65 433
16 959
245 919
161 297
102 865
128 968
148 451
117 380
186 587
141 56
1 853
251 729
213 670
278 883
292 184
123 263
68 795
28 781
104 529
127 647
47 917
150 378
133 412
226 999
36 458
282 437
130 190
113 535
283 391
81 672
90 475
291 677
133 131
209 13
76 727
64 654
181 677
65 762
222 771
97 404
191 626
159 537
223 662
49 565
44 780
184 396
80 520
230 302
98 928
57 197
200 851
295 185
29 221
55 656
160 443
195 792
226 938
128 718
199 820
5 563
146 637
126 355
132 176
297 843
6 635
259 722
297 421
30 729
52 568
41 34
159 930
157 623
144 937
43 687
102 181
121 508
91 661
247 517
167 872
235 743
56 505
204 982
248 933
192 208
46 963
245 182
236 319
224 531
225 258
44 910
65 27
173 891
277 919
136 569
144 552
54 330
293 874
84 117
156 621
13 251
294 146
137 230
157 41
104 872
181 937
254 151
112 119
241 589
107 802
292 337
219 623
89 584
263 215
265 566
284 179
120 285
8 667
194 897
60 962
209 635
136 67
158 811
64 549
175 467
180 600
210 279
286 87
197 378
248 556
71 942
157 451
114 405
129 836
171 697
240 298
234 317
6 34
270 861
297 498
69 985
57 270
20 823
295 270
126 866
52 879
61 426
202 355
238 274
238 535
125 878
255 686
190 186
101 946
109 438
100 84
139 517
264 897
197 508
10 599
248 644
124 43
88 5
96 247
39 217
171 321
10 539
234 352
161 789
276 951
124 730
199 939
288 760
153 675
9 526
7 683
154 619
210 75
220 302
53 57
166 806
279 774
270 809
42 806
131 978
278 715
245 355
169 677
87 47
115 703
255 573
196 239
245 469
15 142
228 222
155 326
111 942
40 796
279 848
238 156
137 418
177 973
254 751
99 393
4 206
202 945
176 378
84 285
259 956
103 164
246 440
132 192
9 191
299 983
27 568
146 958
117 907
263 173
255 636
131 174
68 28
138 289
135 537
2 887
248 401
19 285
80 645
150 471
254 453
50 893
275 478
175 274
78 460
24 98
263 601
299 425
148 236
127 657
112 298
252 612
168 431
173 658
176 682
287 748
109 744
90 857
271 642
47 869
156 955
200 793
86 791
136 560
21 171
233 429
64 928
10 71
164 944
90 180
115 111
26 741
246 266
65 661
151 919
138 640
55 639
117 888
92 167
148 182
102 19
159 406
25 748
224 979
71 322
298 655
54 590
226 283
188 835
49 999
266 921
1 819
109 358
97 518
259 332
2 302
64 265
33 753
201 490
1 177
136 371
49 699
275 636
264 940
125 784
194 984
15 72
21 442
186 192
205 519
10 274
180 830
81 463
146 15
189 854
46 421
257 442
257 27
137 652
184 834
127 484
63 802
208 77
112 882
83 646
125 448
183 570
178 344
271 46
3 451
268 649
218 568
70 912
187 410
246 832
41 597
130 73
69 319
237 911
240 926
18 769
21 504
172 266
121 753
198 900
99 809
56 116
162 87
292 203
18 644
172 291
187 482
19 938
300 269
203 429
78 191
49 738
128 135
54 724
221 132
280 426
166 897
256 311
206 466
249 106
266 59
192 911
11 531
273 811
132 665
237 267
178 434
217 441
172 93
300 889
257 410
6 63
174 694
267 407
56 92
278 954
276 915
260 332
106 249
81 681
14 907
288 259
196 70
199 187
170 410
1 699
168 370
157 318
195 750
30 609
151 777
202 728
248 908
196 874
15 184
151 485
203 298
156 489
130 892
266 99
72 193
115 847
135 280
252 605
282 8
172 193
146 408
106 932
277 163
134 795
185 123
190 910
86 527
15 622
47 669
259 360
35 8
248 146
114 869
256 628
293 484
74 707
50 336
124 338
117 367
243 35
6 598
21 466
205 147
137 581
178 468
259 308
57 433
277 933
206 877
158 734
185 239
193 816
242 237
234 675
145 72
262 911
208 500
80 1000
182 259
22 549
22 463
27 340
181 719
266 985
290 841
223 419
170 10
