2000
414 808
130 73
56 90
260 812
361 877
67 538
403 225
176 273
73 521
91 47
364 770
200 965
95 820
468 506
316 469
450 156
228 28
290 125
254 423
13 438
250 151
212 635
117 588
376 584
315 609
147 330
54 60
204 523
500 88
106 253
27 739
62 748
123 295
208 546
14 280
402 339
432 578
155 117
458 677
352 758
353 38
239 90
296 390
199 425
42 135
170 48
228 581
133 335
451 425
164 585
315 342
104 533
307 337
215 246
190 645
381 449
200 141
465 438
109 644
200 741
390 748
390 238
364 824
422 199
190 86
12 83
55 846
256 72
398 80
125 533
442 219
204 737
437 989
89 427
244 30
125 656
247 641
195 147
215 102
118 387
395 448
341 828
60 237
488 397
271 75
387 116
458 109
484 675
348 151
488 656
149 432
201 631
312 926
392 614
84 480
98 875
2 776
434 956
223 423
400 525
107 42
89 727
79 57
106 287
182 665
154 596
91 576
460 963
31 208
213 215
420 21
338 948
144 129
425 640
427 555
458 944
418 582
453 944
94 603
284 798
472 660
362 87
463 470
108 104
155 349
231 2
478 827
37 474
156 988
460 382
3 350
185 29
32 67
235 832
232 803
375 768
193 639
64 963
91 971
388 955
102 575
281 919
265 68
134 372
419 914
372 514
211 905
407 378
15 422
144 90
141 295
71 801
343 827
286 322
22 400
74 119
180 633
75 318
153 41
82 998
90 945
346 311
404 85
340 757
184 376
202 762
89 572
27 981
140 271
91 558
291 767
483 573
64 872
378 4
318 423
67 290
489 1
394 525
168 407
348 930
83 265
268 540
396 514
384 427
425 11
310 721
349 772
325 223
83 273
68 353
407 84
10 639
356 813
367 879
309 724
65 615
114 231
62 645
146 118
428 959
208 906
438 72
458 218
479 785
311 546
339 891
150 874
328 169
367 291
276 777
454 480
441 786
441 659
275 925
82 605
306 864
33 967
278 457
146 690
148 49
223 774
457 851
29 409
228 385
250 411
417 169
107 770
294 490
268 641
124 155
195 404
5 280
198 130
454 254
281 299
199 906
178 574
349 311
348 225
312 823
341 331
155 557
160 760
347 21
368 868
137 487
389 686
377 768
42 821
424 302
251 45
244 989
317 548
291 259
200 277
229 808
393 89
244 44
444 405
380 645
148 274
376 451
299 478
69 526
131 960
104 773
111 7
122 11
99 92
435 161
302 484
245 8
142 323
21 615
387 172
194 974
121 252
105 651
31 998
254 321
495 618
216 777
173 720
237 188
65 793
68 934
77 162
93 849
317 866
470 64
233 381
207 254
243 25
356 642
307 278
425 213
444 873
243 861
127 302
474 528
129 928
179 15
309 207
224 487
246 477
498 902
443 357
45 115
225 397
49 548
323 573
68 39
428 991
427 281
136 817
175 70
95 138
47 333
339 737
313 368
29 589
382 783
329 571
314 299
388 657
32 328
459 997
336 355
176 83
473 812
311 310
84 934
466 283
397 735
398 373
261 232
287 802
364 741
13 922
235 417
103 167
13 446
134 462
27 231
390 497
90 323
123 168
421 886
17 696
442 966
218 556
429 952
313 592
275 923
428 640
397 309
389 166
282 436
339 792
144 186
355 614
364 785
426 191
482 556
153 364
396 185
255 269
183 254
440 665
70 392
412 615
146 576
464 295
376 938
254 829
431 189
266 33
371 87
434 19
349 646
305 886
410 584
481 75
120 794
378 470
331 744
237 729
221 40
384 783
263 825
469 483
128 70
203 170
383 18
428 89
194 9
243 296
467 692
327 518
403 449
291 345
403 271
160 74
44 123
374 778
367 493
64 17
350 289
153 940
145 901
243 590
494 334
299 123
240 71
159 939
101 970
252 607
145 462
453 797
172 401
404 363
166 324
214 300
53 43
372 347
87 494
46 541
203 112
168 706
64 647
438 135
260 344
332 576
475 297
245 311
218 845
216 576
145 447
1 620
307 857
384 217
358 973
255 382
282 641
292 95
249 562
24 189
203 286
230 522
452 791
90 278
240 384
71 8
415 94
256 17
131 653
277 607
474 259
380 6
466 304
346 447
98 736
464 746
209 204
414 858
355 191
347 979
273 366
246 479
16 809
48 61
37 109
330 191
463 634
155 174
92 318
391 993
473 672
249 204
77 489
441 73
338 505
366 276
355 64
177 359
223 428
499 286
411 521
173 57
213 46
320 141
456 117
374 448
149 462
417 390
34 835
228 595
251 848
469 699
48 282
39 216
341 878
317 224
434 679
49 188
373 742
46 111
88 646
394 626
454 758
489 865
398 291
18 300
448 597
415 933
49 361
386 645
253 588
153 20
293 112
385 358
357 97
239 97
34 764
434 856
28 543
277 846
453 834
341 926
403 486
124 936
73 204
445 708
460 625
393 287
78 225
98 820
51 534
225 79
497 941
162 406
122 191
417 50
412 34
484 721
249 590
480 170
390 988
402 37
427 286
82 793
319 38
310 881
353 546
128 181
2 354
342 410
492 835
492 583
244 271
486 810
122 835
296 774
400 588
282 164
144 531
281 387
346 525
372 644
283 893
191 60
489 436
247 835
29 112
414 265
95 758
41 631
297 353
4 379
408 982
432 149
49 251
277 94
371 16
289 178
188 513
452 698
171 859
308 540
468 610
90 796
90 423
38 856
73 790
387 372
80 890
356 849
288 199
192 358
318 999
500 972
110 830
205 554
414 696
75 956
21 860
498 721
175 832
436 15
421 155
218 411
118 497
161 815
123 551
192 844
403 5
163 136
33 166
151 169
225 314
324 698
322 66
78 379
162 622
122 426
419 17
323 270
268 269
317 875
143 876
104 917
235 69
86 54
11 491
472 734
460 248
379 946
36 627
193 477
439 167
277 486
68 993
18 431
187 137
496 502
147 272
222 769
82 421
288 73
111 812
147 146
339 771
113 296
118 294
84 414
430 613
441 874
274 945
211 388
497 800
105 942
183 939
500 476
2 72
136 476
53 360
144 137
380 946
359 211
21 430
246 330
298 554
462 498
187 567
71 266
151 712
437 535
295 229
181 957
331 115
40 745
77 922
234 163
485 608
277 405
296 934
468 559
422 192
135 71
174 154
279 894
36 846
278 950
87 602
265 530
388 925
301 646
349 328
444 892
102 299
446 276
44 169
115 303
189 98
256 249
253 308
324 52
215 301
22 543
155 964
150 573
29 335
117 150
103 915
167 217
337 112
150 124
319 576
131 19
208 877
67 757
81 563
383 628
148 677
432 168
190 14
254 92
438 144
360 672
185 781
399 670
72 535
172 215
226 504
237 855
375 693
491 72
367 912
431 212
93 98
120 975
190 482
446 982
485 83
205 113
350 319
170 318
145 543
172 960
120 846
171 106
251 227
338 813
35 956
137 664
278 201
188 94
439 480
238 916
378 436
76 262
290 3
473 531
299 454
379 266
24 170
124 585
274 880
111 679
498 955
442 400
375 66
93 637
141 172
288 671
317 787
482 79
250 551
31 433
127 856
411 574
165 488
416 710
488 571
460 882
498 751
302 284
122 691
498 639
128 184
40 369
215 791
274 79
196 991
1 430
164 888
203 511
389 560
172 626
382 66
130 934
388 869
261 9
455 589
260 375
143 251
494 222
261 933
263 693
334 225
55 854
424 853
236 265
181 875
265 809
379 145
327 16
393 423
121 285
32 72
296 571
451 956
65 996
24 847
385 435
413 780
245 536
193 3
102 302
219 742
53 88
253 780
370 63
393 822
272 609
358 307
223 705
122 343
10 808
104 967
113 766
467 769
229 712
318 507
173 264
420 92
409 851
92 588
377 927
8 803
124 131
144 785
471 312
154 67
130 326
438 518
450 848
168 59
270 361
180 295
99 701
162 859
15 924
468 931
375 949
287 242
72 102
465 56
30 529
208 552
444 535
14 873
112 234
475 563
147 825
121 572
343 697
442 933
118 97
51 296
108 191
37 379
289 343
23 310
296 918
469 916
458 886
224 999
229 242
103 234
8 609
63 502
375 844
500 295
101 917
39 479
306 907
410 799
353 969
89 386
258 859
115 381
196 798
487 448
261 759
221 35
91 921
491 476
449 288
66 125
417 791
218 600
345 721
490 887
210 803
177 347
55 790
117 449
67 869
148 946
122 630
409 843
29 345
81 318
21 148
354 24
256 670
467 328
145 232
60 787
114 83
145 419
325 510
337 671
184 351
83 815
14 688
454 532
321 870
453 658
446 565
432 216
51 211
371 191
152 636
121 891
81 46
247 674
374 431
344 805
164 234
352 20
422 420
499 345
328 981
450 164
152 325
279 931
274 467
183 769
454 880
152 923
112 412
187 369
123 768
89 594
212 880
172 558
250 909
216 32
173 964
340 388
110 758
126 786
323 60
55 902
70 430
65 401
457 455
337 190
320 598
225 109
486 171
47 629
375 427
346 63
406 777
83 709
191 511
165 846
326 782
106 740
55 901
354 59
485 372
255 39
428 576
91 59
423 968
81 425
319 609
142 133
475 536
115 181
196 479
407 197
193 690
25 543
368 237
179 688
54 148
376 952
156 846
96 685
127 241
155 433
18 473
167 711
309 829
21 542
194 317
118 369
433 396
424 625
20 134
444 71
230 533
98 151
89 423
211 891
195 955
297 400
438 871
10 358
439 672
379 478
273 548
358 360
369 473
21 828
250 408
24 262
454 561
188 754
121 828
301 40
425 518
186 745
63 930
223 414
292 320
118 292
423 199
247 649
271 978
172 562
206 856
155 126
210 859
140 28
339 359
178 793
126 23
41 627
403 499
213 935
415 241
403 502
114 667
195 271
492 152
322 749
192 696
158 81
32 304
425 169
13 165
126 626
414 932
79 845
177 225
331 634
428 708
65 474
429 321
86 560
48 4
91 634
369 90
204 477
410 293
39 392
464 496
166 665
49 288
14 35
362 485
171 369
498 508
40 739
487 955
107 429
59 282
39 101
116 619
258 821
238 593
299 535
449 198
209 386
445 90
81 944
498 276
38 819
400 93
163 549
413 581
305 41
431 355
369 497
339 36
333 517
467 663
420 840
332 722
34 955
354 58
33 347
166 847
214 142
179 164
217 668
483 404
479 523
247 725
424 484
397 266
205 479
170 11
368 775
183 906
435 179
406 986
161 699
53 134
420 967
398 349
393 375
458 489
231 789
202 643
433 575
445 877
196 100
67 214
450 53
172 705
336 409
220 585
177 163
403 200
412 198
179 853
339 251
493 318
405 310
23 541
191 258
174 272
297 132
73 868
423 270
316 348
120 517
175 360
183 564
362 20
379 76
34 51
400 976
410 258
488 317
350 829
9 402
428 752
441 542
154 199
337 293
110 209
484 586
111 422
207 453
166 795
459 352
373 154
151 849
248 623
152 689
117 886
445 957
444 99
256 458
284 215
419 556
397 400
132 19
320 797
426 65
172 721
469 156
417 552
436 27
75 959
354 845
164 832
352 720
211 216
318 243
216 485
123 492
160 939
365 208
87 271
196 411
94 824
481 101
220 602
118 434
142 41
54 131
219 969
209 515
166 124
430 820
29 20
104 577
88 812
146 210
43 570
49 824
406 138
375 56
439 684
428 236
281 157
11 546
118 105
58 86
364 575
205 426
338 804
414 896
3 893
87 66
168 696
274 977
497 259
200 136
123 754
54 705
206 588
208 176
198 813
10 898
195 223
165 469
371 430
415 255
165 511
242 22
74 936
279 644
465 490
435 373
306 264
18 531
381 100
436 53
245 113
472 336
411 656
399 737
272 153
464 181
63 859
37 534
361 203
36 604
33 965
67 284
222 571
329 872
465 393
336 869
200 403
426 382
479 985
432 959
421 944
154 598
268 397
129 525
284 916
61 745
116 999
367 607
386 53
261 624
335 945
58 679
117 160
344 301
49 722
419 231
316 204
283 115
490 252
251 240
314 843
245 695
431 726
15 254
253 242
380 830
91 676
412 679
284 333
482 737
112 959
112 974
289 988
477 915
75 638
364 523
411 223
58 152
306 419
471 738
455 503
352 946
120 605
344 254
356 497
390 316
480 494
465 556
422 173
326 998
238 664
331 692
134 518
223 504
490 360
129 170
157 339
289 851
414 825
24 120
470 642
172 112
73 224
196 179
224 275
222 626
310 804
3 434
437 732
17 245
110 430
147 710
29 754
98 728
39 629
26 685
131 661
361 551
36 471
31 769
305 959
166 905
177 603
457 115
360 120
258 101
313 35
435 926
35 619
30 81
73 26
81 809
24 349
165 36
71 177
446 920
174 370
79 154
385 491
2 221
144 61
197 302
106 368
18 678
328 759
400 594
429 651
309 328
403 819
271 489
14 214
237 793
157 469
412 556
407 231
28 753
57 456
58 96
287 86
500 132
143 23
346 501
80 925
341 637
183 464
179 675
385 488
468 985
410 497
2 354
481 442
4 676
252 201
210 813
25 424
7 924
460 551
299 764
377 974
225 475
272 186
292 894
94 126
171 337
230 357
288 124
139 531
55 278
157 264
447 277
246 195
488 477
144 991
288 91
498 767
490 876
370 851
199 32
190 337
458 537
68 358
245 527
85 820
93 445
145 599
77 266
303 247
426 800
436 768
231 28
119 191
290 677
414 404
106 951
302 95
497 57
242 444
71 780
447 981
263 35
427 94
238 881
56 231
152 361
207 349
206 213
23 707
287 382
407 667
357 116
228 64
453 931
156 927
222 53
487 187
495 450
453 999
76 773
402 922
435 48
298 247
114 507
100 185
491 108
395 957
306 612
391 677
12 259
383 940
159 602
449 157
374 75
231 712
337 795
375 275
458 408
438 733
498 159
148 330
454 297
221 123
291 716
244 420
280 540
319 528
37 793
308 618
39 277
463 83
445 982
144 428
151 5
146 668
179 252
248 441
485 737
492 304
357 337
461 600
480 95
109 584
345 382
286 486
315 735
135 522
295 708
223 162
229 415
42 153
378 538
58 889
228 72
43 4
137 454
233 223
200 281
410 612
47 78
203 385
15 150
422 200
189 92
201 582
245 600
355 338
29 746
273 736
197 687
404 216
13 291
27 641
112 342
71 38
373 422
23 941
53 368
389 348
488 97
345 95
256 804
297 939
221 975
128 907
494 757
488 776
372 689
466 421
445 706
464 427
433 850
179 532
404 437
210 216
109 512
10 500
305 723
438 515
21 47
458 925
234 777
15 872
322 397
465 743
387 353
20 37
191 596
139 975
131 468
282 340
444 486
219 873
52 476
254 464
260 896
394 818
488 877
79 598
16 502
184 113
145 490
266 318
285 423
8 984
268 266
369 285
23 597
286 792
114 896
196 858
465 997
78 936
201 257
78 378
34 648
176 455
496 738
474 208
278 164
497 469
78 93
363 809
119 927
161 666
68 129
210 289
176 69
399 242
315 115
301 278
80 470
21 80
186 764
330 609
201 618
94 805
102 503
44 670
264 312
193 417
391 499
402 440
20 161
3 605
124 898
429 250
497 176
58 589
12 918
377 167
35 634
20 600
101 693
436 949
243 322
408 953
346 857
479 911
65 181
121 59
245 131
133 844
108 791
405 830
479 722
146 40
369 645
155 270
457 421
84 393
82 167
126 364
308 301
76 566
273 800
456 996
211 748
172 719
395 53
105 421
89 978
319 201
428 511
414 448
362 611
132 255
383 406
165 393
335 717
415 138
97 318
393 848
88 836
160 270
492 630
348 114
227 525
25 141
165 863
326 418
6 907
31 575
15 333
473 389
148 380
235 554
119 557
140 123
172 37
220 823
338 793
386 827
344 254
6 963
218 626
53 405
138 133
43 445
134 234
398 621
13 454
412 786
324 498
119 100
237 124
272 397
495 589
490 824
321 28
77 692
48 487
55 302
435 971
67 422
374 657
465 984
208 97
493 215
180 179
367 964
267 944
246 369
454 453
22 679
305 216
78 157
227 352
77 909
239 13
120 864
3 861
494 783
112 276
81 616
497 402
66 469
314 542
246 895
226 781
435 245
416 818
282 604
238 870
358 306
68 723
259 628
275 623
153 518
75 536
482 47
420 442
206 68
138 84
190 484
189 697
280 867
478 739
220 142
50 769
10 34
61 598
447 816
227 562
335 675
130 672
411 589
389 335
368 866
164 55
161 432
333 479
155 231
315 169
451 372
457 255
179 770
20 128
126 223
279 985
126 310
166 278
201 261
484 571
184 255
405 175
297 406
108 130
242 527
415 832
263 664
389 98
422 38
130 472
313 418
426 147
161 195
189 925
250 259
272 619
126 579
488 94
21 529
181 777
5 41
310 767
91 435
87 404
48 153
248 288
435 919
287 389
317 939
345 534
145 807
19 835
108 79
346 177
411 779
68 264
75 254
386 619
249 168
429 387
255 782
151 514
449 401
449 44
43 936
184 196
471 827
176 353
92 754
60 861
218 469
200 495
302 948
479 747
463 464
321 268
428 139
314 313
316 126
278 459
331 24
485 341
471 763
323 747
89 487
210 475
72 109
83 386
319 806
220 589
145 695
459 822
104 669
413 414
181 483
355 670
437 849
345 235
344 347
121 123
257 117
331 777
340 601
14 195
431 22
187 314
273 766
27 566
115 264
134 481
26 740
460 878
153 40
241 208
9 971
79 464
316 852
248 140
235 205
431 288
287 725
242 525
228 924
247 569
449 902
123 140
477 895
173 591
7 572
277 974
199 523
62 615
268 641
28 125
200 322
333 73
103 479
409 471
344 261
201 290
279 939
322 780
147 947
192 287
3 224
491 963
452 57
39 1000
279 547
327 229
57 303
353 508
53 876
476 491
490 278
408 177
378 232
340 146
331 664
98 920
240 359
402 749
425 380
283 305
372 748
109 603
72 507
380 800
285 461
177 406
499 749
124 873
353 566
364 12
273 356
214 150
215 247
235 425
480 747
406 600
169 990
219 969
61 805
259 875
313 220
96 933
94 715
128 932
6 810
105 899
447 84
79 259
472 266
94 657
432 345
392 764
263 987
25 560
114 190
383 917
