1700
332 131
115 592
296 392
312 879
33 844
387 355
115 663
373 151
303 359
224 281
88 512
421 435
245 300
142 10
107 594
315 555
99 409
93 92
33 782
108 564
45 297
202 562
293 247
221 564
167 277
135 111
17 900
29 863
179 699
87 908
198 133
94 765
367 206
218 558
338 545
350 39
248 200
406 544
61 71
412 990
388 182
77 809
418 258
70 38
150 75
299 546
30 704
145 882
148 10
88 962
406 573
397 801
114 781
423 49
388 682
54 258
333 488
111 809
222 574
133 261
384 982
367 242
50 587
139 371
408 898
321 554
372 428
122 604
266 938
286 613
164 461
118 819
118 181
4 20
212 296
228 718
403 580
399 583
322 73
79 546
62 466
79 829
103 194
184 763
297 434
83 399
116 600
61 321
104 88
254 935
342 780
34 613
11 615
188 168
160 187
361 529
261 108
367 779
376 963
198 963
180 422
233 699
373 285
176 786
251 241
52 312
91 145
157 572
8 607
189 589
335 639
73 103
290 908
95 367
402 335
86 558
269 808
244 381
392 278
163 17
69 838
8 35
348 869
1 64
269 746
420 102
205 251
205 976
317 683
413 464
8 756
46 263
33 104
328 76
365 311
312 694
96 875
124 734
68 927
345 992
355 23
260 515
190 314
218 619
167 101
7 50
104 33
19 28
205 819
255 403
338 184
319 986
125 772
72 174
124 671
223 876
231 793
243 683
256 487
371 114
59 354
242 918
101 408
77 458
395 801
389 328
416 242
187 123
201 444
387 147
250 573
82 2
224 31
239 692
382 280
325 920
399 873
244 236
182 694
68 815
404 716
208 262
273 703
264 911
295 143
412 539
237 175
60 905
128 610
268 394
236 274
94 75
227 470
293 375
298 945
291 99
125 621
372 320
202 505
360 651
218 356
328 469
174 12
172 293
238 603
286 463
348 401
52 476
207 639
425 696
147 84
14 924
79 752
162 555
401 661
195 821
139 895
399 245
259 642
318 342
392 78
74 824
351 457
99 499
76 678
179 202
219 112
155 488
257 431
340 884
16 621
134 261
53 627
233 672
301 699
18 447
168 641
17 801
420 828
138 914
74 323
365 339
34 104
47 274
199 541
203 236
128 165
15 739
240 897
263 791
415 505
271 349
307 550
99 320
16 167
132 392
61 642
36 937
131 916
273 999
327 699
187 256
237 871
400 275
246 540
129 68
98 772
83 368
397 226
222 103
393 639
413 561
247 548
343 344
251 58
156 70
293 657
271 536
270 576
46 483
355 649
59 473
204 50
189 98
338 757
181 335
116 563
351 712
138 104
254 908
184 479
345 592
303 78
139 336
255 622
99 552
320 464
190 438
79 231
226 257
230 124
91 706
51 199
3 731
77 158
377 502
199 968
46 6
340 414
287 137
228 286
163 986
310 639
44 404
65 689
290 660
262 800
38 173
289 906
272 492
233 923
67 34
391 897
278 10
61 725
159 701
283 816
37 646
241 410
380 835
7 523
121 745
133 802
197 298
218 679
270 720
20 843
74 970
40 691
119 829
382 223
15 790
252 788
105 684
142 592
369 725
77 101
326 331
414 586
391 442
353 582
382 789
400 570
53 192
381 621
99 375
266 269
238 217
191 272
290 973
211 985
140 700
20 416
326 682
93 204
239 719
195 721
15 874
290 817
349 844
367 881
106 461
11 116
267 507
211 919
285 331
42 622
254 653
143 771
374 614
417 701
89 307
402 735
177 476
220 543
35 264
20 267
190 74
359 598
118 482
41 632
346 197
372 225
86 301
140 81
150 328
319 191
352 225
136 322
99 236
178 946
322 388
227 69
274 443
416 323
175 760
31 709
352 688
189 223
32 153
423 44
154 11
297 367
227 891
198 485
6 802
351 333
405 331
205 1
112 514
90 752
65 558
98 765
54 236
59 821
316 475
208 266
228 874
14 430
269 424
93 815
293 629
412 729
74 930
199 2
393 964
33 511
274 463
419 141
382 933
62 43
314 788
235 405
303 825
235 697
95 864
61 375
171 160
204 723
252 233
48 301
417 992
290 366
422 503
57 875
194 43
211 531
156 357
350 926
246 438
361 809
306 815
332 390
162 167
10 902
266 460
118 435
164 270
20 940
35 752
268 684
65 468
288 273
217 491
346 531
345 455
392 64
16 449
425 245
32 858
309 740
110 921
240 945
319 130
30 202
208 935
256 882
172 516
175 921
308 308
342 561
33 343
223 285
169 559
102 727
3 853
423 739
346 503
391 154
90 871
92 920
147 570
425 44
134 581
113 689
105 380
227 679
418 597
98 543
238 447
8 211
11 350
39 867
386 81
127 71
420 177
109 769
111 234
335 700
147 571
269 5
17 624
33 646
297 264
312 963
290 391
415 878
269 819
143 14
130 257
339 573
294 46
314 672
223 646
231 890
215 448
83 808
16 583
144 308
228 506
324 177
378 523
75 718
203 57
64 194
26 51
227 139
411 357
117 850
191 993
3 189
129 274
95 512
74 877
355 589
297 891
93 641
110 297
4 642
70 634
340 821
54 172
214 462
23 849
400 367
158 216
313 496
65 5
200 230
149 507
115 651
233 903
200 600
198 324
137 501
73 726
77 547
268 896
369 632
185 626
326 53
252 844
140 448
317 569
358 570
266 410
54 214
255 407
217 979
67 383
281 134
53 54
326 120
30 831
136 172
328 22
192 573
47 668
410 504
103 136
109 622
306 137
284 35
388 295
32 89
183 993
3 976
291 270
58 983
249 815
205 535
91 780
163 936
54 960
250 285
128 123
53 720
46 81
81 469
377 31
232 637
185 637
271 202
172 961
379 469
317 495
30 677
288 496
269 796
252 178
400 899
155 290
314 396
349 419
385 510
117 453
247 531
280 381
132 625
252 262
208 248
278 782
324 870
392 26
8 454
208 671
145 322
164 673
379 311
142 662
303 357
375 545
115 831
297 496
399 402
269 558
184 369
143 516
47 448
396 97
358 215
34 769
208 259
59 11
17 216
177 835
382 747
207 178
271 678
364 589
57 628
163 891
11 524
210 317
353 967
323 479
231 674
256 405
67 533
104 274
10 18
91 163
346 455
356 23
315 436
382 982
206 482
49 544
324 114
157 286
384 858
382 154
341 279
257 902
203 673
313 182
19 16
217 53
105 520
226 747
184 472
401 603
357 398
45 932
205 410
313 789
258 942
286 450
110 3
361 103
11 572
212 653
98 82
219 5
134 613
324 937
395 141
358 538
88 361
11 359
27 208
203 322
8 854
345 959
379 579
212 354
297 64
143 310
296 273
325 75
82 876
404 305
172 742
369 999
281 325
255 620
362 160
308 694
346 293
246 509
134 761
376 10
136 198
219 708
229 288
94 779
390 47
9 47
341 210
1 659
236 291
203 819
404 624
126 374
354 820
271 667
247 15
272 870
24 904
106 800
387 494
381 431
224 377
349 190
181 741
295 660
370 560
34 469
43 426
189 670
170 338
208 691
44 474
202 252
174 486
19 439
287 273
213 216
275 19
245 696
351 286
424 213
307 208
89 277
46 115
386 720
167 595
192 333
162 903
425 713
226 573
369 293
86 538
141 646
122 387
232 520
200 801
241 103
382 877
22 411
231 873
375 761
283 461
51 633
67 197
402 814
106 466
94 684
27 829
301 630
209 287
139 738
76 793
183 315
334 665
339 523
150 759
382 323
184 146
209 415
177 979
260 926
270 377
118 286
282 382
120 626
209 523
8 392
312 233
268 758
246 212
222 494
138 199
301 901
28 874
413 824
176 134
157 366
46 787
91 618
114 444
396 610
413 806
82 144
245 288
67 318
79 670
20 479
202 433
215 793
170 755
25 390
120 193
358 535
114 356
365 439
351 219
409 588
118 251
187 405
296 803
422 121
251 438
193 786
273 661
88 510
295 591
60 138
423 279
190 999
305 831
372 932
44 670
343 374
371 783
268 358
272 903
372 354
97 660
311 505
151 859
406 438
291 362
246 250
336 309
3 506
307 748
422 83
342 345
133 593
160 521
275 386
383 114
30 582
86 725
324 974
267 165
337 196
47 548
6 218
419 203
310 93
339 301
133 396
35 977
7 462
285 90
132 566
138 547
23 571
347 455
59 613
123 379
411 754
315 550
354 930
206 479
265 427
95 701
215 137
345 810
89 140
163 840
31 409
304 138
109 130
17 238
229 727
268 641
109 75
119 220
329 943
310 400
270 40
48 606
127 557
208 716
47 29
14 734
57 963
283 608
179 580
383 929
416 925
413 687
176 112
99 91
308 806
277 339
179 629
347 63
99 787
36 271
8 69
192 958
123 221
167 456
160 486
144 131
160 882
423 809
213 640
315 766
56 357
180 106
325 61
59 861
23 105
60 475
415 992
342 495
422 716
4 728
52 535
253 607
23 607
59 316
142 981
295 545
160 323
157 832
371 222
347 185
31 530
29 304
207 631
309 833
295 337
85 220
346 613
110 464
348 65
52 288
204 831
30 515
315 556
249 79
360 892
424 659
369 784
222 549
293 911
133 984
146 573
147 472
369 382
115 169
23 706
420 328
232 155
134 637
72 452
167 540
409 960
227 384
418 523
12 739
350 84
260 851
184 60
134 591
424 913
213 596
102 423
292 348
197 71
378 453
72 322
3 618
404 274
276 471
309 506
72 851
152 236
160 251
325 89
78 567
403 332
97 243
418 427
105 194
95 154
212 408
80 597
133 159
144 136
107 578
416 51
189 364
46 217
129 822
395 311
97 284
275 737
134 446
412 548
274 652
29 581
219 513
317 514
359 13
273 508
294 720
33 74
228 808
33 862
294 511
21 440
26 559
84 71
88 942
257 106
111 508
85 403
334 675
380 567
116 404
46 202
252 906
116 837
399 566
343 103
303 709
413 335
97 89
284 310
133 925
235 294
269 554
258 979
146 818
20 470
110 772
378 670
27 440
225 651
412 500
324 418
302 222
9 820
381 960
314 822
204 737
347 674
356 438
302 303
110 565
335 418
298 586
184 416
281 957
379 786
386 842
203 107
161 53
320 936
413 396
354 54
2 869
318 327
201 429
136 638
397 37
296 166
390 97
211 833
239 411
278 932
245 313
153 665
53 30
47 438
281 735
141 446
293 33
295 628
382 261
197 848
379 887
127 220
177 513
238 156
81 647
286 995
79 959
110 296
357 131
376 587
186 56
265 594
11 712
106 135
175 606
9 679
344 105
238 729
55 298
236 821
390 567
239 32
189 768
285 572
45 176
292 186
203 659
335 923
260 773
279 684
425 538
380 93
203 724
253 624
111 647
171 933
303 361
269 539
264 989
133 764
180 264
412 546
259 239
75 320
212 158
260 401
204 600
110 740
1 605
271 778
398 137
273 293
72 906
387 703
195 307
48 832
192 360
357 927
112 83
37 753
15 818
148 105
179 877
422 150
35 351
409 997
250 245
69 955
7 377
159 308
330 596
378 564
98 422
39 185
103 133
409 712
301 882
122 814
333 669
85 703
33 267
180 107
137 505
310 170
185 661
234 466
345 850
337 769
357 744
156 244
109 671
344 832
6 801
383 877
38 979
123 354
338 578
56 639
92 638
152 469
366 761
325 703
164 436
132 266
107 192
18 254
321 544
67 447
303 532
261 229
95 559
315 340
317 522
62 962
26 591
224 423
5 368
392 683
217 539
293 140
6 790
243 16
23 957
412 546
316 773
251 319
106 805
245 162
335 780
134 285
10 541
403 3
206 362
22 101
334 471
364 951
33 49
289 124
391 127
140 168
307 394
122 727
376 658
154 842
162 421
137 208
207 823
37 622
322 613
334 699
320 649
213 706
37 265
166 613
260 253
394 484
83 904
6 824
132 864
228 401
131 814
273 531
420 392
232 533
167 691
339 600
346 75
204 728
58 954
341 262
204 714
305 117
351 83
240 861
104 462
147 485
164 972
332 131
138 934
93 986
9 598
305 875
287 802
28 94
406 56
155 9
254 514
105 769
38 341
122 573
363 966
104 952
150 592
248 337
111 794
293 339
197 577
93 497
139 515
95 570
288 355
331 194
400 504
343 141
171 15
36 374
192 119
375 151
67 365
282 439
193 411
105 225
116 941
368 219
329 500
235 329
196 772
410 443
154 756
58 564
336 448
240 163
307 30
110 418
209 8
256 431
65 460
352 442
342 263
306 525
174 395
177 470
69 899
50 396
365 329
366 367
231 161
282 526
28 980
276 711
415 8
106 128
125 328
280 567
414 551
64 919
262 319
119 117
49 607
21 387
30 745
309 685
84 349
219 162
81 229
405 196
351 141
378 439
362 780
329 165
215 999
25 888
139 591
244 832
158 312
361 322
178 106
8 886
2 381
208 392
395 308
20 119
145 288
381 296
97 898
279 488
396 876
298 659
34 525
191 56
33 979
316 947
358 778
232 700
99 339
36 912
50 472
289 650
49 795
188 465
23 878
283 396
257 174
201 574
385 378
369 407
178 473
164 927
161 48
195 194
353 365
394 388
26 666
334 883
388 116
6 471
36 337
378 830
422 341
392 888
232 957
188 901
329 227
408 506
118 397
309 393
216 852
365 129
294 471
164 35
195 274
274 968
254 587
219 113
209 579
113 903
111 708
64 367
270 204
244 56
297 149
405 940
140 613
37 770
328 199
174 80
365 838
91 911
140 965
181 202
361 39
259 661
191 662
419 988
30 711
203 948
316 692
50 977
42 990
267 375
69 671
144 651
4 772
311 265
330 502
353 152
395 260
55 177
45 517
373 445
361 348
289 22
318 637
142 859
152 792
153 104
370 871
188 13
199 322
317 983
396 463
10 441
118 246
9 971
31 971
296 578
156 775
19 609
417 680
300 55
101 2
119 25
313 22
339 273
151 753
366 589
38 936
211 818
135 456
375 193
132 482
416 762
185 573
222 357
147 732
179 5
193 215
162 280
6 297
83 77
385 686
412 89
214 522
62 301
72 246
101 107
209 156
352 932
289 228
411 879
197 987
99 623
218 64
140 771
393 256
398 936
32 60
319 399
281 750
222 931
227 602
6 821
244 46
92 140
91 197
217 326
358 737
21 350
399 693
309 291
255 841
381 412
365 224
368 941
95 593
275 186
199 774
418 459
293 224
389 798
359 172
344 859
162 305
137 596
246 205
20 708
210 525
89 897
274 15
139 748
265 212
419 161
333 185
365 738
403 592
293 379
273 640
245 703
424 380
287 398
180 915
316 911
81 444
239 945
310 670
149 149
66 789
50 939
309 195
37 824
346 648
95 105
1 778
269 555
142 577
64 460
43 368
187 664
389 518
143 83
215 170
384 497
365 870
168 983
340 963
74 944
273 101
315 603
244 771
170 470
20 183
368 139
138 881
210 706
127 791
157 732
311 795
400 197
71 826
419 973
142 796
44 970
74 455
124 222
30 757
219 124
85 794
333 769
220 953
203 588
51 394
116 462
222 938
303 714
211 602
380 924
393 172
297 966
212 415
15 714
68 109
205 242
294 296
324 98
103 895
262 859
344 738
107 911
239 687
380 840
143 46
414 915
77 813
151 141
220 332
314 337
406 198
413 810
58 999
106 270
173 441
147 950
282 910
416 724
307 796
230 843
281 794
278 569
134 141
242 503
281 533
23 779
40 270
79 294
80 252
341 233
62 369
383 624
117 249
120 721
386 87
211 325
