1400
287 519
129 32
32 996
98 741
192 183
191 823
60 635
100 647
232 380
178 459
31 778
170 756
333 513
97 568
305 73
242 425
85 544
41 971
151 826
312 231
302 471
309 286
309 869
332 307
254 220
146 603
138 486
100 831
132 260
152 979
129 747
250 78
21 281
148 107
7 153
7 124
315 79
336 202
150 848
336 288
123 889
268 651
49 854
199 1000
70 933
259 769
270 329
167 253
9 707
333 779
129 349
100 528
45 841
28 364
310 16
275 250
131 286
215 170
216 229
349 198
121 992
66 829
243 201
307 131
118 587
57 396
181 316
264 65
229 546
265 96
28 548
258 134
87 938
289 544
93 398
174 832
332 508
166 358
86 475
290 895
67 856
342 675
324 635
227 962
181 943
226 143
251 442
253 604
1 451
142 640
211 799
305 298
249 929
266 817
315 990
60 707
319 476
77 318
103 512
84 355
111 590
59 32
35 801
134 606
185 435
255 79
90 812
298 502
167 300
251 355
264 680
315 763
98 926
149 144
328 719
273 269
311 583
274 549
111 782
116 321
163 352
16 767
241 254
43 882
294 879
220 642
323 512
248 32
300 969
160 207
127 604
54 50
346 636
213 73
101 115
277 67
80 274
87 290
41 536
30 433
258 295
147 540
300 309
315 78
73 132
35 171
78 466
305 178
32 721
26 189
27 944
344 412
4 147
205 762
78 651
285 182
201 85
160 326
130 128
96 933
89 647
20 868
297 645
220 72
226 559
160 252
177 544
342 242
71 567
127 115
72 547
209 720
141 66
344 680
210 147
38 253
49 550
330 520
291 135
318 826
259 418
323 276
73 561
171 405
226 406
241 174
190 911
70 439
207 415
180 745
264 609
311 446
52 602
267 921
66 381
138 646
146 392
346 204
35 701
3 790
285 882
332 706
8 83
281 360
197 960
106 590
293 197
299 188
191 838
161 782
330 596
219 751
41 938
187 352
269 346
239 597
198 984
228 167
87 157
238 661
270 876
252 324
296 359
204 779
33 510
56 267
116 291
245 69
292 919
122 372
330 668
16 963
319 418
257 294
210 355
101 723
164 146
286 670
42 594
264 412
156 291
264 909
106 449
116 499
293 538
240 4
281 234
291 71
339 38
34 721
285 6
73 904
236 378
308 737
83 543
342 546
74 773
225 354
308 303
234 385
8 383
82 128
300 497
344 673
88 771
131 872
249 16
60 264
199 671
210 371
37 65
305 580
225 370
187 969
207 900
227 395
117 635
312 224
262 224
261 641
258 726
90 128
321 954
175 671
127 806
249 283
112 875
115 759
281 411
67 350
280 392
71 592
228 999
121 129
195 47
5 237
236 215
250 86
305 824
182 713
47 623
273 791
30 364
105 710
106 154
121 331
27 395
151 109
179 705
318 506
150 361
168 223
16 916
226 232
75 160
43 505
133 117
53 440
68 473
313 38
86 592
19 499
104 851
54 3
111 281
37 93
101 715
105 859
165 539
148 133
40 509
291 160
302 218
144 791
192 608
2 875
183 399
72 217
251 108
345 668
141 953
272 993
166 875
331 454
132 119
94 123
322 250
147 926
267 853
260 85
27 503
289 380
334 372
129 638
17 552
174 299
265 908
235 583
324 434
166 668
222 605
345 729
84 867
222 218
273 319
254 410
6 709
309 485
187 440
277 874
168 886
113 748
121 392
88 697
220 469
99 713
301 145
224 152
154 993
33 208
189 573
25 513
225 738
143 843
206 684
179 663
337 716
180 624
91 458
332 875
85 307
158 804
238 147
33 544
58 460
23 752
35 971
86 223
198 144
112 734
197 182
226 864
237 907
231 638
50 21
184 612
288 394
252 27
145 962
217 9
329 618
77 519
332 259
208 930
40 529
44 304
30 185
174 200
195 816
207 613
241 35
312 999
182 92
165 502
297 214
328 414
181 447
21 825
310 174
123 57
214 864
206 717
169 443
93 954
312 368
115 194
316 233
134 995
56 950
177 271
153 900
130 566
3 937
141 788
261 48
241 889
339 375
135 984
93 360
10 581
181 891
349 584
203 657
349 134
184 761
17 269
340 943
171 353
296 974
3 476
204 938
33 493
296 866
53 875
84 710
321 151
226 936
103 425
119 50
214 415
116 890
277 192
346 376
281 495
345 742
307 240
67 381
323 62
322 627
221 461
170 323
198 560
145 801
335 981
324 288
83 130
130 88
301 367
288 87
311 409
243 564
318 863
189 101
164 624
172 660
195 629
47 398
317 997
149 302
299 361
183 950
38 95
73 453
175 628
43 42
105 603
323 802
125 452
217 496
81 415
166 986
322 485
264 537
9 40
53 389
291 206
205 813
89 251
132 644
344 778
286 840
314 128
208 696
32 598
165 216
211 604
260 625
232 942
316 496
271 405
274 849
72 102
76 195
203 549
95 983
142 372
101 602
22 600
261 310
190 145
246 391
283 637
94 230
217 498
28 217
156 984
67 3
103 353
209 415
17 937
343 668
206 977
153 68
297 860
168 403
197 721
230 728
286 127
64 427
6 294
229 558
191 31
338 233
36 163
337 323
117 948
207 804
179 340
313 426
305 469
2 242
138 344
319 641
74 532
321 380
344 132
13 458
268 298
11 548
82 806
38 278
289 409
48 165
205 84
84 312
293 628
253 406
203 281
162 966
217 776
209 149
324 729
104 53
298 357
280 23
77 552
252 593
70 414
316 828
348 443
193 225
52 568
195 787
41 887
262 932
344 445
138 629
237 770
124 149
253 529
125 45
105 667
298 709
63 625
157 421
26 603
223 121
344 445
161 488
226 993
15 823
34 235
211 40
32 896
220 111
217 485
286 205
39 691
101 335
346 529
164 905
87 593
84 360
240 781
300 340
200 137
350 225
37 53
45 948
88 957
191 597
13 699
165 852
310 889
292 988
338 218
133 946
163 177
341 639
134 457
168 873
261 756
49 676
108 755
348 806
337 527
279 916
227 602
219 399
94 691
115 940
106 467
314 198
349 66
54 170
49 986
148 55
53 133
229 624
321 856
157 296
150 497
43 481
287 50
50 539
332 137
272 321
53 789
333 302
170 1
172 639
341 135
190 179
57 694
185 594
5 77
198 270
73 618
214 636
117 838
209 314
22 888
157 731
327 572
344 480
242 788
343 563
92 500
284 567
112 837
47 542
113 825
13 67
171 808
78 786
138 293
280 652
135 291
278 485
93 215
284 68
67 59
133 251
187 137
42 510
240 301
30 384
212 691
68 888
37 91
129 79
219 104
256 246
241 113
61 221
192 743
130 396
159 75
115 600
106 522
216 467
177 359
168 592
4 413
171 886
55 994
83 39
332 866
121 733
87 710
198 230
325 385
188 830
4 569
272 985
160 675
105 864
342 535
95 983
273 144
234 469
343 818
74 840
193 684
71 796
174 151
103 614
308 768
12 476
9 805
133 946
51 108
190 772
344 942
294 948
66 194
138 887
294 163
136 519
165 527
243 794
333 781
274 146
126 393
319 728
197 877
216 714
36 662
242 181
120 153
249 625
299 999
256 950
198 917
292 736
172 471
117 910
218 428
338 815
95 7
264 874
180 678
112 114
336 391
290 941
326 304
285 264
240 238
144 953
39 617
36 851
230 897
85 970
68 473
118 948
147 780
195 960
184 387
148 969
250 904
149 964
75 194
163 758
8 341
42 644
334 967
164 509
273 275
62 873
273 346
95 230
115 193
281 130
274 274
261 240
250 436
317 208
159 955
332 608
114 636
147 373
132 315
157 367
287 587
317 892
235 975
95 788
182 471
229 244
189 703
249 127
306 156
254 73
111 363
321 785
68 727
52 765
42 188
183 529
13 144
114 989
302 856
130 838
215 231
115 739
38 818
45 458
13 692
305 730
71 115
241 646
113 546
222 965
85 435
23 35
167 281
69 416
342 255
293 258
83 631
249 963
190 184
172 213
249 37
154 541
201 468
251 957
249 891
194 851
301 522
76 159
70 249
266 605
145 564
271 789
311 189
102 670
235 150
141 493
327 676
192 771
204 576
235 267
120 602
124 165
259 481
218 664
194 498
121 186
300 716
194 789
293 183
333 468
119 537
258 710
119 449
320 995
127 23
332 687
215 291
43 936
192 293
149 900
46 939
221 154
28 711
230 136
312 111
137 132
331 348
231 538
88 351
36 769
98 232
350 781
102 13
102 102
123 727
199 48
334 632
234 665
7 237
9 206
238 132
215 405
303 253
139 156
270 219
299 742
54 300
345 895
235 455
55 27
258 751
307 847
315 568
183 149
101 806
172 401
178 866
341 164
206 225
208 497
35 969
77 56
98 503
102 418
18 671
340 307
169 767
260 246
144 732
70 887
10 329
223 298
208 374
200 369
134 40
80 647
269 443
88 477
204 328
263 401
236 636
152 96
146 400
152 224
149 114
9 24
47 654
3 896
5 213
287 892
74 94
307 392
102 347
37 880
225 298
30 608
247 841
179 927
263 522
324 590
208 518
59 696
61 927
334 752
266 482
89 413
290 904
183 222
154 895
93 594
199 356
93 33
113 774
332 307
290 909
32 943
35 8
187 915
27 622
39 357
5 276
294 860
193 447
197 437
153 854
134 171
299 184
24 563
294 17
19 644
158 77
303 103
272 563
346 16
32 476
12 811
348 124
99 774
175 30
286 697
93 210
306 134
284 943
167 118
121 424
300 395
236 324
100 161
319 131
114 639
248 788
167 632
34 808
309 997
285 432
187 906
320 830
148 114
47 521
20 690
28 43
172 717
68 189
256 599
248 414
327 548
329 359
6 587
142 597
256 432
2 443
164 474
27 469
336 405
17 982
265 206
206 999
300 1
324 207
107 410
94 552
51 906
34 377
108 974
35 125
188 555
176 867
179 463
309 514
73 831
120 108
47 30
206 94
344 933
125 40
325 848
129 112
300 549
131 197
119 528
101 690
50 536
219 268
253 133
114 946
112 805
124 496
128 439
21 904
147 421
119 985
175 516
128 439
97 390
260 388
145 616
74 510
324 57
212 659
20 751
312 659
318 524
79 575
131 172
208 705
310 772
348 474
161 844
49 622
104 61
62 224
16 31
16 371
16 375
267 171
42 793
238 437
52 201
124 346
246 225
299 194
59 962
148 690
309 658
103 74
13 519
78 916
310 707
198 450
275 667
41 27
21 263
179 666
289 907
350 248
91 35
93 71
305 275
315 806
176 138
286 293
194 929
61 452
265 455
38 50
28 894
171 711
35 669
156 547
256 638
42 316
233 58
219 469
203 851
77 321
158 591
281 222
111 966
144 576
227 881
223 767
24 180
41 948
86 892
233 519
171 113
291 718
340 272
192 728
132 535
198 128
189 331
239 484
217 382
270 761
26 489
82 525
125 107
186 276
95 270
245 152
112 824
261 147
59 191
121 605
112 146
203 468
10 636
342 389
296 423
243 243
122 484
156 354
295 530
110 626
229 927
118 909
265 33
227 524
237 216
341 244
112 646
335 838
166 862
18 905
63 475
31 239
288 983
143 769
256 900
66 511
161 176
41 82
95 106
66 145
185 580
310 645
101 258
61 886
324 445
306 204
320 786
289 555
180 17
11 963
222 718
186 720
106 945
4 34
171 213
215 568
206 35
189 285
276 685
169 833
131 660
179 990
222 651
77 937
285 209
160 254
250 343
65 436
174 875
269 56
49 144
330 671
350 116
105 946
136 361
152 360
223 432
212 628
216 672
339 797
27 998
271 953
285 107
234 12
134 983
238 99
131 438
334 220
141 915
28 715
286 770
63 643
12 644
180 624
138 262
42 28
243 102
269 311
220 32
95 142
300 735
66 299
109 251
13 850
176 720
240 941
281 183
78 701
172 550
61 311
311 89
54 270
52 404
169 206
338 168
159 611
73 598
243 466
156 195
285 996
20 203
175 956
349 495
64 425
45 924
32 605
207 159
4 835
135 588
321 592
198 549
159 223
131 392
23 721
181 638
39 506
176 950
193 355
149 491
101 433
124 332
249 343
323 35
227 581
324 124
263 231
47 400
233 651
107 439
167 972
205 93
301 13
66 75
33 322
319 847
272 664
256 509
216 299
218 307
275 1000
107 888
315 300
254 668
187 726
182 754
172 691
349 976
66 650
109 237
149 270
233 491
51 209
242 893
298 405
213 390
15 844
335 298
218 214
268 168
45 557
345 495
255 43
237 790
304 19
120 757
216 240
219 939
193 554
293 404
41 611
70 476
151 879
19 30
103 968
3 770
241 579
55 941
190 911
238 50
180 568
91 803
300 984
115 871
346 834
164 405
308 104
55 465
244 895
54 6
152 433
337 527
87 268
