1900
222 521
161 647
156 645
428 174
168 73
235 10
412 875
351 430
41 26
207 677
409 408
469 820
134 325
27 916
338 517
284 540
218 115
193 515
177 391
353 202
360 76
217 137
380 60
304 322
242 844
299 34
228 99
435 544
80 809
142 317
427 300
166 631
468 355
203 422
208 772
267 930
58 489
472 273
100 523
136 756
285 880
205 337
129 440
124 670
351 284
443 986
213 740
268 102
168 36
268 742
372 832
449 302
295 33
333 63
333 594
167 438
177 661
336 507
34 59
77 628
364 178
83 700
96 452
334 641
217 890
250 490
153 238
228 255
430 112
324 364
24 117
324 418
232 778
284 939
195 631
258 706
159 734
283 565
324 950
55 787
290 109
19 751
129 39
17 960
289 513
455 743
76 934
432 470
448 15
220 764
9 99
78 830
65 427
74 704
300 435
320 940
217 946
47 966
424 626
359 469
444 645
40 370
45 241
330 568
183 238
49 781
388 318
57 55
372 455
151 748
275 880
58 379
154 897
155 379
409 565
118 744
471 975
400 920
397 21
166 702
373 448
473 628
198 197
452 751
341 606
451 646
60 628
138 552
72 368
116 180
184 841
429 585
386 644
47 888
320 276
452 551
214 940
172 377
187 441
103 96
253 393
308 686
292 996
65 315
64 214
156 287
126 227
64 435
401 912
354 835
123 828
140 142
197 943
114 312
292 283
402 542
458 876
127 61
360 489
386 711
264 165
4 424
438 55
144 185
45 141
289 204
56 6
43 773
390 242
385 95
74 539
192 56
69 925
377 252
209 637
356 588
333 258
260 407
70 697
231 506
419 8
115 917
283 225
255 666
474 404
382 697
371 869
249 860
387 818
296 774
293 545
126 917
186 963
220 697
235 397
279 799
280 359
30 301
124 265
83 413
328 85
79 553
206 999
280 713
130 541
11 738
119 437
425 597
317 997
316 488
260 127
377 923
435 898
379 296
336 296
299 944
95 928
68 3
293 613
379 957
216 696
381 72
405 878
370 513
98 543
196 57
206 853
121 309
383 539
58 552
358 974
161 19
357 635
49 555
23 120
374 657
93 666
311 789
461 821
378 88
348 69
260 548
137 280
336 830
71 701
37 957
250 55
153 593
409 195
369 135
204 51
374 969
355 366
111 867
73 964
406 861
41 776
128 371
284 873
184 75
66 268
427 574
155 561
454 871
388 887
368 330
138 48
332 980
90 814
322 224
364 228
25 258
69 220
179 706
61 135
426 923
441 743
229 85
412 504
252 85
70 973
394 717
370 85
149 486
163 207
343 365
177 375
46 290
156 574
418 461
475 575
165 885
373 789
332 158
83 463
145 304
341 298
270 217
195 161
205 343
211 925
306 27
167 326
179 941
219 810
303 23
346 336
184 677
242 794
423 621
274 802
158 597
151 67
236 709
379 542
389 5
62 24
376 919
270 659
10 935
5 600
328 152
156 387
108 575
96 198
50 565
410 889
158 60
207 340
434 48
219 399
72 643
337 771
167 964
61 235
433 910
53 219
406 446
62 424
341 183
195 968
4 30
117 835
20 18
95 475
87 399
367 549
44 849
361 932
422 847
239 277
98 427
77 342
86 424
469 449
354 650
334 12
239 164
34 503
311 716
207 796
223 276
20 75
282 153
180 256
375 622
184 443
174 572
166 91
254 31
397 701
38 550
449 823
420 989
18 937
393 138
402 538
446 303
432 597
360 100
4 704
442 281
386 784
37 907
156 1
23 790
434 625
112 397
226 817
418 174
15 843
365 804
249 294
26 82
31 617
213 699
346 651
418 708
146 211
217 137
386 708
278 27
53 377
122 340
50 873
420 529
405 295
394 803
337 613
221 784
226 158
473 214
37 121
452 325
380 85
325 46
317 995
293 768
355 625
20 115
311 280
52 220
167 165
467 507
281 642
114 23
121 23
24 843
177 18
432 934
274 223
154 688
128 310
101 310
272 685
395 602
130 42
469 289
152 879
148 473
358 853
47 691
244 31
315 764
133 663
469 92
356 154
203 656
314 148
266 88
174 393
70 979
94 560
370 581
201 803
471 441
37 824
150 694
150 313
297 256
14 67
246 560
154 925
138 785
228 22
380 479
459 162
472 187
265 617
250 516
389 320
10 864
48 456
427 324
372 364
318 723
347 194
5 967
392 148
233 795
200 907
39 30
270 981
108 474
35 96
250 491
392 84
193 504
39 206
379 217
93 26
174 424
259 39
85 736
40 870
40 866
319 768
389 225
442 388
256 740
432 661
372 247
207 326
27 137
105 422
352 345
409 851
149 348
76 123
76 625
17 500
441 376
429 375
339 794
455 953
412 897
104 808
51 736
42 779
157 394
148 936
227 486
281 960
422 95
243 104
16 913
463 100
124 871
462 183
292 770
197 793
20 197
382 625
463 981
126 34
257 128
406 458
26 194
86 988
465 525
338 960
207 691
153 687
401 326
368 857
105 763
161 818
280 246
24 958
342 613
232 710
177 488
22 363
140 629
223 435
397 390
468 608
275 230
358 809
160 181
228 63
300 857
111 626
113 694
155 435
412 989
446 815
144 402
119 490
43 25
173 727
331 30
194 659
472 281
146 69
247 295
256 360
262 431
157 837
437 98
217 951
454 403
431 329
289 758
377 628
84 113
4 148
84 310
247 806
158 230
200 149
317 586
37 724
364 553
298 337
351 384
96 520
261 947
176 663
383 887
12 517
220 685
353 46
208 582
383 957
57 733
154 92
78 436
295 492
381 751
323 785
428 428
41 915
97 632
121 277
272 10
189 368
266 272
92 735
318 656
328 546
90 50
158 650
89 335
364 367
172 939
348 936
360 206
85 478
59 938
473 659
197 189
228 295
35 924
411 993
388 537
33 183
68 612
207 933
237 486
360 336
371 60
96 615
473 312
321 386
417 669
227 787
219 38
325 894
256 415
60 131
202 971
427 189
58 483
300 628
85 363
4 724
129 236
73 272
333 564
46 457
134 787
452 106
135 186
285 542
62 935
393 640
355 887
308 167
375 833
444 202
341 790
384 107
293 8
62 340
394 421
467 207
429 578
95 692
129 911
319 38
430 58
212 555
453 384
232 902
165 858
197 868
424 985
216 458
406 108
163 110
395 414
285 866
74 312
344 756
105 401
416 925
300 145
15 253
29 224
420 48
340 781
373 151
120 581
81 237
325 797
278 547
306 716
413 918
268 600
312 907
446 846
427 400
303 496
251 715
231 434
409 232
292 509
344 668
340 287
170 145
48 10
194 358
411 155
137 533
136 997
73 70
325 131
265 705
273 59
428 603
124 751
267 397
202 763
137 70
79 337
149 457
323 958
461 979
286 294
93 87
338 619
25 513
401 160
3 418
245 702
409 29
197 205
170 750
10 419
184 306
304 911
414 91
429 791
463 655
400 918
137 659
180 169
179 245
455 411
88 76
71 236
303 799
20 331
314 948
235 169
27 858
82 395
334 102
169 450
88 219
384 106
327 504
123 638
308 980
172 924
261 634
139 845
458 444
230 655
451 23
132 35
57 338
160 677
187 302
55 543
183 299
53 536
285 40
113 160
202 30
210 637
205 855
8 49
464 158
160 368
260 118
11 286
369 185
129 82
264 262
402 813
98 671
450 173
338 108
352 77
389 576
175 466
236 159
72 719
362 74
282 668
102 608
86 195
95 159
431 417
338 7
13 372
12 596
58 594
232 629
369 825
68 641
99 201
290 759
454 263
40 559
98 697
236 874
217 92
380 633
108 907
461 649
185 206
356 814
57 684
420 656
369 977
337 988
105 987
19 161
104 458
285 143
190 538
1 225
442 876
232 957
269 332
260 515
201 784
312 997
250 112
317 485
73 271
20 286
329 897
65 806
207 618
170 577
150 675
420 58
358 13
402 348
420 561
353 402
197 306
155 608
244 516
417 30
415 649
443 787
108 640
270 416
4 992
118 400
264 233
329 495
459 363
245 693
172 325
175 699
118 80
393 541
382 659
264 313
264 140
244 997
423 632
115 706
260 443
181 168
108 246
403 987
424 831
419 597
430 217
303 467
466 105
250 9
65 665
453 799
77 482
442 582
414 963
134 803
273 39
20 127
403 622
387 905
23 420
268 817
15 646
74 288
203 339
282 614
342 781
184 267
178 290
70 803
28 370
324 468
143 317
92 337
221 593
281 466
182 274
354 617
253 882
145 33
216 207
71 354
301 318
68 983
34 648
156 930
60 270
342 929
241 879
473 401
2 55
377 39
27 790
382 500
191 582
452 848
376 309
442 536
172 593
320 397
199 127
221 46
24 216
423 785
295 154
67 993
36 889
24 481
253 593
246 277
413 261
367 533
146 917
181 361
238 141
186 823
70 56
308 114
33 114
11 79
340 263
409 982
370 557
144 226
131 348
151 282
232 259
445 773
454 411
406 114
291 152
178 746
456 946
194 752
127 60
119 550
81 586
71 94
35 193
467 654
194 587
406 636
32 542
66 801
461 90
470 767
328 655
132 380
27 759
367 468
215 530
217 855
23 35
188 222
431 368
338 627
163 871
456 982
84 692
381 202
173 816
231 843
87 541
34 203
259 630
248 436
412 959
31 883
178 281
78 160
55 371
77 548
243 648
199 834
132 618
199 988
43 64
309 847
376 973
108 582
194 392
295 875
189 372
184 664
427 643
423 570
245 621
63 693
242 162
72 14
233 262
149 424
434 931
311 180
67 268
116 388
118 425
295 100
264 949
288 141
294 164
113 748
125 530
459 563
23 927
213 55
34 409
308 441
243 220
277 773
432 233
264 363
417 704
20 50
350 941
363 971
335 939
397 599
336 878
343 479
287 610
15 438
16 700
168 768
236 136
38 883
172 922
208 570
156 721
369 250
126 491
98 641
403 858
306 743
265 635
175 635
436 454
351 223
460 276
262 106
188 606
81 910
379 847
310 270
312 875
441 277
328 157
75 889
472 892
259 473
173 437
356 341
339 167
370 500
132 218
76 239
201 384
110 240
431 933
192 919
251 618
134 353
397 509
168 951
67 477
187 571
315 774
392 624
253 652
254 743
157 193
252 92
428 263
141 928
40 874
337 315
31 581
249 489
392 271
457 126
270 550
325 664
40 949
20 128
28 940
115 822
27 483
434 675
382 391
253 230
398 234
464 445
279 529
138 110
105 914
113 293
374 551
260 34
82 370
138 573
317 736
316 151
345 345
122 773
26 486
429 785
409 532
165 124
12 515
19 217
152 892
95 930
263 126
396 54
440 19
202 928
299 921
330 101
17 767
325 30
466 484
454 989
242 287
174 635
310 317
304 288
15 31
463 617
209 77
17 708
453 163
81 543
167 572
160 661
111 69
172 119
92 907
330 82
248 857
395 297
120 573
309 803
470 158
81 749
85 366
5 915
388 272
239 500
27 450
200 198
460 532
368 740
368 832
98 781
126 402
468 250
286 582
406 123
224 812
151 258
239 844
313 687
318 815
363 185
281 490
365 1000
449 912
382 131
354 706
143 295
31 541
156 848
398 105
143 227
197 836
391 192
220 950
183 810
170 44
45 331
86 872
177 986
287 927
143 456
229 713
140 404
166 285
250 499
82 542
169 821
79 80
233 15
301 847
191 960
194 404
42 299
402 168
346 274
196 112
334 383
334 37
373 108
121 833
287 785
36 618
300 950
40 295
198 725
462 483
263 239
52 636
371 415
159 542
466 884
263 554
303 455
91 693
349 294
182 191
356 695
97 656
358 917
291 878
367 479
74 863
307 23
83 425
371 443
191 726
393 771
188 98
252 990
57 16
39 932
407 855
172 241
3 526
385 771
422 657
256 597
97 963
288 939
340 449
443 957
281 587
271 463
134 147
160 567
400 550
125 432
305 328
43 22
324 590
117 170
126 926
9 546
59 380
255 272
76 188
470 248
369 480
309 379
423 817
16 143
16 35
122 227
42 68
110 841
134 766
290 540
207 675
324 349
85 657
390 916
195 85
389 36
49 877
431 774
115 279
161 413
170 359
280 362
368 795
122 771
444 565
175 119
222 379
405 500
119 556
10 865
365 944
240 282
445 467
376 345
107 938
169 18
242 165
212 278
202 54
173 835
256 468
452 898
449 413
88 55
235 401
43 424
346 579
129 260
80 747
8 199
204 56
471 873
221 248
435 381
105 213
327 440
162 869
475 850
29 865
366 103
443 894
266 506
348 93
388 850
94 708
391 361
371 613
67 284
312 225
67 148
366 19
462 687
464 564
355 112
313 916
184 404
157 292
289 204
351 122
43 834
388 96
439 713
460 132
449 924
286 347
348 379
340 982
146 467
445 90
225 30
234 449
395 740
118 273
420 179
336 247
452 897
300 724
202 248
154 439
355 951
139 163
465 275
174 560
139 897
262 135
105 359
110 59
148 530
66 321
393 17
406 337
216 686
448 640
415 838
162 848
209 340
24 501
229 877
238 206
300 810
255 779
318 57
347 838
158 328
343 105
448 498
453 536
326 481
444 573
351 414
450 425
180 32
32 62
272 710
459 547
348 497
257 877
386 187
29 95
298 772
428 734
141 257
372 105
397 930
313 575
202 803
147 267
123 939
382 50
420 233
259 366
462 251
422 931
274 541
160 441
426 9
91 928
258 665
102 396
345 846
32 408
175 642
5 198
172 586
282 888
280 253
418 893
439 950
256 79
393 238
419 141
267 323
404 534
389 679
42 951
390 516
265 747
420 659
233 236
86 860
291 42
56 311
232 745
171 19
261 623
138 311
352 414
444 119
63 563
27 622
194 370
341 230
383 20
330 314
75 348
188 230
270 694
167 357
58 246
430 561
75 77
110 176
217 578
40 269
161 281
256 510
209 769
123 548
370 187
374 174
248 780
210 335
224 341
130 820
53 130
315 325
175 13
265 711
47 590
33 858
472 128
291 46
27 29
165 294
93 462
111 400
310 953
3 259
251 601
101 566
4 458
211 211
69 516
360 424
408 619
313 553
392 614
110 213
12 482
156 341
115 650
258 538
269 190
185 962
400 170
272 211
353 207
30 589
209 54
97 700
262 687
372 309
89 364
233 481
140 518
131 546
70 151
415 116
191 198
260 682
309 130
367 833
19 852
63 50
388 935
351 62
332 200
136 893
396 377
286 633
336 864
18 906
43 150
305 508
373 26
378 221
227 90
289 661
393 342
418 923
152 251
55 648
74 536
207 788
121 994
321 327
312 623
178 49
271 734
139 68
215 100
7 604
251 783
46 887
112 926
456 859
309 132
257 143
101 330
292 833
76 107
366 152
140 80
21 351
426 473
59 380
439 874
350 327
147 28
62 40
167 910
369 272
466 573
178 817
314 967
223 524
290 527
81 538
417 793
272 376
396 748
384 175
4 366
430 771
193 768
324 223
278 684
265 169
382 760
105 229
58 376
21 468
221 958
99 721
346 590
179 150
388 796
449 591
355 479
33 654
108 732
172 49
408 963
281 918
38 679
446 340
59 795
467 408
360 214
68 208
230 263
427 880
245 625
469 99
316 65
294 909
463 852
124 925
23 741
208 919
183 462
425 469
25 110
129 139
384 35
299 630
254 368
307 180
292 622
416 981
447 671
246 722
55 3
407 905
103 469
280 142
112 31
21 479
100 862
32 171
243 788
225 50
376 664
238 777
474 843
102 852
289 240
189 210
464 466
6 847
190 245
435 117
279 263
455 744
41 515
211 621
343 606
470 379
437 191
233 422
230 102
339 27
266 169
182 168
73 504
142 945
392 121
241 89
287 82
10 175
73 377
76 567
258 146
178 451
286 795
172 172
427 289
406 684
394 146
156 555
354 717
49 57
253 230
55 900
294 840
187 13
15 175
35 406
34 542
360 492
207 401
319 677
469 26
19 971
310 399
98 369
210 512
334 25
275 590
348 185
246 800
107 232
451 920
361 584
347 354
206 214
235 302
338 490
358 282
142 665
189 200
265 154
287 99
292 562
64 105
180 914
436 240
383 874
396 257
165 169
364 409
262 158
104 862
343 282
181 313
142 730
324 899
47 955
427 609
316 231
167 411
452 81
402 305
236 770
271 472
99 928
252 367
289 110
408 925
360 878
201 976
342 98
324 391
386 966
280 426
405 603
300 924
444 432
183 850
350 398
365 2
447 927
380 78
383 606
452 96
21 128
217 764
426 786
161 25
245 152
415 795
420 875
340 440
13 824
220 130
475 652
409 823
200 317
249 510
365 789
337 721
282 76
423 330
227 704
335 865
213 994
206 328
132 806
300 227
20 813
51 203
307 262
151 865
291 910
438 985
443 528
424 500
459 565
322 889
266 556
157 640
95 802
315 897
395 822
430 524
223 896
220 697
416 721
211 767
235 355
322 551
178 890
163 978
183 293
449 591
318 14
371 948
237 357
390 277
58 854
281 913
322 658
180 87
471 857
47 193
210 164
118 307
474 798
78 965
274 150
252 531
160 456
231 998
417 941
33 970
351 251
137 565
217 404
385 277
219 167
206 831
340 188
252 38
223 76
110 986
240 469
36 656
57 972
147 182
300 743
435 960
379 985
251 773
231 50
316 353
423 555
111 153
130 430
95 743
171 135
372 166
