1700
383 392
309 4
88 436
161 626
80 456
57 540
260 12
248 631
59 236
236 913
199 272
37 633
247 1
383 799
405 426
137 87
371 912
97 892
337 820
258 41
357 98
327 901
145 834
114 705
91 406
372 92
377 303
236 998
293 851
382 118
292 619
282 586
128 85
331 255
273 397
115 540
4 529
185 761
408 990
173 912
38 39
374 82
298 870
183 961
13 345
279 999
285 619
18 386
212 103
394 784
286 132
208 800
169 156
342 964
212 948
235 839
111 296
398 4
67 562
381 843
216 536
173 77
303 890
240 30
203 366
267 775
268 332
112 864
248 977
416 945
32 797
77 703
319 645
342 865
37 819
308 697
67 268
398 141
235 387
284 281
233 659
158 349
289 248
405 167
184 48
257 877
178 715
419 163
35 453
175 790
130 785
61 819
407 335
24 809
92 102
407 116
133 50
220 235
425 176
305 312
159 209
9 434
318 859
89 839
301 696
425 220
367 583
264 838
141 337
310 570
155 114
224 858
424 899
10 36
180 997
316 524
159 285
148 775
191 283
362 379
61 372
65 778
63 349
276 333
409 274
206 7
297 191
180 535
396 373
31 849
308 199
333 321
275 320
390 970
270 40
298 53
106 921
370 574
232 216
337 548
92 205
24 280
170 327
6 421
188 413
214 849
287 812
66 899
201 977
264 905
142 662
306 284
84 673
296 405
289 172
269 711
11 781
13 456
99 578
339 162
363 116
290 939
323 413
397 139
306 992
323 675
92 129
17 379
165 348
403 808
122 48
135 144
118 219
61 177
187 754
32 12
359 57
328 152
384 329
56 893
378 128
374 500
59 809
360 554
356 783
168 535
15 529
361 714
386 535
38 722
415 915
329 408
228 570
61 436
17 796
359 533
361 192
197 235
382 571
321 352
247 35
216 309
157 400
178 129
186 5
133 277
188 77
82 568
215 175
108 455
69 774
54 981
418 287
52 652
224 149
359 597
187 160
110 967
42 521
258 147
310 802
191 211
79 286
257 687
406 462
355 964
48 257
372 110
18 945
401 296
83 815
117 378
392 669
44 601
53 250
22 695
332 653
406 968
83 455
87 427
412 392
69 570
131 100
111 831
336 104
406 207
135 964
111 970
49 569
388 571
348 774
328 457
105 779
310 235
10 922
31 497
68 10
13 576
124 41
157 798
382 664
422 958
391 574
136 398
222 161
325 676
340 126
414 837
165 333
21 636
343 275
356 25
294 291
401 3
125 788
159 961
218 147
353 594
150 487
230 721
140 892
230 893
301 749
166 716
95 29
78 910
350 820
191 857
80 526
36 255
113 514
142 836
46 871
234 391
217 323
270 977
169 410
208 21
67 272
178 845
207 708
36 830
301 968
235 15
65 668
376 726
106 79
298 413
360 680
234 585
116 861
391 214
349 955
267 919
223 311
68 266
161 546
110 492
51 636
16 55
122 276
139 126
238 629
424 844
8 647
296 71
83 238
283 84
303 929
148 392
331 824
165 161
276 533
187 386
59 698
374 803
109 240
145 360
267 549
220 772
404 530
322 137
288 308
288 232
226 332
291 352
7 212
50 299
418 36
89 584
391 407
147 994
49 418
59 619
424 994
396 572
74 630
412 184
25 127
86 577
315 210
288 381
261 787
202 126
36 949
17 503
234 58
310 377
302 962
308 288
305 63
408 691
56 286
390 41
420 913
353 618
154 572
150 935
24 728
369 504
203 652
220 333
53 816
419 539
103 351
304 818
268 458
128 159
377 591
7 7
129 319
194 385
151 931
404 143
121 792
100 764
389 150
184 571
31 634
132 903
158 972
83 891
14 396
169 489
74 154
296 989
158 284
364 851
38 171
416 386
100 48
23 749
310 544
348 18
329 16
386 750
17 335
136 496
180 409
277 538
130 111
52 945
23 308
295 595
315 904
154 65
295 873
178 143
243 908
386 725
167 258
356 31
167 977
92 605
75 569
317 311
173 890
169 764
112 540
60 193
11 22
221 424
138 212
71 925
56 278
318 630
74 550
418 959
202 648
4 439
73 489
146 443
328 656
30 801
145 478
101 436
328 683
69 163
13 370
278 478
3 164
29 589
77 812
106 694
158 992
388 463
79 197
30 388
180 897
160 347
356 825
231 266
54 798
227 860
105 994
244 491
319 215
335 46
347 588
104 469
226 1
160 662
179 560
265 896
86 883
269 868
203 276
56 401
92 745
336 516
291 994
373 109
76 10
302 184
35 708
338 314
252 582
137 749
198 583
133 387
27 619
129 925
403 598
54 472
278 823
339 52
23 341
404 861
170 99
154 217
320 668
208 353
254 33
415 706
247 309
229 352
339 807
54 680
113 811
224 208
155 31
360 355
142 127
113 386
290 337
178 311
33 241
263 237
380 690
147 617
108 382
124 384
267 714
390 491
118 777
171 820
166 154
207 424
70 54
349 131
353 600
252 541
289 622
9 751
277 831
329 641
190 486
56 990
106 676
242 138
89 250
219 599
406 644
47 876
213 280
268 161
269 479
311 199
254 99
95 204
155 813
356 86
147 940
237 588
72 659
369 437
147 401
93 450
358 259
11 716
252 114
235 926
231 152
308 423
386 820
209 878
62 329
407 810
315 825
314 677
255 910
267 14
201 447
99 516
123 278
292 318
206 209
199 938
415 745
159 642
414 522
9 326
69 839
200 400
187 55
365 578
48 615
285 520
287 644
203 309
211 294
99 207
85 584
396 365
263 304
58 325
223 227
193 601
201 677
77 897
38 3
374 174
373 948
363 210
178 464
332 837
333 98
269 748
412 834
70 584
326 597
301 92
334 115
273 984
16 995
410 147
38 45
126 546
223 419
304 301
286 345
298 736
358 509
173 174
417 882
148 933
83 251
83 873
408 758
43 170
323 882
2 71
98 668
151 187
66 23
44 1
342 933
230 923
122 102
145 944
273 678
247 616
183 221
186 126
211 63
256 342
350 724
393 4
134 369
171 565
366 572
314 913
10 65
272 298
195 541
122 802
165 617
124 87
425 856
40 872
382 276
395 531
197 565
416 322
11 524
46 333
179 562
208 895
208 170
168 959
63 473
158 534
263 997
207 892
311 855
146 853
100 200
38 269
63 37
75 808
370 182
410 935
250 744
368 884
143 453
93 320
374 743
133 668
42 415
143 150
172 155
170 972
287 589
232 283
5 261
97 4
110 699
399 145
119 205
197 518
285 398
280 434
327 948
212 259
64 523
56 789
171 403
366 234
42 423
346 48
319 755
285 633
148 439
164 333
204 362
8 868
99 749
393 841
14 156
19 97
4 907
259 655
331 672
376 483
117 95
276 585
262 300
103 485
136 459
80 248
103 933
267 423
228 130
274 685
335 487
370 761
170 86
66 714
343 864
294 256
90 811
401 645
367 843
88 35
313 773
365 735
227 439
145 467
407 287
266 79
156 658
13 575
175 63
341 384
125 360
425 244
368 913
10 584
56 993
143 596
13 512
333 222
54 328
231 386
364 874
149 600
373 358
418 57
306 482
91 768
70 736
401 776
135 722
189 616
223 55
99 110
166 915
78 509
215 274
164 903
166 154
297 98
316 410
280 449
308 74
84 330
241 517
16 914
101 260
305 63
167 254
1 364
411 998
273 643
337 814
207 140
403 561
206 897
107 68
373 939
283 534
155 742
149 575
114 954
329 474
81 277
274 210
347 766
397 562
355 344
76 470
196 526
217 990
232 103
258 651
219 327
419 253
376 121
279 228
177 174
191 362
288 377
353 810
108 952
180 345
92 564
64 773
408 100
264 51
405 975
397 656
131 479
188 721
257 858
207 945
177 604
357 507
286 166
28 545
96 921
211 813
320 714
120 288
417 884
35 240
401 681
236 858
81 900
199 921
385 954
344 737
65 404
123 181
264 324
149 962
324 942
23 69
262 547
39 465
106 938
380 417
202 508
409 685
415 712
197 390
390 582
7 766
202 629
256 675
26 64
122 676
309 997
345 302
401 914
187 206
286 915
85 556
166 298
319 939
298 772
134 28
365 523
332 194
395 155
382 103
303 277
362 115
312 819
422 188
206 931
112 958
271 165
37 649
330 760
156 711
347 176
242 247
136 111
38 593
261 408
233 507
188 448
349 201
66 323
414 485
255 677
104 904
396 18
79 786
112 471
40 534
40 117
380 30
304 995
122 867
286 316
375 452
330 134
244 710
235 925
306 336
157 284
397 856
398 441
375 736
106 808
295 257
115 363
43 917
420 796
23 582
328 184
25 981
126 987
243 421
328 212
305 630
414 295
113 264
252 602
135 502
264 658
417 305
339 699
299 486
305 297
357 128
385 27
179 71
196 828
174 43
179 113
25 664
362 295
30 587
67 274
141 383
31 101
255 313
101 628
129 848
408 614
179 700
163 987
62 286
349 277
170 643
125 179
385 887
205 812
231 15
364 546
216 451
208 796
199 890
329 316
312 756
46 308
4 361
273 959
346 118
228 912
149 278
251 944
190 651
19 885
12 515
372 39
280 201
43 649
54 178
17 338
186 348
102 79
138 69
370 857
413 700
7 305
126 809
325 565
262 266
248 935
294 203
130 857
71 344
110 264
175 632
274 708
104 60
40 229
121 356
312 347
17 904
183 746
260 873
255 635
417 199
106 22
334 920
148 785
174 299
27 109
79 895
398 798
161 406
26 346
352 137
420 769
248 364
205 120
204 253
260 206
179 934
124 896
258 803
27 807
406 259
248 957
175 820
193 60
43 779
360 323
358 303
179 891
87 938
305 71
90 837
220 935
232 22
6 280
168 510
291 144
280 329
346 538
67 521
369 469
313 281
348 965
414 76
213 32
330 597
157 394
55 340
318 257
1 187
120 313
149 522
165 577
414 412
278 147
271 270
360 196
44 789
373 312
311 803
375 298
53 916
32 768
5 770
196 885
223 814
189 729
331 877
346 838
280 581
206 906
351 928
326 472
369 652
110 366
400 58
140 485
258 838
274 152
150 529
86 346
330 379
65 626
101 902
123 822
358 277
28 853
241 424
386 80
214 144
368 421
122 140
99 649
175 643
336 756
48 646
360 546
297 726
271 755
219 853
423 267
109 573
247 415
358 870
353 541
25 640
80 799
136 172
221 541
209 978
264 363
296 411
96 328
107 306
48 463
371 178
116 323
145 678
220 509
148 555
74 951
328 118
118 803
237 631
363 202
396 14
145 717
241 842
153 57
368 615
396 708
247 259
72 500
363 55
34 474
376 958
82 766
340 120
280 668
180 477
165 595
353 425
313 453
242 715
72 253
17 276
13 125
341 839
178 323
417 765
364 908
373 460
394 964
121 925
337 653
172 998
365 387
256 796
39 883
237 133
328 233
298 891
212 699
13 989
232 847
205 748
10 142
51 589
297 438
309 613
90 435
126 856
114 176
353 6
42 930
212 742
5 259
216 934
370 101
298 919
257 505
419 833
18 878
335 782
112 792
390 339
23 284
95 969
94 187
300 909
31 116
316 677
267 405
227 837
98 357
327 711
253 111
37 486
290 781
313 708
62 691
336 716
70 17
120 860
251 367
356 698
293 96
48 463
312 195
344 265
105 134
90 799
220 577
185 486
166 973
378 91
254 779
55 995
273 40
47 195
217 678
304 416
154 464
183 304
345 658
295 854
421 521
149 740
162 983
201 258
330 906
148 141
411 420
169 600
293 728
235 164
89 278
98 576
422 63
230 244
97 282
407 743
405 19
406 727
340 401
21 266
38 912
358 757
388 910
176 721
126 777
79 865
91 334
234 754
44 837
330 439
212 858
57 41
63 695
295 282
351 479
51 125
212 421
24 178
229 820
110 118
221 609
322 822
277 220
177 406
71 980
403 773
234 700
307 438
311 291
50 320
348 222
381 320
249 795
154 450
346 183
163 240
113 292
132 478
267 557
14 419
38 911
170 177
129 353
378 408
80 369
276 955
21 896
129 608
351 661
363 440
145 964
207 294
138 316
13 821
43 641
333 76
289 440
390 981
286 264
179 65
266 178
89 602
60 200
236 953
399 741
317 915
147 565
249 131
330 170
37 384
216 111
274 775
146 594
261 85
115 46
125 320
93 817
415 886
322 957
317 958
324 934
115 345
386 370
55 340
274 272
388 717
224 78
253 193
288 662
67 231
311 865
148 535
72 604
158 131
397 49
11 908
179 441
49 983
145 382
303 987
4 782
313 239
101 975
400 795
106 322
268 126
350 699
325 205
367 793
67 124
353 786
331 360
224 122
294 42
323 66
19 403
212 351
335 360
187 843
28 880
388 893
384 522
265 341
201 422
27 92
132 735
69 436
181 989
80 726
398 620
418 559
257 807
257 282
106 736
398 554
252 57
257 317
36 844
227 820
189 152
33 102
162 453
230 892
53 227
109 168
307 886
423 950
119 126
145 705
65 847
248 322
401 751
399 902
350 116
68 618
364 860
284 131
94 102
69 936
302 712
116 755
383 163
195 688
203 671
332 743
146 86
14 354
399 287
210 604
84 541
408 331
123 818
201 852
4 93
42 369
215 410
196 128
54 914
404 722
65 575
123 112
269 417
393 51
370 981
213 668
361 86
292 999
355 957
45 465
278 242
333 76
192 484
89 608
173 32
382 728
224 191
52 419
116 693
73 522
273 939
367 628
47 894
56 360
242 607
153 834
143 250
255 744
162 541
42 153
26 235
155 383
105 472
70 766
195 329
414 883
222 174
26 120
176 401
381 827
269 209
184 83
286 186
375 472
104 377
306 944
377 820
308 206
151 616
77 530
107 305
59 421
300 821
304 300
64 845
26 341
135 370
249 821
51 343
352 698
136 799
400 751
232 442
175 375
130 72
356 88
412 294
384 575
168 638
337 847
370 334
225 548
21 536
33 135
207 278
86 291
334 250
137 834
351 370
94 255
411 343
99 718
346 748
161 7
389 740
113 551
386 136
63 779
253 458
55 32
42 528
293 957
108 337
157 54
406 823
62 321
423 185
323 363
11 292
383 915
52 968
313 930
56 523
67 791
335 426
295 120
238 62
9 779
155 777
396 839
236 474
353 165
322 538
212 512
97 906
410 132
23 260
126 457
299 86
304 423
151 925
257 986
260 402
129 141
397 52
140 804
294 976
152 199
246 37
44 969
290 812
16 434
382 450
266 409
27 799
156 922
217 171
420 238
423 127
227 408
311 834
17 325
48 724
142 513
100 37
313 541
225 355
13 837
102 617
232 148
200 932
250 960
256 465
279 997
313 791
336 590
99 899
339 81
52 457
64 745
126 58
375 22
400 881
177 193
141 603
157 193
369 996
167 670
266 531
177 23
414 605
124 36
41 297
74 829
22 523
242 20
317 980
19 117
41 392
46 465
231 468
340 993
179 152
244 21
154 997
206 291
307 292
61 332
407 975
191 348
333 411
56 138
227 838
82 867
205 167
84 150
344 300
414 146
344 234
205 236
384 968
287 805
73 583
144 938
135 834
280 164
254 631
331 799
396 827
291 103
80 239
405 422
276 383
1 997
5 414
195 454
209 388
90 762
177 147
237 502
280 217
39 63
18 833
396 151
98 492
391 524
207 211
236 355
319 799
121 815
248 515
238 315
33 5
268 380
201 549
28 990
203 487
411 639
116 506
242 279
79 526
423 159
168 693
327 500
77 379
238 634
74 921
24 384
229 530
368 906
