1100
86 526
159 544
187 383
34 910
247 893
191 720
150 240
248 354
228 5
205 564
166 387
77 984
228 520
113 393
182 141
181 395
134 780
210 595
210 343
228 889
100 108
32 108
158 626
231 114
147 542
20 252
201 142
55 626
25 866
251 521
96 98
165 618
162 611
11 515
149 375
137 438
55 83
274 225
77 214
80 688
228 797
219 426
250 805
28 536
72 584
163 607
192 504
156 727
38 887
129 716
192 507
116 873
50 325
169 633
172 540
63 885
190 258
203 374
255 185
145 14
125 863
203 790
142 17
71 404
5 507
256 35
250 850
160 355
123 832
261 150
28 697
14 841
202 619
87 995
22 221
149 576
47 506
182 378
232 760
170 531
81 162
133 586
120 727
111 553
1 902
236 647
17 625
254 38
126 338
121 613
196 132
264 890
7 191
274 349
30 530
192 982
236 620
220 874
125 27
32 520
239 710
43 911
112 160
219 743
265 759
7 808
144 327
128 610
111 208
178 910
268 83
233 883
147 222
120 173
2 121
211 755
134 467
169 658
17 718
146 143
181 431
174 999
193 835
211 488
208 199
250 211
86 902
105 947
273 470
136 222
115 150
62 779
114 816
219 419
199 88
79 583
25 688
182 648
71 960
259 427
147 363
143 781
275 685
222 398
117 480
70 954
154 353
5 4
178 790
38 463
96 278
161 444
201 193
145 787
121 396
159 228
164 675
245 736
163 404
145 315
114 751
4 566
112 343
212 309
71 109
94 939
256 364
158 125
143 12
261 932
164 783
87 107
112 514
87 55
201 573
80 113
217 69
134 676
206 274
205 523
25 684
131 718
50 954
157 452
22 95
82 327
241 300
6 932
13 355
114 233
95 767
136 804
170 357
38 180
83 377
240 386
163 313
148 17
109 235
162 545
184 871
221 650
13 145
204 816
154 597
100 901
58 144
81 377
88 961
225 859
91 845
208 863
177 258
253 723
134 418
195 33
254 948
123 520
74 562
80 921
223 419
209 520
269 474
249 193
184 361
228 10
7 864
1 871
215 599
156 69
242 971
104 835
130 567
162 813
49 574
41 426
38 561
62 354
202 359
221 847
259 713
89 477
228 522
120 943
42 476
158 434
172 613
36 623
4 985
57 50
31 110
249 833
86 983
165 149
125 243
65 983
90 605
58 654
9 815
40 799
128 845
92 363
194 167
33 554
141 904
263 127
79 391
163 657
18 978
125 258
134 30
248 994
15 384
54 665
102 480
99 934
195 161
25 213
30 845
13 590
154 729
259 16
11 648
264 401
259 445
132 934
167 707
81 6
224 166
273 446
50 801
138 229
130 512
88 84
168 871
254 847
15 469
270 206
83 252
206 80
274 788
37 165
108 429
20 509
228 780
43 660
116 284
51 81
237 85
127 928
251 109
19 182
166 945
249 447
80 649
237 350
135 980
208 478
232 378
95 97
178 149
140 286
172 415
209 208
159 773
220 384
185 934
78 595
124 779
128 968
233 505
239 870
98 914
51 7
264 564
118 915
248 115
94 520
78 754
66 360
19 348
207 590
110 361
221 989
76 177
211 346
150 228
159 242
84 368
14 404
44 141
17 414
214 930
124 102
262 488
122 465
140 805
136 652
240 30
241 567
112 498
2 865
34 46
67 494
177 431
45 101
66 19
192 163
53 570
177 451
151 796
107 416
208 321
263 339
144 961
41 816
193 126
168 392
190 864
212 698
97 183
189 641
123 187
102 74
207 557
51 912
50 744
141 639
23 88
25 776
27 986
129 473
23 235
43 263
175 538
25 908
134 940
255 620
84 317
192 584
8 730
275 650
139 615
75 101
127 511
164 633
22 828
18 681
269 204
178 957
112 500
44 343
69 802
252 904
139 782
179 428
206 148
188 166
135 865
234 166
160 250
265 443
217 110
46 482
28 595
20 353
214 324
196 741
83 754
42 659
72 13
253 238
114 568
70 720
48 946
151 312
199 355
134 950
133 939
136 216
227 353
265 125
254 772
275 390
3 799
49 168
138 915
262 502
236 30
190 199
161 384
255 37
80 746
204 557
273 737
22 790
7 788
87 595
60 92
103 108
102 901
238 711
243 322
132 301
221 84
216 50
127 762
96 715
180 824
213 449
206 852
224 876
49 321
232 739
13 157
249 297
14 980
58 149
159 1000
253 949
191 693
273 918
239 871
114 574
226 963
214 340
252 789
165 395
89 196
111 908
144 765
31 459
56 304
150 472
241 562
209 53
196 288
23 368
121 95
134 71
198 319
73 533
225 751
256 567
11 490
24 641
197 3
179 599
271 951
8 839
105 674
237 92
82 320
143 277
269 261
46 503
10 98
5 216
246 23
76 351
241 347
134 684
267 756
120 335
138 214
133 176
52 725
32 621
151 595
222 783
36 785
112 116
216 333
107 285
18 773
153 65
70 234
171 887
257 31
6 441
178 959
261 390
214 90
178 984
15 745
18 857
250 351
94 754
155 661
199 536
212 552
123 960
238 717
233 727
22 242
27 113
273 806
112 179
96 785
29 877
222 766
114 471
255 999
139 661
237 395
189 650
237 523
199 441
190 229
215 214
122 339
179 168
156 318
275 213
77 918
127 146
240 261
249 517
268 373
128 724
23 800
62 425
140 394
149 228
238 429
186 342
62 337
31 700
71 537
23 383
224 797
250 398
88 455
185 142
92 733
88 658
118 853
116 619
121 275
185 844
265 79
59 30
244 512
217 840
198 884
173 707
206 190
256 659
144 412
266 447
169 748
173 328
271 38
275 273
219 35
60 952
202 525
66 103
201 798
224 103
204 953
102 485
148 276
146 491
135 125
108 764
200 473
16 260
252 70
250 852
127 74
37 897
186 874
44 744
252 329
232 306
196 359
238 210
177 388
176 83
242 541
85 710
64 898
59 634
270 986
249 525
150 562
10 768
185 107
148 750
39 815
268 847
234 711
139 226
95 20
58 638
105 372
58 755
82 145
98 368
52 237
34 750
103 136
226 451
226 768
21 377
275 138
76 80
92 410
158 48
154 875
184 882
81 866
149 797
131 113
251 527
141 895
84 864
129 143
101 846
153 58
86 671
182 413
213 398
187 54
135 762
128 491
120 886
177 139
84 823
160 110
224 883
17 856
31 214
216 208
117 235
43 352
114 117
243 352
201 698
168 898
174 131
109 907
43 171
160 572
66 49
199 961
143 166
29 348
180 803
155 132
48 465
167 701
44 554
178 370
182 900
78 54
205 343
109 986
18 940
115 502
170 108
40 745
38 52
20 844
88 639
92 599
33 81
219 958
189 772
2 62
154 536
118 240
98 811
214 491
101 493
204 236
181 684
73 424
192 594
248 990
249 751
219 848
95 647
42 133
203 24
12 46
60 341
208 645
17 6
203 563
43 988
136 446
31 884
17 944
33 320
120 838
154 801
152 153
229 498
141 144
39 777
173 816
219 366
126 255
123 531
162 779
139 430
231 625
262 580
256 162
223 228
3 472
55 245
266 395
170 150
94 531
153 24
110 311
5 829
243 806
23 986
127 438
5 745
247 886
71 974
152 300
219 419
26 426
218 374
67 487
96 481
105 436
222 121
145 253
10 532
113 592
141 614
203 109
75 245
253 437
88 804
77 238
234 650
179 302
207 801
242 528
207 535
152 676
238 784
46 411
182 41
7 549
127 809
162 86
175 290
160 921
6 36
208 449
99 185
171 132
15 254
228 195
148 284
192 825
89 915
266 571
175 358
205 946
36 516
68 827
50 567
134 139
131 646
3 397
186 558
262 694
90 992
217 194
111 836
241 759
95 348
122 856
196 639
18 713
9 278
255 94
262 829
167 37
112 126
65 933
160 155
51 396
227 539
23 520
65 47
51 920
132 13
88 681
250 849
65 959
100 30
41 530
201 642
165 537
68 715
112 749
90 38
257 612
228 631
63 669
51 304
51 6
103 478
67 823
42 683
211 209
175 416
218 900
265 901
127 952
67 594
194 462
222 551
224 568
167 138
21 893
49 217
83 20
108 557
14 495
132 710
46 966
205 496
30 672
238 478
148 163
70 47
247 931
21 994
121 353
270 332
87 370
210 551
198 438
273 662
146 546
91 119
253 232
109 65
149 983
158 481
29 407
84 540
20 542
206 683
248 521
186 857
76 596
267 888
9 124
2 278
256 819
42 251
271 961
74 656
62 836
245 134
182 989
146 970
29 732
52 220
190 839
15 695
87 10
122 678
258 231
162 66
266 399
223 590
177 861
245 648
119 74
136 760
173 912
228 316
77 774
147 300
65 549
106 149
132 675
220 649
18 349
159 86
140 500
24 968
5 644
47 275
240 43
167 345
183 610
234 236
58 346
96 767
10 455
110 622
68 652
203 863
33 473
116 714
189 125
17 543
217 753
116 316
214 617
174 652
214 500
35 803
99 928
99 613
272 349
79 2
182 510
243 878
272 108
149 651
106 800
27 740
218 505
170 506
170 369
257 158
1 282
123 781
18 268
118 561
159 493
5 311
251 667
46 660
80 630
141 384
97 605
50 832
159 295
126 763
272 128
130 551
247 531
6 698
251 283
20 288
137 602
21 298
222 248
207 244
272 189
62 283
235 990
230 405
2 234
11 519
185 506
190 78
34 609
81 603
56 651
150 5
82 741
6 485
125 267
158 447
129 984
200 829
83 49
202 196
184 181
26 162
30 710
217 244
206 340
73 6
265 220
139 186
111 579
60 788
203 228
55 163
129 317
176 800
210 715
231 849
159 354
133 294
247 576
205 747
206 934
229 935
112 107
179 972
96 472
265 361
33 253
38 513
238 627
139 680
264 168
275 17
194 696
74 436
192 483
24 653
249 913
149 554
1 628
69 96
135 612
31 515
129 130
275 437
149 331
106 972
138 976
32 465
192 351
39 437
156 873
104 977
268 905
209 834
118 387
232 244
152 294
182 992
241 801
211 897
27 800
199 898
103 359
156 248
