1700
199 52
290 79
330 406
40 597
37 716
278 107
285 76
15 536
73 75
13 797
126 113
91 478
226 995
1 850
133 900
393 68
276 615
104 453
328 685
77 886
297 695
239 760
271 126
54 868
331 23
247 635
293 850
254 251
192 935
202 491
83 649
166 185
227 362
173 756
99 138
171 74
111 274
244 950
89 13
102 25
362 198
121 416
210 586
146 277
313 718
133 252
294 505
29 720
131 444
397 393
356 67
156 483
315 419
161 462
240 899
100 864
196 244
362 917
283 897
30 505
108 64
26 273
339 233
225 80
154 443
325 672
34 13
104 615
61 234
107 16
140 955
85 394
371 866
313 561
151 102
202 602
239 207
297 399
305 54
77 447
70 724
104 824
328 479
413 326
156 262
100 152
375 798
379 855
221 102
251 391
325 960
211 59
357 145
194 432
353 992
326 813
80 492
33 292
228 716
22 178
337 916
413 694
244 69
221 373
302 852
312 14
313 384
65 316
83 101
207 31
110 36
235 524
62 273
313 337
127 530
350 96
3 611
332 413
424 683
114 788
139 294
409 547
185 55
214 32
335 441
65 816
123 56
298 177
298 248
54 146
307 784
70 468
346 880
187 47
159 488
75 918
269 376
269 255
109 387
244 412
171 354
35 768
369 983
156 583
350 978
1 969
16 572
363 866
133 105
48 654
382 690
20 638
336 489
349 297
289 863
418 220
346 819
228 316
405 779
147 269
329 413
249 717
115 590
96 415
80 321
174 522
130 415
179 129
195 490
197 854
60 871
270 867
322 832
291 708
61 218
354 450
83 502
37 188
337 903
329 211
326 28
115 796
23 158
397 149
391 126
384 347
37 759
356 908
132 661
425 854
385 707
317 538
203 927
254 736
192 354
46 425
196 42
410 579
325 546
276 971
261 229
292 482
44 531
323 958
64 133
95 566
155 69
224 99
15 648
15 248
35 699
395 53
10 730
276 138
401 849
254 745
415 123
264 601
297 564
393 993
162 482
96 298
107 571
343 239
262 14
1 676
346 932
56 684
367 16
105 519
361 382
128 289
38 313
117 590
239 223
186 357
169 766
3 227
319 790
20 109
321 426
61 767
296 580
326 979
409 147
328 217
325 921
228 889
132 734
413 41
281 230
416 146
377 213
114 69
369 585
311 694
332 169
139 998
401 249
167 207
340 725
212 348
101 432
338 147
376 338
194 615
330 896
83 299
329 120
9 455
225 436
319 843
279 457
86 56
181 712
354 980
187 115
111 987
424 719
337 309
284 1000
10 93
123 125
373 540
226 133
375 328
233 721
120 344
298 272
230 369
304 801
353 695
250 899
126 23
348 850
305 779
275 580
273 923
331 499
399 691
136 604
241 200
369 345
169 170
367 403
424 852
18 174
151 204
233 962
374 638
59 578
157 88
245 524
24 11
26 431
189 488
284 750
226 492
394 456
231 653
24 697
235 363
303 417
93 795
70 418
238 965
54 40
79 593
152 668
253 925
263 396
398 214
25 295
343 863
121 221
239 214
14 834
26 684
313 809
69 829
381 466
424 507
147 849
155 505
165 469
94 749
353 611
92 715
96 624
176 127
321 192
157 465
368 467
314 623
424 214
420 267
116 896
260 231
104 742
294 108
295 443
197 901
341 643
185 986
231 517
209 400
60 971
276 872
246 258
14 719
133 717
88 172
145 867
4 273
163 110
85 544
40 936
386 405
282 962
330 444
110 86
113 290
216 487
162 411
289 991
214 314
125 647
398 682
6 169
253 542
379 836
355 384
72 777
193 478
124 973
123 119
282 450
62 882
347 739
71 640
141 430
109 753
353 767
368 237
362 945
282 733
243 351
367 440
53 620
7 314
139 907
2 822
329 107
376 860
352 440
49 812
121 264
260 152
77 18
371 930
163 969
300 507
192 215
240 248
279 420
267 284
345 983
383 736
277 959
37 978
15 28
374 444
407 875
167 571
146 699
282 338
267 910
86 381
366 442
278 153
12 309
122 938
274 968
322 17
370 939
52 453
404 126
262 789
283 415
90 680
13 817
365 972
208 3
109 317
218 350
343 840
351 45
126 476
6 976
332 647
184 561
50 268
358 562
130 641
267 55
82 154
213 103
332 422
149 696
220 651
262 607
412 127
394 394
415 28
245 939
218 78
377 301
237 969
216 674
169 637
77 11
102 335
215 147
35 93
191 771
419 337
181 140
143 693
252 415
147 130
416 867
1 577
194 976
13 380
344 643
389 101
398 203
172 838
247 486
28 921
82 271
67 462
269 70
399 163
95 583
43 743
325 365
205 624
97 474
306 533
315 351
382 62
177 83
167 701
235 812
216 538
393 880
377 743
336 608
129 731
402 362
278 889
280 164
273 244
264 667
361 938
390 766
237 673
1 904
146 977
232 352
295 854
215 435
265 140
343 966
273 727
54 9
410 19
388 738
199 786
425 157
262 414
369 190
100 972
279 219
105 703
51 282
246 526
160 686
385 502
393 642
57 482
319 677
134 874
320 194
22 645
310 839
103 843
145 247
283 182
240 326
416 758
194 163
77 329
287 557
174 561
333 132
54 835
70 34
130 467
408 817
314 497
131 313
32 4
353 955
379 10
261 878
79 412
233 659
423 422
213 418
225 530
91 943
392 474
314 385
116 132
382 768
317 611
328 125
126 311
233 11
138 415
55 621
50 885
238 672
145 494
29 479
163 3
66 66
116 75
45 846
150 213
88 96
92 440
325 44
171 42
182 443
318 187
203 921
21 308
323 746
211 675
47 151
313 677
168 799
24 274
272 380
244 644
390 440
157 507
344 182
210 654
191 900
393 912
107 14
202 992
146 158
179 359
24 130
366 386
229 438
180 181
233 492
296 994
399 844
342 519
312 586
370 821
139 980
307 972
357 129
72 191
42 339
381 54
115 716
292 39
315 52
374 285
173 950
51 799
163 351
29 993
422 395
261 524
141 759
247 259
130 997
166 966
213 829
253 147
215 945
277 941
118 540
32 190
296 192
68 720
327 369
34 398
298 444
187 827
242 40
383 641
23 208
414 723
231 730
197 19
258 547
117 274
263 375
120 195
230 730
127 697
137 20
172 138
346 105
330 600
103 542
240 51
282 374
242 785
406 792
125 365
36 211
324 114
276 760
254 568
301 377
215 207
226 761
226 384
169 299
253 880
25 728
330 141
334 855
396 157
394 57
2 597
72 62
324 145
136 667
374 129
86 727
420 831
308 39
343 257
98 504
347 530
93 753
217 610
354 792
386 727
98 146
410 846
59 178
129 479
373 164
70 738
215 367
203 198
240 671
283 895
381 360
334 570
12 794
83 622
237 151
4 263
402 738
305 848
350 616
79 559
421 224
69 74
208 260
225 624
215 904
113 347
19 305
93 684
347 452
391 539
358 328
20 644
299 384
59 983
330 149
357 987
10 362
321 813
389 815
192 904
209 104
178 533
227 331
88 477
358 113
97 560
140 79
371 791
239 715
420 900
276 408
350 540
346 891
79 576
276 995
33 565
334 339
249 653
169 649
268 670
275 807
114 958
193 953
352 606
288 847
267 605
133 199
343 562
188 201
316 293
112 225
100 766
114 508
196 271
258 272
252 947
215 715
288 453
225 620
410 163
383 665
298 431
273 53
242 580
102 342
336 848
16 366
135 827
422 469
322 96
288 788
386 488
280 727
292 999
396 580
140 868
345 403
255 420
371 126
283 497
75 351
18 25
97 589
158 64
238 130
312 317
107 637
142 619
196 669
258 697
197 774
339 806
179 119
190 12
283 509
271 757
267 147
132 425
200 145
367 840
194 211
385 695
101 469
294 692
34 171
266 828
195 579
204 960
424 641
261 493
110 791
253 931
291 144
357 723
45 240
264 779
277 282
251 275
4 395
210 351
43 344
61 39
360 823
43 19
323 359
264 130
325 370
194 898
101 995
19 484
293 876
97 392
218 922
161 264
307 175
416 553
88 578
38 534
273 509
271 449
421 872
88 530
425 10
232 956
143 850
114 410
387 541
27 295
28 728
122 576
412 435
292 900
297 623
327 547
236 463
346 636
284 413
275 528
211 623
153 765
42 360
163 351
323 999
124 21
216 23
48 394
356 341
295 860
147 848
98 785
127 410
17 827
119 985
175 413
170 677
260 722
71 662
96 128
412 448
349 107
125 963
180 429
399 876
61 521
154 797
191 148
273 572
53 675
191 824
30 103
49 748
313 220
43 881
112 310
320 937
233 975
324 346
30 130
117 177
369 827
70 918
318 683
56 571
308 818
47 123
279 333
39 860
252 177
246 612
398 772
107 365
423 387
206 715
407 539
353 664
342 327
176 769
11 965
294 876
404 801
224 237
1 576
399 589
259 483
69 255
33 284
407 407
371 935
224 527
121 850
40 924
183 537
161 214
320 91
270 462
257 217
208 305
66 381
29 969
388 982
174 23
212 197
198 72
352 871
103 164
307 862
155 945
281 393
245 866
396 530
18 792
335 923
306 945
254 786
179 805
351 791
341 158
83 15
279 330
318 694
59 476
38 586
67 997
217 347
42 567
345 976
120 398
273 781
90 914
409 185
321 214
375 584
391 537
369 125
258 467
308 946
65 758
131 849
307 710
388 912
189 596
19 382
318 767
389 831
101 698
43 28
61 816
384 882
261 299
204 116
197 422
27 287
138 604
74 598
113 943
257 658
331 920
318 506
165 6
46 859
241 845
366 909
15 469
300 48
53 145
121 118
346 379
293 455
245 910
67 791
351 237
66 860
172 186
211 630
122 853
391 324
225 567
156 674
126 432
310 338
243 939
52 759
239 617
92 833
102 995
278 943
410 101
227 546
307 708
128 177
251 554
113 266
15 335
136 185
207 51
125 285
82 765
118 285
401 883
345 967
28 828
241 70
73 447
178 503
110 541
192 774
98 140
99 505
289 157
35 947
290 71
360 497
34 672
411 729
354 940
357 509
254 206
335 61
181 225
117 700
355 662
295 790
241 628
208 902
327 218
194 250
333 93
404 896
352 930
232 666
288 811
333 409
27 290
204 629
14 196
275 205
403 455
290 201
419 946
117 856
33 958
156 31
170 46
69 338
268 193
306 45
33 727
111 444
66 451
392 631
197 512
263 183
238 251
271 127
380 483
330 376
378 775
334 847
399 932
153 234
222 243
199 307
349 143
49 814
61 784
278 975
334 580
346 958
321 474
165 29
20 34
11 201
183 247
172 767
174 23
22 586
345 377
142 422
103 996
407 733
103 940
2 718
95 787
272 4
251 992
212 82
287 492
336 411
18 729
163 978
61 630
353 292
178 350
76 93
300 952
377 444
197 544
368 477
160 778
52 871
9 850
224 428
212 429
421 27
318 440
242 717
232 395
342 214
400 529
219 897
172 866
187 439
236 737
89 899
190 62
113 651
145 7
240 424
297 554
151 355
149 725
357 555
327 550
131 75
105 725
122 753
23 520
131 553
384 964
3 951
182 582
89 814
125 726
392 951
11 680
272 618
244 671
398 161
194 344
117 363
44 552
340 671
403 108
225 591
357 990
133 635
386 92
345 386
80 563
131 635
119 7
279 638
385 685
200 934
295 920
54 751
6 568
49 398
248 573
133 746
17 8
120 620
255 53
196 658
198 361
206 220
117 310
184 567
147 648
161 828
311 799
188 24
182 548
46 899
39 456
363 635
182 367
379 645
19 569
351 775
7 602
77 554
26 195
198 19
333 913
232 570
276 596
301 911
32 68
5 835
61 987
229 875
172 172
310 755
261 4
366 13
69 269
298 419
183 586
206 218
371 832
310 447
132 106
230 825
101 698
307 39
63 617
171 264
270 968
336 250
201 262
337 621
348 425
415 707
411 361
154 825
7 700
122 358
218 926
395 675
317 178
13 844
339 113
319 635
231 112
32 162
230 376
65 940
155 220
44 96
16 630
199 817
201 212
45 689
36 850
336 390
422 787
269 737
44 712
213 952
30 466
242 484
420 296
289 82
152 513
422 805
144 298
286 282
22 724
153 978
201 981
253 376
114 114
74 759
127 686
355 933
362 263
8 514
385 389
211 157
276 292
111 414
300 164
243 483
151 329
14 15
92 667
62 551
393 608
103 789
380 393
21 863
30 575
317 293
270 530
237 149
35 330
408 812
206 55
84 504
238 824
309 965
362 361
322 864
278 614
201 163
291 846
306 253
177 106
165 131
44 230
33 827
274 907
367 444
273 900
212 96
281 449
81 335
267 550
176 70
386 311
399 906
118 455
32 591
276 727
48 644
165 985
139 673
212 80
366 162
320 478
218 570
368 665
173 999
185 649
23 436
411 670
46 429
355 448
334 529
112 438
403 847
268 664
396 92
102 944
172 811
77 317
374 174
420 146
174 17
154 40
212 304
368 863
118 691
208 636
360 955
304 359
216 82
413 7
159 681
8 177
61 568
321 408
29 903
24 847
422 221
198 982
35 766
146 260
345 239
4 315
111 385
156 88
317 825
386 548
127 700
31 680
415 869
260 646
380 943
81 924
197 996
99 812
198 453
40 18
26 593
93 558
73 76
187 527
135 687
1 303
154 587
93 418
131 103
358 988
349 142
359 44
189 713
91 35
265 390
282 145
127 747
179 245
303 464
44 607
365 799
241 219
238 856
328 34
79 547
198 570
237 150
87 184
135 838
3 911
331 724
307 946
56 754
234 13
284 605
425 915
127 868
18 258
169 962
150 470
135 370
271 717
64 868
84 712
270 466
251 295
24 407
340 298
76 773
311 849
400 638
104 178
284 896
239 53
57 490
100 758
345 235
143 874
359 107
374 823
407 236
301 100
217 818
162 136
156 398
82 848
280 276
57 596
102 571
129 100
115 355
334 687
305 749
50 861
344 519
201 735
15 597
150 881
195 603
397 642
161 88
406 931
172 733
212 98
393 456
211 214
197 330
413 509
228 75
164 280
250 394
190 494
272 162
116 155
64 194
162 770
118 981
364 92
91 640
152 393
332 570
198 52
109 683
339 530
354 9
368 421
25 844
179 704
35 187
370 12
3 596
347 656
24 956
359 415
341 490
317 753
203 619
343 949
164 897
52 580
128 340
103 530
43 604
407 47
335 288
168 510
407 76
155 862
223 405
149 304
32 288
196 704
335 358
383 257
71 676
310 794
216 791
348 464
111 55
91 681
11 552
8 867
379 230
422 659
86 405
330 522
290 752
16 244
336 569
247 130
154 139
97 379
272 546
416 747
35 42
166 467
291 909
350 555
79 924
85 770
276 415
273 825
117 771
171 986
295 112
346 843
177 237
233 772
220 755
5 555
339 465
326 321
87 26
183 572
413 730
251 547
219 234
182 433
249 187
299 593
17 312
110 779
369 866
214 408
94 868
241 649
330 223
137 131
369 128
157 377
375 246
320 199
71 514
120 842
174 539
420 367
374 822
388 752
113 205
182 401
12 614
386 653
287 432
34 619
72 391
154 71
377 75
395 895
373 563
107 5
1 614
280 731
166 719
417 159
149 352
281 104
125 909
420 699
88 982
45 687
23 727
343 768
85 535
286 897
349 203
288 690
120 279
245 614
4 116
293 148
77 751
185 196
417 181
345 559
390 722
94 92
150 128
80 312
175 136
185 113
147 117
408 913
407 676
348 268
59 588
355 309
232 956
357 619
9 789
158 655
49 14
357 212
224 29
