1200
8 963
171 361
209 736
11 521
115 781
153 429
251 801
94 815
15 788
290 239
287 228
152 763
115 964
91 710
268 205
186 53
217 966
140 940
164 662
39 768
52 403
53 385
45 651
300 643
211 78
15 188
281 485
178 59
149 785
182 498
98 636
181 940
249 108
83 182
292 382
10 245
235 693
138 184
81 290
254 377
207 718
79 513
3 879
22 572
279 387
9 5
93 159
154 902
254 900
42 349
235 257
293 834
80 736
282 785
30 664
291 664
209 589
296 579
83 374
50 384
177 552
58 344
62 536
232 113
262 420
225 842
39 902
38 807
272 628
203 663
259 349
286 112
95 38
38 354
88 887
194 764
124 486
43 453
220 6
157 526
97 856
217 138
194 628
19 24
269 383
223 312
183 355
86 165
190 564
88 755
276 107
251 228
7 699
236 245
97 421
71 804
128 932
27 433
125 536
56 854
212 449
25 466
273 267
293 160
254 980
246 219
128 852
107 415
17 76
137 752
189 795
288 193
157 794
299 565
210 894
259 29
100 105
279 281
147 532
160 590
65 680
149 664
67 760
107 934
69 94
129 420
34 381
230 807
185 456
177 896
222 603
277 628
121 818
24 138
231 724
14 860
286 109
245 416
220 82
177 793
164 835
127 160
281 516
233 551
261 840
152 299
44 910
251 231
210 450
228 505
163 869
17 930
176 945
221 202
289 38
52 161
272 868
33 663
108 545
12 713
200 613
203 432
262 760
283 707
260 471
45 317
282 399
46 598
249 529
131 458
297 806
279 40
112 764
15 860
132 795
66 42
96 316
166 458
156 36
88 984
139 546
91 978
42 605
236 481
264 585
297 342
300 992
187 797
166 87
24 295
262 109
193 613
30 388
63 384
163 761
210 68
77 675
293 378
239 173
200 665
121 541
133 265
16 96
284 821
244 538
8 67
56 560
177 678
233 256
77 786
64 280
6 713
211 730
170 635
31 553
298 104
123 616
109 675
58 877
33 450
224 862
248 208
108 215
127 29
265 65
106 595
96 936
93 966
62 644
201 120
126 577
65 982
248 180
30 122
290 408
92 291
164 716
13 89
161 702
28 735
198 989
111 101
41 629
59 633
91 461
209 301
13 909
296 540
168 576
287 721
25 193
175 925
107 65
190 934
170 888
43 279
5 478
248 354
144 859
72 90
109 644
178 422
148 745
54 248
287 649
196 675
67 778
152 59
160 540
48 618
186 995
200 504
117 305
265 555
228 331
72 467
274 142
143 909
243 521
287 55
39 391
124 154
139 534
17 696
224 835
201 80
181 736
96 874
121 350
275 667
21 655
225 314
295 651
70 95
258 676
26 267
217 537
85 34
197 782
49 29
31 969
232 740
236 380
251 17
294 694
220 97
138 181
253 253
197 433
27 482
193 341
276 612
244 65
228 506
121 973
221 107
246 379
172 749
283 477
121 758
35 118
132 672
253 905
187 727
195 526
39 709
293 284
201 864
291 985
230 201
187 387
5 807
55 564
162 656
181 489
60 308
94 577
199 177
227 616
274 789
275 899
9 769
61 726
52 606
198 271
251 317
234 368
11 776
279 408
33 607
282 255
296 608
162 366
139 740
293 372
137 298
279 793
142 106
124 618
260 14
120 902
29 110
251 190
240 858
1 372
225 680
72 159
135 761
10 756
244 909
277 808
33 652
244 934
124 621
69 3
274 308
200 29
54 136
132 301
173 881
24 197
167 856
73 636
260 199
67 104
94 319
263 456
168 690
66 337
105 815
200 653
276 879
259 471
32 487
133 116
111 808
211 105
187 952
137 488
191 205
218 500
117 772
115 585
64 364
222 423
226 699
223 388
50 762
276 156
223 125
159 450
260 154
17 113
233 2
39 48
295 982
157 492
212 820
28 318
223 7
118 256
191 235
84 895
25 228
130 493
214 511
228 35
117 630
239 277
94 311
34 42
156 450
141 480
51 768
218 14
131 18
198 841
133 87
24 325
273 503
51 417
29 944
115 421
130 166
60 644
37 2
9 639
228 459
163 13
287 786
250 973
197 408
202 897
253 223
38 453
40 226
230 581
183 1
278 615
234 428
88 709
71 772
145 594
160 200
33 731
74 873
215 85
85 121
231 635
174 389
290 462
69 966
179 847
12 398
9 58
243 425
19 180
201 94
14 120
283 952
50 871
58 934
300 569
66 942
144 732
131 648
174 685
90 711
288 760
175 180
141 460
85 597
149 437
250 890
284 453
162 397
211 495
35 301
30 272
286 535
250 581
105 572
91 688
31 499
278 125
257 758
73 515
122 734
116 126
16 859
177 1000
185 42
203 970
135 268
247 446
79 775
118 525
277 352
49 317
104 434
132 321
135 269
285 971
59 912
49 935
57 167
226 30
293 145
179 653
59 936
194 243
71 159
215 668
114 831
166 161
8 491
252 925
119 814
266 534
147 843
103 187
122 37
198 518
24 1000
284 76
63 992
182 701
92 658
38 162
15 310
179 120
41 470
187 632
257 383
19 222
236 657
161 628
55 699
96 872
98 781
260 836
268 843
64 497
116 326
76 798
68 462
16 506
215 583
123 604
110 118
165 294
133 992
262 137
150 659
143 61
10 350
174 105
129 976
246 17
238 768
294 22
229 437
166 988
148 723
112 949
118 112
144 409
244 74
243 56
246 164
235 421
193 160
135 330
277 435
247 568
148 992
255 418
6 764
112 529
205 49
146 676
84 701
238 39
90 81
261 452
245 783
73 948
182 333
24 247
42 780
292 341
246 456
277 1
176 821
125 697
207 846
180 8
241 277
55 529
287 941
230 638
41 789
58 748
64 212
190 981
30 516
287 82
234 680
237 427
139 901
235 974
218 569
257 76
178 30
7 743
218 520
233 225
51 193
257 248
80 63
80 864
239 122
297 437
220 491
162 634
13 925
96 545
171 929
48 596
204 440
26 174
85 311
232 285
90 857
213 421
182 222
69 918
4 973
67 210
234 152
216 263
59 135
167 862
58 64
216 967
253 685
290 66
297 932
171 628
214 816
68 749
169 586
80 467
102 26
52 822
234 259
84 34
47 299
72 919
288 676
249 836
78 178
227 387
107 662
197 372
116 554
238 744
160 667
216 9
37 878
112 440
123 950
22 45
141 183
137 145
168 972
120 906
53 552
272 987
214 735
105 254
225 747
288 507
180 756
6 933
183 295
217 626
166 939
43 201
119 73
94 726
32 477
76 311
17 85
275 607
72 711
168 149
208 26
127 89
151 304
99 244
194 163
212 876
75 547
58 518
198 742
112 764
19 962
258 552
114 497
111 881
29 920
257 964
260 255
73 225
222 380
146 386
149 582
298 906
16 526
174 982
130 589
261 107
111 647
161 435
184 111
94 287
138 522
148 959
273 753
38 494
105 12
259 64
85 317
205 239
256 587
25 132
112 996
193 564
260 312
143 576
229 809
127 76
1 428
247 670
274 70
163 506
298 792
298 471
32 761
86 107
178 736
211 332
207 694
66 16
249 780
74 789
13 329
5 763
29 820
40 146
151 36
241 234
298 794
235 255
180 875
272 579
180 606
256 383
251 432
266 242
165 505
245 32
137 25
146 19
74 613
185 982
16 140
228 412
143 494
62 537
100 745
162 233
272 272
43 153
289 754
274 337
116 151
49 611
153 111
79 969
12 896
161 510
119 457
260 457
226 562
271 721
224 491
25 503
285 8
285 588
116 555
55 210
256 567
181 335
134 621
156 274
130 215
89 632
116 55
238 436
87 678
140 487
234 290
72 950
40 833
118 985
180 281
26 470
97 893
257 673
163 949
98 138
122 386
76 363
193 322
183 588
158 84
36 819
226 360
171 587
150 972
109 563
153 257
140 404
1 404
295 535
18 429
216 688
223 919
255 308
199 559
207 916
257 18
145 998
92 226
183 427
166 47
222 972
69 463
159 735
218 876
118 902
13 654
223 679
63 109
272 952
143 126
57 196
280 344
252 280
80 513
206 28
114 558
239 730
164 807
45 127
115 434
144 493
87 656
183 603
196 825
85 518
22 466
292 134
19 849
38 954
12 434
121 138
56 600
133 659
242 123
192 501
168 243
221 95
181 522
180 235
101 754
281 947
157 63
251 850
26 197
10 422
280 707
6 489
171 931
270 827
141 373
20 368
234 918
75 499
163 66
122 164
95 339
144 254
165 551
244 591
43 18
105 775
268 466
94 709
274 402
68 952
5 513
215 413
271 284
22 45
85 605
117 584
249 11
297 157
202 31
198 568
12 595
217 432
84 173
94 657
40 633
292 578
193 302
23 778
34 461
175 852
41 295
112 367
232 855
19 911
105 154
86 144
219 397
222 46
278 766
278 868
21 821
250 960
142 185
226 28
26 787
171 176
152 986
27 450
168 284
58 888
295 969
215 753
174 944
285 710
49 292
156 208
182 543
143 626
181 317
282 190
201 656
91 543
228 185
155 592
159 874
82 535
241 731
65 716
166 958
1 494
265 685
169 425
186 819
36 906
194 382
33 576
141 52
33 32
234 183
269 511
240 735
158 284
22 886
228 851
247 937
120 740
9 141
66 447
234 193
36 988
129 142
120 777
198 440
244 702
281 69
261 74
122 15
66 546
41 50
91 741
142 568
184 14
155 972
132 162
66 467
10 615
93 705
129 170
137 525
157 855
149 873
88 217
8 525
239 172
140 905
11 438
15 533
297 312
201 899
145 300
40 761
124 418
211 307
213 727
109 315
2 151
237 361
15 447
268 519
143 962
238 225
272 346
105 178
36 393
25 788
182 81
166 844
52 699
75 51
170 730
59 786
210 125
144 532
159 521
144 988
209 353
260 235
235 948
263 964
134 390
165 495
195 522
100 220
234 136
201 988
50 652
281 64
49 702
228 846
247 452
172 90
20 907
46 433
173 856
266 873
244 554
98 359
76 32
186 339
128 441
98 630
102 656
208 399
126 661
80 204
224 986
185 528
46 523
290 318
77 965
283 159
34 424
127 785
104 838
79 684
139 16
218 495
164 397
43 819
205 392
115 482
216 164
171 249
12 210
119 20
110 54
145 655
136 524
194 704
12 965
15 634
173 329
291 585
160 3
127 365
200 91
141 663
200 416
117 626
232 406
299 839
142 689
258 361
141 950
6 322
164 867
173 113
291 52
44 871
160 880
85 169
63 642
74 247
116 241
36 88
5 385
49 43
19 436
233 138
257 4
219 186
239 757
92 297
261 547
127 503
144 263
211 605
256 382
87 541
25 271
145 180
279 150
298 474
77 20
127 737
119 392
49 111
229 234
280 794
29 337
82 583
235 60
208 701
125 499
204 186
12 706
3 16
216 449
209 329
50 724
209 605
190 371
23 701
226 517
136 537
26 77
79 945
59 753
119 963
44 407
8 27
70 436
23 925
264 144
234 362
49 731
182 544
