1500
63 423
279 58
352 353
110 233
141 352
102 181
7 825
337 73
208 577
42 51
255 562
335 253
32 884
213 492
278 16
26 272
5 32
43 703
210 584
102 749
73 257
332 962
149 817
86 146
156 531
280 260
167 489
317 332
141 539
58 563
144 998
366 116
207 795
222 868
353 758
245 515
152 705
375 537
117 209
49 767
275 793
206 762
10 899
144 666
279 529
267 948
281 627
202 86
169 170
366 336
266 245
29 580
293 164
142 34
150 379
69 100
193 273
122 362
149 932
123 885
70 190
351 937
65 67
308 836
128 360
7 529
350 888
273 792
183 905
287 829
147 117
71 862
28 173
294 566
359 49
225 159
11 409
169 369
42 365
214 320
347 985
366 930
278 221
58 515
345 27
228 649
205 723
321 166
71 78
306 253
315 893
373 104
129 731
293 67
152 754
68 576
341 148
332 305
55 538
126 890
15 529
69 490
186 339
9 36
295 427
116 48
329 976
210 943
331 667
218 165
101 836
257 724
152 464
284 715
27 435
371 941
221 472
247 435
105 585
27 150
182 382
273 78
221 723
328 269
223 311
34 970
261 837
217 838
166 404
356 160
302 73
78 451
208 617
12 50
324 376
208 49
353 931
350 637
90 521
159 580
319 969
304 51
44 532
178 434
42 80
60 962
17 697
254 754
157 819
74 814
117 104
370 418
2 89
318 181
353 32
269 843
148 33
258 733
107 207
220 978
154 858
27 452
238 278
73 641
228 133
351 371
256 125
354 295
11 273
8 98
101 870
280 360
122 194
118 926
138 756
327 92
372 343
361 777
305 769
160 891
182 165
238 44
145 730
306 552
179 962
74 51
280 383
345 446
349 691
234 1000
363 475
70 649
17 562
242 56
107 812
364 805
107 208
351 108
10 550
70 121
254 96
170 647
222 402
136 801
267 990
148 323
334 405
307 772
351 191
194 382
149 527
100 204
45 873
118 632
185 698
15 481
108 940
121 195
334 900
72 838
315 115
147 532
332 888
335 680
284 343
212 757
67 908
76 624
164 251
293 41
134 61
248 686
151 223
250 187
129 880
161 609
290 283
323 698
303 574
284 219
218 82
42 151
272 795
312 361
311 963
304 301
38 561
334 262
173 262
341 35
88 639
233 122
356 561
334 301
144 802
360 44
14 767
273 154
196 363
343 382
42 686
73 492
368 98
17 706
39 281
280 746
221 650
23 635
12 95
135 154
12 507
272 345
272 780
271 382
346 36
189 849
108 276
20 935
358 920
374 113
265 869
53 461
253 144
2 48
162 822
119 742
272 279
117 391
163 379
5 971
252 131
288 904
44 107
260 243
328 463
245 607
155 3
231 378
208 961
358 128
193 693
230 912
113 765
69 421
48 89
368 264
272 152
294 992
144 807
61 787
291 301
329 968
110 250
357 726
331 548
300 14
42 815
233 339
284 483
164 157
281 629
358 981
98 82
212 444
217 689
21 568
132 920
261 947
233 646
74 160
4 987
44 450
278 433
280 838
68 988
51 633
366 319
298 769
353 15
109 456
186 54
172 12
289 442
229 670
188 450
106 564
206 787
360 156
21 661
64 326
126 206
255 153
144 619
24 216
230 453
351 747
359 107
71 67
104 771
89 621
338 59
251 969
121 327
158 973
98 40
172 767
372 896
205 67
291 588
293 637
135 671
183 343
28 759
63 518
250 365
224 726
326 932
355 664
199 287
216 16
179 893
325 754
269 718
159 900
351 199
177 779
251 777
142 226
152 385
368 639
344 249
289 800
321 33
251 840
20 356
138 495
12 424
148 291
267 308
76 117
332 543
73 861
296 381
75 303
169 138
262 472
360 206
106 439
359 477
143 971
191 722
86 945
132 559
104 825
56 856
154 599
140 196
58 66
24 557
335 958
309 512
178 339
295 584
200 321
305 630
256 719
361 235
83 275
319 559
353 197
177 22
303 380
179 371
284 54
182 636
248 228
345 16
191 514
309 470
62 29
177 444
23 440
70 187
25 623
124 359
232 179
228 525
131 427
275 747
69 424
286 331
273 346
291 919
165 352
220 347
15 193
33 561
346 128
285 568
26 637
244 401
98 178
136 570
258 552
13 789
94 813
239 690
50 966
39 904
194 271
267 334
211 331
54 632
195 994
373 178
106 458
58 849
41 307
244 699
219 391
208 851
235 429
291 120
17 78
101 165
137 125
72 127
337 799
34 869
148 366
96 770
26 455
323 816
128 676
163 71
136 552
88 958
62 641
261 859
357 860
172 396
281 652
278 468
269 553
229 955
327 384
118 590
106 741
188 499
211 361
281 553
341 796
133 283
149 785
146 64
200 401
195 505
125 79
214 830
180 992
152 615
223 46
99 451
20 679
273 933
183 383
269 624
327 399
22 163
269 56
35 183
85 87
120 966
323 611
162 43
26 779
295 948
239 143
176 160
138 50
261 754
66 151
309 735
56 98
127 997
56 847
95 314
158 762
150 739
240 684
280 992
319 460
303 351
67 351
332 795
240 22
229 664
172 443
89 859
204 368
51 421
80 525
103 31
232 934
266 519
76 939
363 459
185 709
220 13
310 904
326 787
33 340
317 252
345 253
231 321
65 875
147 662
267 247
271 89
342 633
290 969
136 123
279 237
237 905
76 972
241 868
230 905
366 188
139 315
260 440
180 994
294 771
259 233
20 19
25 672
374 630
290 466
202 20
280 214
26 2
294 840
10 313
56 775
248 295
66 201
248 251
7 956
165 806
327 648
204 32
345 567
124 92
205 196
185 407
241 268
279 393
145 994
244 282
17 353
76 941
240 5
228 88
304 629
328 623
150 959
12 553
18 583
215 728
245 92
15 397
4 879
170 320
350 810
241 486
358 106
55 74
240 660
210 532
258 747
178 303
211 399
5 106
335 241
130 900
87 766
220 685
356 689
296 936
374 548
213 482
117 908
296 307
179 438
307 99
93 916
365 331
259 708
251 762
289 468
153 911
94 272
55 67
239 862
18 703
114 256
2 697
170 688
296 752
86 28
350 861
88 820
199 828
103 705
156 137
159 796
263 726
174 18
199 950
180 173
34 162
196 315
80 162
21 213
96 724
48 629
33 367
96 659
152 683
307 708
363 567
268 366
42 179
159 413
85 125
319 1000
372 594
71 473
207 741
374 902
345 598
330 914
171 104
96 581
237 768
80 312
230 128
105 925
205 210
152 402
60 351
36 572
125 761
373 849
154 488
43 602
133 80
97 519
200 435
233 526
90 76
36 904
21 640
11 940
136 931
50 172
328 900
155 21
57 931
306 253
278 28
283 381
166 878
322 853
275 744
245 724
254 303
11 713
288 958
134 476
261 63
183 739
157 285
335 292
239 404
173 270
33 717
99 278
18 634
165 2
79 58
155 186
142 188
48 534
218 216
78 271
278 491
281 629
316 658
134 398
12 241
156 163
83 240
286 814
102 217
192 596
33 352
289 649
279 890
303 6
91 594
247 725
198 666
360 688
187 800
327 93
241 829
236 56
318 449
13 698
142 587
241 552
104 920
117 655
330 901
90 362
207 655
330 107
26 100
135 351
113 470
98 169
242 223
188 206
126 78
191 728
176 958
173 615
26 565
7 493
117 788
35 517
258 984
170 699
23 546
77 550
203 955
278 732
239 817
357 262
178 642
255 843
214 325
317 923
188 630
332 939
62 431
80 333
181 951
168 78
320 428
310 711
236 785
134 483
42 387
334 323
9 677
314 103
70 359
220 270
311 835
97 281
213 403
104 80
256 175
75 164
214 492
126 584
330 826
2 658
307 729
207 622
189 81
26 249
326 83
138 714
339 5
122 904
105 957
210 686
8 248
71 856
21 39
354 486
228 269
119 30
338 369
130 862
345 736
105 272
233 161
23 710
63 450
199 618
320 732
8 186
111 120
149 969
36 762
149 877
82 618
107 774
340 211
36 986
322 499
266 978
136 158
58 353
336 298
248 70
49 787
177 117
221 621
181 259
326 851
183 957
308 376
335 157
186 499
217 544
311 353
365 953
47 512
137 460
116 611
288 372
194 502
51 553
252 754
365 856
96 390
142 761
215 955
321 207
67 849
111 440
23 989
361 49
40 707
236 769
329 454
13 754
81 239
24 333
85 726
252 568
19 23
171 933
32 520
91 156
71 86
237 860
123 91
300 108
90 612
133 313
178 731
125 688
123 543
104 966
177 975
143 422
331 607
254 425
332 899
140 739
358 349
335 935
83 593
16 293
59 686
9 225
223 666
189 523
266 533
228 501
141 140
169 126
252 880
237 816
165 486
286 843
294 588
246 603
308 432
250 596
216 402
347 230
164 35
127 854
254 690
241 140
104 677
197 330
29 558
61 304
194 47
302 257
85 61
238 241
102 283
209 566
110 962
264 255
137 726
74 392
367 844
339 474
178 173
364 988
329 967
9 477
127 398
261 793
214 865
369 312
17 116
176 940
3 442
187 404
157 89
174 13
101 71
303 926
369 570
82 847
70 47
182 732
175 870
93 263
360 49
368 262
36 447
122 260
202 27
45 648
243 203
146 790
175 383
187 184
24 251
176 66
205 807
177 895
184 319
292 435
296 202
203 956
58 242
69 416
274 935
256 607
66 571
286 898
83 453
148 518
156 704
344 53
189 611
92 809
3 989
17 536
333 692
304 119
342 877
162 618
175 753
262 879
148 541
14 315
20 236
63 101
192 498
214 86
59 268
304 357
366 174
356 778
185 617
150 361
350 283
230 10
8 654
13 391
197 562
229 905
309 983
83 963
96 859
346 811
236 423
151 162
54 607
57 588
260 670
41 8
340 14
21 766
297 543
75 694
18 745
49 99
67 437
306 130
239 687
33 879
11 434
218 389
306 62
296 583
47 794
303 108
217 198
373 817
198 153
156 441
8 20
141 838
56 191
70 351
337 745
60 774
83 573
144 903
82 921
52 385
334 911
358 979
49 657
293 846
347 717
336 587
301 305
62 242
120 63
34 931
347 239
22 987
142 419
348 423
78 851
196 471
24 470
333 833
181 601
283 46
271 982
69 385
57 963
105 897
322 618
3 527
128 678
276 15
17 142
1 532
138 533
232 756
185 206
34 270
204 160
204 551
198 148
125 976
304 271
322 577
112 315
94 504
371 27
257 88
301 275
311 401
192 736
173 66
12 734
317 639
292 150
251 655
181 288
24 191
291 632
3 647
288 698
40 143
292 79
195 661
81 129
348 444
5 41
183 247
216 565
340 759
66 197
289 197
98 93
175 546
131 994
241 928
313 235
344 227
274 652
130 383
87 306
206 953
256 328
311 862
330 948
170 641
35 882
344 646
25 665
145 424
120 682
93 357
187 144
209 611
288 854
255 271
31 23
315 143
101 393
5 817
373 367
175 959
221 474
123 343
2 151
96 238
101 157
178 877
17 756
101 428
79 520
227 905
251 16
296 16
232 384
164 30
330 585
87 820
196 536
84 873
102 755
68 426
46 685
105 80
62 564
221 367
282 352
129 723
73 936
131 614
302 638
124 436
214 125
182 263
189 599
224 147
341 33
284 369
260 544
279 771
170 67
167 206
232 117
357 763
158 887
206 515
337 831
325 916
88 781
66 174
184 395
101 595
15 82
6 298
88 523
228 839
339 545
116 408
291 812
299 844
301 906
126 929
94 719
195 557
308 213
181 515
78 330
318 127
219 682
44 627
118 476
109 139
151 655
264 602
293 763
116 969
118 679
4 21
87 307
254 790
119 479
234 282
191 244
274 844
294 498
111 660
129 820
118 80
200 770
6 70
117 128
324 65
194 656
264 677
109 44
351 160
364 398
372 523
218 464
50 992
298 980
47 503
353 204
291 386
285 718
210 380
30 319
363 812
11 994
85 599
364 915
31 788
339 637
52 857
160 190
253 186
199 873
56 446
308 453
258 162
52 186
321 431
184 531
157 534
283 315
19 345
202 545
338 923
102 119
155 138
359 110
102 303
274 775
274 570
227 245
294 779
97 615
286 448
315 296
278 207
77 474
89 991
228 245
273 327
89 453
354 214
332 514
60 259
81 778
214 843
186 195
247 419
256 137
109 965
341 366
48 145
305 399
28 103
329 791
258 530
36 118
301 769
183 811
211 614
189 796
16 929
230 266
253 296
342 411
117 311
370 598
374 330
77 765
70 488
104 328
182 619
212 652
199 545
348 18
48 573
363 779
74 204
93 631
371 287
360 368
69 159
316 348
291 287
353 681
210 66
105 513
363 579
169 473
143 375
310 831
256 823
36 484
202 785
90 307
319 7
351 135
322 350
358 836
168 751
300 756
279 496
177 536
138 233
236 287
248 121
316 22
337 46
212 950
358 158
111 406
173 321
371 591
17 592
119 270
48 538
30 959
266 58
159 694
108 811
120 201
205 874
93 110
39 378
259 900
137 16
142 270
358 718
325 819
60 149
243 818
68 358
101 766
324 185
68 342
230 94
177 498
234 484
256 878
45 31
66 80
364 113
43 178
355 345
213 259
22 658
9 940
316 866
223 608
323 458
47 947
339 859
282 729
151 944
198 712
126 502
278 470
134 473
122 724
49 281
353 611
73 499
373 809
346 333
326 959
187 919
308 961
162 991
243 800
54 67
198 833
158 123
84 743
273 27
145 224
167 666
180 15
59 908
272 474
300 667
216 308
191 110
178 768
374 317
74 597
296 451
115 467
78 217
36 663
373 703
375 989
117 107
287 49
250 117
300 787
235 93
215 213
62 594
253 326
23 552
213 149
303 231
28 434
306 326
334 983
