1800
282 743
328 290
351 653
428 93
2 522
85 280
155 477
380 378
241 350
325 763
134 564
408 220
315 134
96 961
171 769
133 480
446 71
231 957
272 759
138 429
339 284
105 288
121 745
347 690
52 356
169 757
25 246
206 402
61 960
54 713
395 671
329 173
297 174
59 682
413 811
71 65
316 615
253 684
226 486
211 656
427 286
281 693
203 676
307 785
61 20
214 314
422 785
39 511
371 270
303 951
19 293
391 893
320 25
391 75
434 446
128 479
428 466
121 386
85 708
18 172
16 552
63 950
323 40
344 588
429 590
156 755
300 31
333 91
190 345
314 192
348 806
110 870
139 66
81 210
426 227
220 557
67 189
122 577
45 963
251 135
214 151
80 173
361 533
220 842
206 564
266 273
313 234
361 384
192 55
11 934
346 158
15 383
118 933
281 331
90 534
315 559
77 994
57 662
450 536
189 215
124 661
231 101
300 535
119 209
81 884
278 923
138 22
51 47
46 979
324 978
4 549
11 781
387 164
180 645
310 986
2 185
144 491
76 504
401 446
84 321
238 396
281 345
295 356
179 146
25 255
223 595
141 541
443 788
27 790
336 54
50 730
158 498
113 805
276 500
445 921
282 127
175 965
324 776
122 287
236 105
361 830
382 102
302 433
402 152
348 601
401 456
357 130
257 348
370 705
50 55
172 208
30 68
225 953
67 715
101 883
216 915
134 380
385 121
39 675
168 391
180 708
210 410
194 918
369 23
399 469
416 806
422 530
447 624
398 701
114 753
117 118
14 416
176 182
349 829
101 607
18 797
91 755
334 857
55 633
141 982
29 435
377 963
226 111
223 181
78 142
228 404
220 376
197 795
250 303
362 445
292 701
377 53
399 716
375 399
276 823
99 47
450 139
425 475
436 417
81 904
230 528
25 160
448 228
94 557
430 289
198 73
165 879
267 687
58 579
448 161
234 924
299 682
258 31
167 567
45 920
371 102
112 550
435 186
3 805
353 356
364 583
268 127
389 640
365 960
13 108
449 780
11 443
270 267
29 780
286 830
300 452
174 777
49 378
181 325
307 295
9 279
326 13
117 290
275 609
435 376
200 960
61 157
438 109
379 371
97 182
79 943
241 130
2 648
84 153
385 246
406 36
93 958
174 938
346 655
81 590
393 165
73 465
148 69
168 562
226 520
68 359
154 10
130 573
143 566
180 568
304 977
135 89
383 863
206 394
281 490
96 526
185 614
294 190
435 173
260 847
56 641
231 886
374 623
213 696
45 561
172 114
295 355
199 624
384 968
248 462
441 296
337 733
173 460
231 273
12 194
420 767
421 652
162 40
384 619
62 579
64 137
388 996
400 904
96 122
348 302
290 785
42 922
78 903
338 665
49 9
51 412
228 194
125 999
397 578
267 37
140 885
27 7
352 364
172 779
269 516
131 924
278 118
347 658
11 440
189 771
314 188
117 817
119 269
432 690
86 549
32 245
15 586
440 673
240 547
124 806
194 655
10 694
125 196
319 282
120 560
232 570
420 615
360 372
282 439
224 186
253 900
13 208
94 178
318 883
350 349
293 848
369 133
57 942
74 44
135 794
70 572
185 811
285 340
340 106
214 173
233 300
183 385
253 585
417 739
339 9
83 815
348 235
301 785
145 142
296 400
177 379
444 197
164 133
440 83
377 874
424 534
170 74
204 716
2 351
297 322
68 685
143 211
51 895
15 891
324 884
297 920
289 952
270 359
92 807
169 659
411 694
135 329
193 909
408 32
207 369
405 974
374 658
267 103
345 238
73 520
230 864
40 824
363 583
170 237
154 693
114 847
170 33
3 41
108 636
4 496
148 85
219 705
427 516
138 66
379 114
289 72
236 619
112 198
432 277
381 76
438 379
431 247
388 539
274 826
148 463
182 180
338 501
360 820
356 135
124 339
169 392
401 720
206 347
369 455
236 247
264 531
48 523
272 970
7 204
99 245
402 224
410 734
326 421
184 358
104 298
200 328
351 892
122 536
255 848
411 723
113 962
168 736
236 76
350 153
259 301
347 965
3 897
159 9
291 864
283 988
43 488
112 384
355 474
228 121
287 330
132 802
138 584
354 184
269 337
368 15
112 976
36 536
374 349
51 40
395 27
88 76
279 965
203 447
88 64
288 495
53 279
188 862
356 63
297 314
243 257
383 750
237 647
46 772
350 945
22 509
84 964
311 403
329 749
157 584
181 432
118 203
206 471
429 930
127 314
371 164
268 846
355 368
302 467
423 6
216 520
325 930
277 389
350 181
111 96
278 571
396 67
177 1000
37 275
142 613
123 271
380 754
339 869
242 863
289 408
152 125
291 431
50 983
79 73
91 807
361 256
298 542
428 9
444 948
124 776
178 541
249 539
231 793
25 140
7 275
94 307
290 299
189 736
345 13
33 702
441 157
411 954
250 611
324 451
9 251
133 895
95 487
78 988
57 404
106 186
303 322
206 148
345 895
313 758
401 118
313 314
377 453
180 935
360 883
56 870
152 563
267 95
235 147
329 366
161 854
41 76
247 102
391 539
423 595
397 425
35 28
191 341
55 964
435 438
413 392
202 202
153 983
70 395
370 257
44 958
88 965
279 991
90 233
81 857
270 540
356 766
65 463
300 239
232 268
254 649
111 448
110 447
282 466
34 676
302 409
371 139
316 760
235 486
298 195
179 948
193 899
276 947
65 549
28 98
180 663
197 455
275 181
88 73
277 625
211 87
206 458
286 241
450 289
313 270
202 540
157 169
376 694
168 783
395 109
141 895
94 350
88 798
104 70
217 711
433 344
348 383
447 576
86 229
113 939
283 326
6 518
14 89
374 188
1 32
382 926
440 145
128 802
201 653
154 766
445 648
224 359
182 739
121 109
12 970
388 546
156 577
445 910
189 611
22 112
232 205
239 819
78 790
114 387
15 50
422 490
256 965
241 814
281 306
422 872
182 101
443 419
150 834
321 443
39 668
399 678
422 908
389 923
308 175
169 297
59 725
177 171
24 971
125 685
45 454
352 352
116 300
16 522
432 927
52 779
385 462
38 564
304 510
31 474
328 309
119 528
232 120
58 575
329 340
401 376
274 453
227 518
15 131
303 185
306 166
65 158
232 171
252 649
325 807
231 464
4 260
67 107
379 400
105 770
360 321
5 294
290 953
37 23
203 131
408 771
61 601
302 495
69 164
130 195
91 395
192 784
168 202
125 280
190 972
107 404
102 994
4 516
177 622
160 309
35 663
73 182
21 68
31 302
163 196
120 746
219 518
287 826
160 173
144 510
158 379
102 347
80 458
129 84
159 107
204 71
192 126
176 178
390 404
325 895
290 145
54 793
109 603
427 52
430 626
31 321
292 758
348 923
350 638
273 970
351 329
317 462
16 784
270 423
118 179
191 230
350 877
257 429
3 140
36 117
48 950
98 97
299 858
285 338
329 998
310 195
412 213
86 421
196 424
225 448
7 752
181 848
155 407
62 763
24 815
161 121
192 138
158 57
253 47
102 870
107 542
356 786
288 435
244 143
443 105
105 536
29 543
81 810
353 49
163 218
325 644
417 80
427 842
450 339
226 389
15 955
366 78
316 265
92 344
268 908
104 772
61 714
306 214
68 904
437 446
255 316
27 319
159 287
185 948
295 460
330 951
90 213
442 436
319 124
192 349
4 329
234 816
34 920
80 48
413 471
228 706
108 990
42 820
449 536
39 642
232 450
149 374
208 770
97 34
433 827
444 659
274 591
441 292
289 980
304 444
70 299
399 775
170 309
413 656
389 623
423 583
63 704
160 731
311 968
436 182
256 455
148 912
104 106
375 669
13 967
412 737
126 227
254 660
191 846
73 194
302 296
59 997
130 658
226 6
274 110
381 630
218 875
231 640
298 552
445 756
102 175
323 620
146 550
112 846
290 411
247 889
364 949
262 254
364 392
76 172
51 816
289 792
279 962
79 400
303 940
29 277
213 747
95 514
380 351
98 990
294 930
16 499
308 438
262 175
286 862
276 295
9 277
82 85
342 675
177 442
191 463
256 434
437 25
325 712
258 206
154 64
426 408
418 959
218 353
240 149
5 594
78 165
98 513
259 117
26 965
258 79
221 139
398 917
432 182
443 176
11 302
93 265
253 937
89 996
416 53
299 641
76 237
171 32
130 299
16 92
309 612
193 44
296 122
432 841
311 549
212 306
227 132
10 479
163 889
133 673
216 419
188 601
396 638
429 593
40 697
115 344
346 799
137 931
254 2
338 647
201 454
341 630
179 448
307 36
56 278
398 649
79 820
187 824
423 377
214 425
434 733
271 900
74 14
16 52
79 36
73 896
188 815
429 779
280 556
305 95
156 17
75 835
345 112
222 985
10 400
173 136
245 127
108 983
120 783
1 515
263 121
354 354
163 929
278 383
237 381
360 473
199 705
64 117
208 711
7 335
171 53
268 808
115 103
175 808
204 804
388 560
370 699
86 510
338 289
223 70
315 498
253 351
118 47
257 510
301 889
37 494
422 578
414 932
448 425
143 524
386 628
228 762
160 68
450 543
90 601
128 88
369 683
168 536
168 188
8 227
303 992
219 562
107 828
109 149
88 166
218 785
428 991
41 160
417 722
230 866
417 853
300 383
96 732
9 514
75 769
282 118
8 459
66 526
109 903
48 198
296 469
319 724
266 778
158 237
250 803
11 278
278 463
224 861
174 507
384 497
267 546
296 85
323 33
439 387
424 823
172 452
298 542
117 665
59 535
231 688
193 791
413 235
319 73
414 851
255 527
385 787
91 635
397 268
30 922
442 131
128 924
259 714
88 101
308 425
418 669
168 356
148 521
149 72
430 698
209 918
30 154
104 235
103 502
107 804
74 9
351 128
149 343
178 920
29 902
212 490
334 754
255 684
110 722
419 501
172 996
411 471
291 900
161 860
197 101
16 307
233 577
2 818
407 75
189 86
413 325
42 314
379 728
77 852
449 796
44 892
353 478
166 677
2 357
380 758
27 373
442 119
153 819
270 878
84 534
357 40
65 945
148 454
310 22
105 836
37 506
287 483
171 781
179 194
445 885
338 641
165 393
146 68
48 176
104 208
303 565
397 564
119 545
445 459
377 216
189 841
114 595
276 590
181 241
373 185
122 724
27 671
209 166
95 731
217 225
155 1000
58 353
246 643
133 917
356 851
278 370
197 706
414 356
319 162
140 44
114 303
380 571
250 852
239 761
312 196
81 389
57 926
323 555
222 278
408 394
227 479
379 3
175 885
44 849
129 702
373 245
263 653
381 191
426 175
55 78
289 357
366 575
227 506
174 935
357 577
313 627
331 985
322 957
353 265
208 509
119 936
61 824
2 660
134 281
11 371
403 965
419 305
112 205
351 979
202 710
371 588
293 490
444 465
123 112
72 943
120 136
41 144
410 336
278 623
139 880
223 920
439 830
109 196
367 669
25 934
402 594
225 196
16 623
100 922
228 296
32 781
345 216
297 839
410 809
284 489
237 315
303 309
39 712
360 516
221 824
10 424
54 981
437 164
437 485
65 82
141 983
105 574
446 999
27 123
425 263
23 46
339 943
45 906
294 303
21 206
215 669
158 417
193 547
241 245
96 348
403 712
272 413
323 806
385 526
289 872
132 186
366 756
316 800
41 439
338 973
344 648
334 208
289 541
30 456
55 341
127 416
333 78
270 809
88 158
403 932
261 735
339 795
417 596
441 163
152 771
247 862
11 551
291 714
87 276
427 4
4 228
127 263
336 122
109 109
380 271
387 868
160 579
130 530
292 965
318 431
191 452
213 872
196 733
349 757
38 239
439 859
3 233
207 351
151 997
241 785
360 760
394 107
365 328
303 889
378 651
279 937
86 899
215 23
162 795
264 400
291 368
286 217
77 654
47 282
420 790
138 61
402 196
196 893
292 17
178 58
177 830
59 476
214 82
422 860
74 851
318 411
76 475
287 835
154 683
395 307
106 578
74 325
45 869
418 266
300 578
112 529
409 838
16 398
301 278
2 122
300 281
76 487
68 404
35 193
140 40
259 403
399 929
45 862
436 797
294 903
226 11
320 598
346 968
279 452
51 507
421 295
95 280
263 614
171 645
293 812
400 499
26 230
171 864
369 750
444 361
313 765
367 821
197 598
201 483
443 702
137 326
214 507
139 613
206 702
245 665
276 287
348 555
255 159
367 532
63 255
162 304
82 201
100 497
441 887
343 703
80 2
85 203
428 982
83 710
153 622
9 233
217 502
144 940
363 45
22 998
280 673
429 635
197 453
398 493
122 693
288 569
295 767
35 630
81 875
25 182
14 764
189 554
273 188
200 795
449 261
252 642
43 463
84 572
401 841
106 463
304 971
115 22
267 1
198 816
347 864
46 815
221 78
419 994
84 381
296 261
329 835
13 162
255 931
238 567
272 712
74 482
295 305
34 563
184 473
150 83
398 929
174 488
69 317
83 326
434 700
406 968
375 992
327 393
227 565
102 447
372 662
184 465
86 999
389 88
319 840
333 876
289 161
152 722
140 555
7 819
320 268
237 863
340 322
425 729
188 655
11 417
8 787
147 16
85 570
161 198
65 5
276 423
219 743
169 258
250 454
43 791
275 79
169 730
360 34
113 334
36 631
121 258
404 301
349 217
405 858
412 841
318 316
17 156
231 855
48 694
437 632
234 443
40 449
183 240
394 630
107 13
165 590
412 824
253 643
432 574
329 985
401 525
15 250
192 161
91 786
358 367
354 415
267 216
391 473
52 764
93 135
271 276
172 604
241 196
84 836
329 998
54 328
161 102
44 72
373 169
107 454
200 270
50 270
367 487
38 110
123 558
394 613
100 15
232 168
340 985
5 958
265 953
164 686
200 952
153 603
419 966
257 108
53 509
334 14
420 671
61 28
439 206
94 512
437 930
262 445
326 681
142 242
141 296
144 234
372 72
274 311
271 519
125 309
319 712
337 14
344 397
58 888
38 752
280 41
285 194
32 595
401 503
238 520
431 140
249 554
225 212
83 718
64 177
309 116
302 651
293 140
107 152
233 266
266 696
237 47
140 491
52 21
207 403
148 106
402 74
38 539
192 826
149 595
275 233
263 501
405 820
232 423
372 595
19 372
159 980
256 280
119 295
413 759
26 395
125 178
231 82
411 952
423 399
39 206
93 697
368 121
224 433
163 377
325 758
180 767
423 106
100 518
347 788
417 220
31 407
260 804
258 497
298 702
300 194
373 80
95 187
142 304
63 153
213 955
153 712
119 434
372 332
340 532
348 491
418 856
75 962
215 410
204 179
140 1
223 572
22 106
64 837
203 42
377 430
449 934
221 649
333 484
335 128
444 455
145 66
92 172
121 262
249 910
238 272
223 678
94 768
267 283
276 176
246 609
120 368
242 614
131 68
258 423
176 136
447 338
305 658
20 384
448 605
221 331
197 222
86 205
291 693
43 829
290 748
203 112
151 478
340 836
238 168
260 761
290 359
275 721
290 61
392 448
166 318
137 984
124 592
23 49
448 417
71 705
370 516
402 10
184 486
193 758
204 140
53 653
200 914
395 233
197 60
250 717
371 145
223 712
156 169
258 850
420 434
91 803
18 739
373 602
336 593
408 258
304 871
355 263
202 15
297 484
402 291
301 13
419 539
427 978
257 232
413 857
435 176
201 626
56 274
36 110
66 872
12 94
423 282
128 521
290 947
258 395
10 721
197 188
73 443
181 150
434 507
359 734
384 781
104 784
39 370
184 776
337 267
26 71
42 409
332 333
316 134
193 343
429 579
407 82
276 965
126 510
213 744
81 991
448 144
332 501
11 134
270 718
287 827
162 435
296 696
410 70
47 557
284 91
245 780
21 896
209 517
254 887
5 522
189 330
228 138
118 785
226 239
318 962
188 678
60 939
408 234
64 171
79 794
51 96
423 245
436 778
292 241
288 103
146 245
172 613
364 354
111 472
348 875
148 151
426 43
328 538
262 156
181 873
396 634
398 259
295 603
148 8
298 803
323 164
251 670
151 263
32 269
378 996
186 192
278 334
373 116
137 145
96 895
278 248
214 879
274 713
439 453
212 634
301 141
383 201
253 203
436 199
190 722
39 205
158 322
126 309
121 296
445 710
386 282
314 968
291 847
