1400
227 450
267 272
224 317
254 917
253 561
194 494
262 234
298 591
350 906
279 482
89 376
248 674
170 257
81 270
223 725
44 917
335 28
125 805
227 72
254 215
183 802
276 743
164 594
181 779
55 94
76 465
104 546
345 207
38 548
286 842
181 844
283 18
333 617
78 155
338 602
153 825
180 377
225 629
279 68
202 139
300 240
55 662
225 819
69 207
288 42
314 5
328 873
30 663
126 726
210 554
306 486
221 590
287 174
24 96
298 792
251 507
150 879
233 112
70 253
311 568
188 515
240 252
95 896
96 754
74 484
39 296
59 582
127 562
202 787
299 445
207 122
245 892
5 339
91 803
297 530
267 313
211 327
33 939
208 687
304 112
1 898
231 15
134 584
56 194
113 522
132 969
247 427
271 382
105 632
151 464
214 357
134 936
164 18
268 66
231 466
154 446
228 211
350 295
304 910
185 582
308 591
210 763
99 191
169 263
138 382
310 205
126 912
6 405
130 756
170 856
63 912
145 573
6 910
123 353
136 842
141 443
251 490
259 131
82 751
237 980
174 666
33 321
41 289
200 474
183 390
193 487
283 599
208 511
133 245
94 176
248 716
310 257
336 763
155 211
169 23
330 209
108 394
318 936
140 405
176 153
212 347
248 142
30 617
297 561
168 939
298 480
138 236
262 952
340 418
5 701
211 848
252 106
312 118
120 131
88 562
192 609
176 385
313 277
129 957
72 88
62 410
165 105
347 92
316 357
149 347
267 220
296 946
196 399
6 320
316 458
309 405
219 252
51 538
155 421
221 215
225 308
63 585
107 131
283 280
329 383
205 759
280 451
65 349
146 146
13 516
306 500
114 719
306 236
337 376
64 383
131 166
102 558
292 636
183 50
17 578
127 170
257 937
85 978
91 185
203 7
211 72
275 82
100 258
41 326
210 153
255 941
106 667
180 965
341 1
311 204
234 532
215 998
306 8
147 488
230 969
250 20
22 709
175 494
326 707
4 198
127 908
62 388
164 751
291 39
345 893
9 412
263 915
222 5
295 627
279 551
87 362
222 419
41 84
185 91
218 824
229 272
50 353
189 842
184 945
43 907
152 880
174 418
74 329
280 998
177 541
168 988
274 447
173 926
122 750
272 964
285 961
133 896
77 365
28 665
26 848
153 343
172 215
316 290
180 734
97 432
49 479
291 910
24 656
185 453
107 331
152 94
6 597
14 400
342 225
303 100
70 531
253 933
208 493
120 343
142 456
305 169
158 31
226 505
49 779
337 859
342 622
64 378
189 437
297 450
47 20
18 228
18 784
213 999
350 23
154 865
130 787
271 920
187 873
290 487
158 738
66 901
228 510
342 670
316 701
180 343
131 327
46 298
317 935
218 269
22 547
21 702
324 297
112 229
51 667
311 768
281 668
48 20
59 374
215 248
32 61
246 838
67 356
8 650
219 967
71 342
215 510
295 866
228 634
158 795
280 548
317 18
132 959
19 49
188 887
75 427
106 640
216 531
94 772
227 695
350 380
68 131
266 969
245 300
161 709
175 235
32 122
180 231
160 761
169 547
255 288
246 562
160 400
194 358
66 874
333 762
138 543
22 228
195 182
82 925
323 930
285 536
300 576
53 487
145 386
75 297
268 907
314 767
119 807
87 741
71 861
78 196
305 704
61 322
304 940
125 514
257 806
231 542
24 443
126 293
295 43
339 218
109 497
133 11
39 622
263 893
236 157
40 950
144 880
195 36
120 811
217 689
103 921
143 125
159 229
233 549
132 536
247 958
37 639
118 922
36 230
266 910
164 842
201 493
313 447
184 543
69 423
134 196
111 104
341 141
252 524
32 896
175 799
68 265
149 905
169 621
335 141
41 837
328 77
292 938
4 113
96 199
10 388
238 968
144 889
185 511
321 152
42 585
2 121
236 206
96 739
185 248
117 37
96 780
244 687
240 506
296 515
107 255
261 594
159 464
297 776
97 603
16 803
79 929
69 92
238 862
166 976
94 269
32 963
142 377
71 535
126 816
322 390
219 405
126 44
85 707
61 177
33 185
19 52
147 983
238 161
6 255
249 413
331 331
4 563
16 819
260 319
313 585
197 100
280 968
28 933
119 562
14 95
176 944
111 852
207 587
287 325
263 182
228 296
238 349
266 799
290 95
262 97
268 513
190 465
328 545
28 219
61 867
329 249
90 206
261 814
34 200
129 272
193 881
113 772
284 668
205 381
65 852
224 532
260 248
45 309
321 212
214 672
39 877
230 116
19 539
227 494
51 352
29 879
136 247
239 358
258 614
340 275
254 492
77 456
256 584
46 480
256 544
287 179
298 760
147 727
184 817
309 528
90 687
64 46
348 418
346 368
347 412
261 169
183 128
79 371
131 806
7 382
20 225
179 287
331 399
36 923
161 337
37 180
1 910
213 237
349 968
281 582
66 54
91 527
254 3
283 88
267 317
197 322
77 288
296 964
69 870
190 107
126 510
238 535
75 542
87 752
187 254
138 885
316 922
211 841
107 982
178 377
150 42
66 942
264 472
218 512
168 24
116 320
249 837
297 384
238 759
285 869
293 719
1 148
154 916
60 940
107 949
159 679
239 793
62 825
182 530
62 166
81 843
176 184
134 304
280 9
260 262
284 310
252 637
260 376
345 244
278 131
234 863
219 651
41 622
25 937
281 792
70 445
282 334
22 326
14 927
305 246
245 150
282 95
252 595
321 640
247 321
313 790
128 784
325 820
220 976
190 889
97 852
281 83
201 143
57 503
124 42
257 281
224 144
61 697
337 842
345 502
145 408
189 320
97 222
328 36
268 911
221 792
268 926
302 759
310 119
136 417
140 679
91 350
247 679
302 172
58 671
58 53
303 360
24 223
180 372
27 221
121 679
15 665
142 818
245 606
292 1
145 766
115 908
5 754
256 267
43 365
176 900
292 214
54 8
288 791
223 507
64 138
41 78
5 825
43 279
30 416
320 723
31 314
74 773
316 193
337 863
315 622
53 342
240 215
228 257
341 116
348 860
145 730
261 566
207 529
341 305
199 313
96 229
162 495
107 919
85 65
19 738
294 273
248 218
257 555
252 364
350 188
112 78
127 802
322 193
186 424
176 992
64 94
150 439
1 762
121 29
291 562
84 60
305 178
217 252
11 944
63 895
127 258
49 322
41 874
266 874
132 804
93 949
6 476
243 487
24 549
141 376
93 178
261 809
216 923
39 207
292 269
25 993
2 421
279 142
239 813
333 792
313 580
57 253
114 205
184 512
144 776
222 571
213 757
87 278
266 243
326 18
172 169
270 540
186 381
44 245
59 628
177 275
158 377
153 531
20 584
253 815
61 734
2 28
120 523
327 427
268 440
38 867
221 978
118 742
150 555
162 16
39 774
29 526
90 753
132 358
174 747
6 525
275 256
220 561
332 145
200 359
308 219
202 648
121 591
315 506
231 284
127 681
239 540
230 462
28 237
115 544
60 900
143 582
195 570
262 771
150 752
142 218
72 153
306 946
93 31
115 616
263 633
64 201
287 819
63 884
311 310
219 61
44 211
307 906
177 451
320 296
337 643
312 987
318 108
41 165
31 422
145 286
109 124
279 884
26 100
312 474
13 770
95 336
17 951
23 917
317 871
104 368
342 808
4 152
190 285
280 152
29 18
158 889
208 89
220 253
50 755
244 806
322 150
132 779
165 313
280 950
16 940
35 847
339 642
345 73
242 389
306 634
62 760
59 169
350 865
56 469
19 883
282 993
219 631
283 541
26 247
92 219
203 820
107 849
254 73
31 475
164 712
193 206
293 196
161 878
315 441
218 99
225 259
154 63
149 35
281 26
240 964
339 669
148 34
318 311
197 913
165 449
257 25
211 465
336 527
290 619
158 519
300 81
346 593
219 264
334 144
117 849
309 845
335 686
138 27
69 463
12 794
137 331
2 349
220 911
116 61
326 579
161 219
125 495
132 922
159 554
287 240
293 334
103 905
156 73
221 513
302 327
26 965
267 255
143 204
164 649
205 598
34 822
144 102
246 592
348 679
164 502
119 863
109 752
159 210
257 319
132 403
176 599
111 954
230 269
104 808
281 685
222 824
115 390
309 607
129 904
235 56
203 495
195 49
264 503
235 37
350 30
3 723
140 340
241 468
320 175
93 235
267 61
29 788
146 369
221 195
181 681
77 951
19 900
292 27
21 813
219 524
313 564
49 134
53 516
250 331
50 83
157 541
245 688
214 269
47 400
296 47
256 575
187 400
256 285
58 483
226 378
224 695
44 452
178 244
318 815
168 206
19 674
176 333
283 588
321 687
262 174
156 285
269 399
278 360
139 762
207 360
31 967
96 63
135 537
300 887
112 290
231 642
236 159
137 70
106 813
309 320
333 602
77 695
13 643
92 927
96 517
173 961
323 181
289 806
133 192
299 413
216 209
15 660
192 644
62 594
280 462
67 50
79 709
229 220
333 826
71 521
307 510
45 362
286 207
130 343
39 89
10 677
104 690
203 126
256 188
76 802
225 89
263 396
188 183
309 257
126 109
32 834
155 679
197 25
196 602
238 895
200 711
188 748
269 785
79 636
228 542
309 885
213 668
116 996
59 4
270 570
111 216
12 797
259 190
13 968
244 14
81 842
14 786
339 538
210 656
41 782
26 583
178 569
222 396
124 30
90 626
41 261
24 11
211 287
346 389
49 931
312 993
155 991
26 620
218 905
188 758
179 777
249 158
135 96
142 88
267 189
93 405
278 854
132 232
88 97
74 411
303 490
197 554
268 454
288 300
46 221
65 919
2 301
205 738
248 889
14 142
94 538
135 642
19 108
202 509
184 906
301 21
43 824
268 740
30 162
312 717
55 476
314 594
27 66
213 222
34 675
191 803
19 311
95 86
297 793
56 613
183 526
169 809
304 947
278 301
160 380
253 62
324 942
60 778
274 830
347 922
317 792
319 848
350 354
278 862
346 892
215 527
325 206
344 37
195 660
38 588
79 260
166 537
320 935
349 706
197 864
115 601
134 750
312 231
271 969
53 350
114 165
172 719
148 394
350 720
342 345
100 729
164 656
275 803
10 26
160 940
346 925
147 974
157 956
331 517
102 606
18 510
286 646
166 539
71 410
311 394
131 83
77 88
176 660
3 741
73 125
200 449
108 737
60 631
99 650
28 993
346 568
208 610
56 378
254 487
207 997
1 340
36 703
49 850
118 667
323 822
104 55
316 556
299 762
14 888
308 424
315 964
165 260
2 947
203 961
218 729
37 532
246 733
206 740
296 588
31 1000
274 489
238 55
25 534
171 698
151 143
159 890
343 381
21 242
47 254
115 886
319 632
333 677
38 759
209 867
49 997
274 227
20 178
43 593
97 779
41 544
59 202
101 390
2 591
81 555
153 69
32 519
168 847
6 540
104 672
266 959
209 152
208 276
215 885
128 91
306 645
36 203
152 935
17 955
149 494
39 561
274 660
152 64
288 99
58 949
3 277
40 903
89 710
206 434
26 835
169 636
283 446
317 871
343 199
194 807
165 831
107 336
282 696
83 278
95 884
159 70
116 143
259 361
115 916
1 529
318 748
146 644
34 468
288 373
333 691
193 568
8 382
244 236
48 704
71 922
182 500
262 142
350 624
342 446
207 59
186 962
213 12
136 618
213 519
85 92
103 108
349 937
288 928
168 458
263 571
301 298
223 801
258 918
210 471
55 335
206 178
346 348
171 821
306 749
123 737
29 368
105 103
239 157
303 969
254 913
324 822
67 782
86 268
252 919
335 539
277 575
324 941
321 160
235 898
166 547
234 13
102 370
217 235
168 667
127 672
183 925
233 143
258 149
251 15
222 623
159 918
20 792
228 822
128 365
279 987
67 473
18 419
320 80
241 501
59 189
26 209
247 133
118 956
329 759
330 969
41 321
132 52
80 14
20 272
8 891
223 276
142 893
333 676
297 196
51 563
109 152
120 520
18 949
237 601
207 302
244 35
13 265
22 847
140 938
214 117
16 37
181 762
212 128
230 298
155 176
122 89
27 404
290 922
159 829
61 573
69 870
115 321
145 600
118 51
1 613
254 593
39 392
101 447
22 696
191 494
173 930
325 478
289 711
347 818
262 745
309 148
237 728
56 514
295 409
312 700
287 161
279 448
310 510
338 841
317 894
294 659
51 67
337 337
38 395
83 307
119 67
117 447
246 223
322 241
350 904
190 288
248 156
314 476
345 131
134 228
154 959
131 349
68 929
191 154
107 392
136 440
226 993
273 814
253 41
29 408
172 616
54 773
209 266
103 192
273 588
153 799
132 440
311 985
267 159
31 592
258 734
14 488
