1800
80 162
428 994
234 431
166 117
201 536
450 279
145 832
139 884
382 915
255 51
270 786
268 877
190 257
64 333
144 63
385 131
140 903
24 634
147 468
435 900
4 386
222 429
120 672
403 849
121 554
113 241
144 550
424 779
289 961
130 779
99 144
204 922
148 931
352 937
340 640
245 611
320 999
402 661
57 407
125 921
442 932
383 757
345 349
107 982
212 466
236 584
44 273
226 862
163 368
304 877
68 516
36 585
329 379
124 369
40 942
408 756
106 659
281 486
49 878
185 898
161 679
80 67
166 807
17 665
315 185
428 933
315 26
437 641
101 930
136 513
167 324
374 819
119 846
268 944
312 875
12 131
325 600
235 83
46 566
248 987
386 965
40 540
354 907
156 733
231 726
228 719
252 774
290 247
390 752
229 677
308 389
286 322
10 248
415 989
162 999
92 241
204 798
383 534
291 355
104 146
174 289
130 855
136 273
330 52
285 691
89 627
29 631
412 335
127 566
319 599
290 794
93 715
298 44
257 207
314 968
232 258
268 783
400 737
294 97
306 742
345 25
296 422
332 290
329 995
40 468
249 188
116 886
315 643
364 502
326 293
409 843
271 380
410 72
342 256
113 281
57 139
45 573
192 804
346 222
274 29
284 90
339 557
207 412
346 894
374 659
278 689
194 116
448 977
375 158
94 30
425 91
175 233
135 130
256 284
383 797
191 839
220 597
316 993
345 101
427 754
317 610
28 676
445 721
59 940
357 514
69 931
94 989
201 87
411 65
375 275
233 751
242 851
187 903
394 478
282 938
303 677
374 474
140 774
156 44
365 294
6 25
170 400
245 708
4 201
445 496
363 749
200 659
429 22
232 250
1 930
126 932
210 895
122 345
62 730
286 33
364 484
155 340
161 546
248 349
93 837
286 530
97 756
324 780
335 6
420 637
44 247
51 349
415 517
297 597
175 258
5 89
74 181
374 241
389 916
332 190
18 320
436 494
414 300
258 533
172 903
351 106
352 256
12 514
208 174
297 233
319 643
445 992
315 323
62 87
264 646
247 671
152 340
162 472
154 660
416 730
251 152
66 468
364 603
360 31
34 230
309 260
420 923
338 960
227 113
95 400
15 495
432 383
290 823
321 286
123 754
357 786
377 778
294 398
435 59
338 501
442 473
447 397
302 327
345 154
221 22
417 542
107 332
334 830
361 432
35 454
214 251
107 719
51 53
351 349
341 720
126 617
159 500
269 658
154 471
75 91
13 120
204 412
361 612
314 220
293 395
413 108
376 428
156 311
48 445
147 602
91 847
379 544
124 289
433 327
13 41
375 500
365 688
393 615
90 716
341 304
334 652
40 30
56 65
410 601
67 72
318 252
373 133
355 225
137 394
134 905
22 170
159 808
420 811
103 114
84 836
127 760
11 924
403 935
236 719
150 743
206 213
173 474
394 239
430 722
225 909
83 450
235 961
335 828
119 740
372 152
92 646
178 327
366 863
318 219
411 21
10 655
89 724
6 130
370 902
341 416
216 481
324 280
81 102
400 520
238 62
56 726
302 904
328 300
18 176
64 946
141 786
435 11
163 7
175 579
417 645
53 999
287 566
363 246
224 278
218 305
271 62
367 271
84 959
6 819
400 102
46 674
428 653
342 375
163 66
286 106
137 26
348 607
173 450
175 803
366 355
163 855
259 94
90 119
76 772
5 786
70 761
218 399
259 376
353 68
285 735
354 682
29 332
33 641
146 99
37 906
105 322
450 264
197 309
441 754
95 592
286 856
50 431
189 368
183 361
56 217
65 413
191 354
301 357
240 430
381 402
360 361
161 419
58 379
334 196
20 301
442 698
190 875
131 450
185 312
175 72
275 193
446 453
384 568
310 506
198 703
67 46
399 592
68 650
107 423
223 894
127 332
280 474
162 977
45 30
436 746
321 271
126 108
130 388
136 138
85 783
118 865
107 634
325 761
282 913
33 680
332 848
280 631
323 335
294 877
350 727
434 528
64 803
273 122
201 358
69 829
421 468
136 699
210 447
43 755
252 969
415 353
172 223
343 505
438 58
347 393
27 765
394 919
253 119
99 509
85 340
379 501
426 94
295 530
60 183
305 856
279 542
72 889
161 369
430 357
186 477
388 676
74 335
32 922
37 862
425 911
243 695
204 608
289 959
162 693
178 17
140 684
10 369
127 576
38 820
191 347
279 735
168 35
57 928
35 619
218 873
2 109
362 66
349 519
216 662
55 394
213 143
107 831
124 558
238 178
432 481
407 749
354 743
355 96
380 100
305 184
15 692
54 567
354 705
36 339
298 287
80 270
113 752
15 654
108 126
141 8
394 623
441 716
431 66
6 720
109 564
293 579
69 130
23 811
24 358
348 111
138 858
329 680
440 383
432 812
254 966
348 777
404 329
305 996
220 639
98 434
210 261
375 463
270 283
207 501
297 388
410 414
362 462
419 119
185 401
161 903
358 899
55 56
206 425
161 82
111 330
317 489
332 747
410 372
89 199
114 435
356 946
349 755
372 142
359 296
245 766
288 624
29 328
348 327
165 739
425 201
438 383
442 353
151 745
224 176
189 403
333 886
373 215
149 209
229 49
329 968
48 355
365 15
335 911
172 84
64 471
9 948
74 736
10 563
117 575
81 564
4 844
184 59
314 873
400 634
289 657
378 520
175 723
375 811
43 908
312 154
379 126
199 807
156 840
408 152
407 92
423 558
327 458
349 883
168 880
346 32
37 850
327 129
349 36
145 943
258 745
335 986
157 343
414 740
214 916
376 945
129 128
195 687
130 830
285 209
104 613
141 299
431 921
195 849
184 773
106 156
381 886
142 406
179 656
248 587
172 971
193 880
54 83
213 161
448 895
197 244
68 400
98 30
338 966
348 379
13 563
322 662
72 944
318 37
86 395
395 885
71 46
210 71
222 47
119 347
262 883
387 973
283 118
422 448
403 613
409 37
237 496
55 956
234 805
36 608
356 587
397 994
18 900
174 356
43 898
295 283
86 920
401 849
170 680
152 127
167 80
319 583
13 360
448 786
436 528
230 768
399 1000
103 626
446 395
444 380
429 527
305 877
285 612
128 388
9 810
401 67
39 452
186 605
214 702
307 767
243 304
270 517
91 549
429 393
90 146
386 91
318 242
168 496
257 336
313 773
439 1000
403 461
83 138
279 833
355 989
33 4
302 308
218 49
347 48
336 654
119 922
249 327
289 922
163 85
72 552
280 56
126 925
152 334
322 607
8 565
228 417
40 110
150 202
310 744
140 859
4 428
309 822
119 212
433 490
136 398
401 532
383 889
190 277
127 406
244 501
431 643
323 923
57 362
56 430
291 383
392 925
401 710
406 738
382 738
161 613
265 178
389 496
284 80
327 630
25 656
279 180
21 606
265 354
432 178
145 653
142 63
332 592
71 301
116 409
352 164
68 395
325 895
249 503
208 262
226 847
213 596
191 525
279 102
440 679
5 924
430 595
201 133
144 653
319 347
347 153
390 90
106 70
270 937
33 715
43 865
340 819
13 379
179 903
96 839
287 204
444 798
348 836
66 993
325 812
189 388
244 832
275 599
373 108
158 209
234 872
367 834
178 910
249 491
350 522
288 685
425 181
197 597
193 202
29 74
350 965
25 865
351 301
403 381
439 958
200 326
201 892
220 218
236 934
250 814
25 289
393 498
247 115
350 629
35 91
10 976
330 426
295 564
30 936
171 677
449 211
364 541
63 552
267 663
3 469
30 992
376 339
433 926
308 602
353 948
183 841
318 706
408 930
172 482
397 236
169 308
302 647
439 183
177 300
392 792
110 704
86 885
356 945
254 187
417 276
121 79
422 616
174 159
380 12
394 295
86 805
202 326
101 375
336 425
309 482
196 99
128 266
205 648
274 624
446 101
27 397
406 104
10 645
226 211
283 159
137 556
175 971
127 885
134 956
280 473
59 918
132 625
394 275
353 872
22 502
43 383
294 856
132 338
286 798
286 811
316 429
378 987
211 400
254 426
365 566
424 998
204 679
365 947
368 165
167 148
235 616
127 27
217 326
105 575
407 273
397 57
287 321
196 893
290 899
172 953
267 395
242 750
8 136
332 918
241 960
344 547
325 246
187 327
231 997
289 123
419 631
104 374
93 77
34 371
345 371
154 819
350 805
280 210
416 278
317 173
28 79
52 679
126 111
18 212
427 942
269 566
444 271
149 667
29 901
421 907
32 716
338 450
423 808
336 392
108 817
36 276
247 997
367 612
126 294
294 200
166 113
348 448
400 411
395 471
422 745
331 568
350 547
121 875
306 863
300 336
80 465
267 814
347 660
286 149
426 863
16 402
314 577
331 529
196 291
172 144
213 841
276 136
206 764
26 906
396 722
43 371
434 464
173 687
206 337
211 500
92 42
66 624
21 303
76 810
6 207
24 362
200 591
126 665
344 592
241 385
26 52
278 980
410 261
104 250
441 271
413 96
229 569
165 295
244 583
247 108
41 858
162 98
227 12
325 761
236 110
418 616
73 738
108 73
30 922
71 296
364 526
155 310
56 486
250 709
55 585
439 448
308 366
135 306
415 685
444 911
277 196
195 683
210 85
186 453
24 234
313 177
242 564
73 269
49 854
338 876
445 872
64 878
365 160
390 103
74 469
13 196
15 523
395 854
352 354
325 432
39 358
280 568
20 316
43 750
88 991
127 832
94 54
408 281
426 495
259 645
30 732
422 803
359 459
404 863
411 745
17 643
90 350
300 511
226 488
309 156
438 477
371 647
55 96
297 623
307 563
100 970
73 676
135 8
433 363
144 515
40 942
68 868
77 133
166 482
303 41
50 178
233 77
298 125
180 635
445 720
252 904
56 109
88 317
428 583
443 77
358 351
171 750
146 397
21 843
323 997
314 92
264 2
85 978
38 163
126 704
300 343
268 391
203 478
233 502
231 549
340 195
341 938
443 849
82 441
449 254
170 178
33 638
330 696
401 496
198 431
38 534
105 487
397 359
121 488
51 335
198 689
178 253
193 440
437 425
241 533
425 398
121 671
128 595
245 789
43 831
249 533
296 687
356 312
172 471
192 986
340 61
364 471
184 648
192 815
186 206
240 638
107 518
140 852
271 231
388 648
119 58
391 842
314 352
389 235
229 71
135 154
390 518
59 889
404 536
186 62
406 566
285 887
14 106
153 184
352 277
367 867
150 687
448 452
155 894
162 138
129 895
396 359
85 583
69 408
392 23
307 994
274 268
377 129
32 811
264 737
103 505
20 729
373 449
142 642
264 219
167 423
155 807
316 680
295 781
133 38
38 3
417 963
437 552
445 943
41 514
38 15
35 249
318 180
243 881
51 5
145 378
200 328
416 740
62 335
90 652
311 157
21 426
330 357
112 350
226 617
131 320
261 258
19 730
216 148
318 921
65 119
332 95
396 782
430 835
369 104
95 397
77 341
341 985
424 270
150 925
157 760
233 805
407 290
409 25
55 240
447 71
220 717
222 428
293 431
263 784
245 250
334 289
286 994
198 935
58 428
118 224
309 59
81 658
304 262
167 829
100 491
119 119
337 797
326 731
205 173
276 97
439 977
86 456
95 264
113 685
338 304
159 241
401 862
271 185
29 978
361 783
161 666
179 772
282 716
289 966
80 831
344 868
351 415
100 202
134 853
269 947
192 205
161 885
190 686
367 806
159 688
81 892
203 827
384 679
53 354
354 199
248 542
82 594
226 892
26 988
179 270
184 939
90 402
291 730
46 326
326 283
333 615
427 663
204 147
179 652
329 861
228 340
223 84
322 451
40 630
424 825
190 828
439 970
402 696
391 581
19 547
342 548
437 492
92 614
343 846
1 54
39 94
4 944
339 314
280 571
182 625
238 303
98 199
447 53
53 519
172 831
37 199
275 510
414 21
65 138
432 171
306 740
7 110
192 658
12 174
106 180
303 105
186 553
174 66
342 810
18 803
24 826
436 283
124 513
194 700
135 964
125 569
114 475
269 57
336 697
311 236
305 706
117 583
373 98
47 463
161 240
150 904
380 703
236 270
220 512
172 769
58 715
400 575
278 555
333 990
410 491
273 104
129 149
107 378
138 956
32 904
118 271
433 817
109 130
24 92
51 970
159 775
194 828
11 314
163 523
103 365
304 867
63 902
117 558
49 975
408 51
450 882
436 559
294 762
25 507
98 768
377 804
99 53
442 469
79 977
202 320
122 513
11 104
30 893
3 91
74 910
362 36
175 450
403 125
147 3
383 205
21 447
151 435
202 153
248 252
430 737
194 787
328 507
344 599
395 67
225 583
365 389
328 235
256 749
303 121
433 930
392 54
238 614
192 219
261 853
348 889
418 304
92 604
123 545
229 102
290 13
376 187
172 140
319 332
253 64
10 400
329 724
194 371
63 284
182 832
95 656
421 271
117 474
266 140
217 521
386 958
231 438
306 591
317 628
263 770
375 689
84 102
193 792
359 221
295 763
414 860
83 252
203 732
196 566
90 242
379 135
241 313
355 300
210 267
394 743
274 592
434 120
137 947
430 267
261 657
273 323
300 602
167 434
305 224
422 162
15 145
446 588
280 776
186 28
156 907
102 417
449 654
302 749
323 194
295 631
142 428
305 589
199 490
125 382
316 788
337 414
187 678
287 104
359 805
426 197
35 455
280 467
121 833
383 186
11 1
401 837
324 608
264 176
158 658
220 370
227 236
74 20
106 156
207 991
39 529
203 514
333 876
149 751
11 375
404 52
215 495
331 598
196 319
106 951
430 132
223 582
407 916
56 325
6 793
244 989
367 599
208 341
287 75
378 345
228 518
289 732
160 590
163 488
21 816
1 863
18 272
219 208
100 501
32 60
286 260
320 381
305 498
225 413
131 371
35 798
405 754
110 739
103 797
288 77
131 479
284 406
8 117
380 624
420 398
316 481
433 157
234 902
413 460
208 901
224 490
433 610
393 597
324 460
297 270
90 308
272 537
421 260
414 78
181 918
449 141
306 922
241 388
363 265
104 174
61 384
274 395
109 787
368 934
139 615
79 558
22 333
302 694
216 301
449 499
415 444
220 969
65 360
48 51
447 878
425 385
303 778
266 674
126 747
15 718
320 543
200 149
43 92
292 449
352 46
325 777
373 390
342 70
209 41
83 56
231 700
41 273
1 253
119 121
12 804
231 221
122 778
168 528
174 688
91 567
30 17
67 136
59 190
289 191
319 844
368 932
434 89
311 207
78 14
367 762
248 713
134 709
4 762
256 785
86 760
319 842
146 93
157 890
21 210
331 869
282 185
200 485
355 757
45 794
247 989
221 477
394 905
405 163
265 620
427 60
6 831
139 2
332 217
59 595
119 890
155 586
426 22
330 36
73 70
176 357
428 724
257 40
408 542
393 980
118 377
53 37
405 10
32 778
274 596
252 961
300 952
234 772
358 409
91 414
439 640
92 867
38 669
189 946
18 931
120 517
70 384
289 614
35 588
355 264
224 911
437 994
302 929
9 61
21 523
192 496
209 849
344 763
390 243
267 997
48 301
205 12
186 234
14 822
52 540
302 993
313 116
246 203
2 168
135 275
269 134
8 590
416 416
391 669
122 882
239 617
365 356
265 16
338 262
175 873
443 903
192 689
389 242
161 790
369 872
240 902
279 899
259 529
331 593
403 973
333 251
39 548
360 581
149 100
395 429
416 140
251 327
346 316
395 821
209 510
65 804
224 952
329 831
184 729
291 101
220 531
416 731
382 947
86 879
136 523
132 466
347 428
123 912
436 454
166 768
158 560
113 809
366 936
71 497
371 614
40 5
146 721
399 592
177 207
379 218
336 885
33 752
400 343
237 224
257 902
110 657
21 779
284 48
438 482
21 795
362 609
183 129
186 580
59 377
286 425
197 164
169 349
304 753
272 985
283 161
183 470
273 143
8 140
192 415
443 140
162 114
6 286
252 642
416 239
114 468
216 618
304 369
34 517
194 868
446 214
347 889
295 65
135 78
232 593
420 693
271 758
283 528
186 55
177 706
77 885
450 496
207 847
223 166
296 906
16 608
15 548
410 700
65 829
296 716
154 999
377 235
52 437
37 141
19 53
347 663
79 887
157 638
41 478
193 17
312 923
438 454
433 71
433 677
181 389
