1800
224 841
33 898
261 576
328 184
227 748
413 919
425 204
392 833
423 202
103 412
120 415
391 277
294 915
299 418
23 968
145 713
292 979
273 305
421 346
425 34
402 74
180 102
234 202
23 729
86 833
191 237
236 549
185 815
223 478
311 84
260 453
362 549
319 654
57 274
180 410
49 481
394 753
65 248
166 367
433 887
133 843
128 160
44 385
337 520
82 623
124 200
329 498
244 148
132 434
24 389
202 919
375 685
274 770
39 724
135 57
333 383
167 196
171 558
209 941
376 370
144 150
227 965
153 321
274 58
372 147
294 631
204 307
236 280
179 299
232 439
438 386
160 943
234 48
308 679
129 688
287 404
210 724
58 38
167 545
107 90
441 178
128 298
379 194
74 864
77 809
412 124
347 63
426 278
29 783
224 919
397 259
403 155
324 420
403 401
156 218
58 337
379 587
374 645
232 147
403 595
321 495
391 157
382 705
168 591
194 262
122 774
425 431
104 361
172 144
388 444
429 612
168 469
372 800
212 937
265 671
19 306
372 665
417 86
377 564
326 109
71 592
12 27
411 571
374 43
391 337
406 836
99 492
216 483
127 337
343 331
150 189
51 322
199 427
196 171
253 794
263 522
342 479
285 425
177 167
315 283
331 704
123 937
246 710
29 642
141 896
415 524
313 732
239 937
362 216
122 497
397 350
47 931
220 371
199 120
176 491
420 216
157 881
286 649
405 555
133 550
285 135
168 191
330 500
256 602
13 490
70 393
12 967
230 666
439 965
322 472
45 849
44 981
368 10
97 709
152 96
280 35
340 476
108 467
110 550
416 563
153 620
308 954
170 702
286 769
239 636
69 140
68 296
155 465
300 688
385 273
374 42
152 775
426 482
102 154
410 266
26 641
337 256
303 314
311 907
23 336
223 442
364 578
428 772
141 252
125 523
182 183
186 1
59 365
401 104
146 625
169 28
128 266
275 334
370 991
419 999
90 143
344 488
330 223
148 91
380 221
283 164
421 667
368 83
4 739
21 543
369 232
318 927
255 283
337 560
212 160
323 55
86 269
432 513
290 912
382 744
94 564
380 911
98 633
338 760
268 393
103 804
311 68
140 850
230 647
268 370
116 303
348 845
339 163
172 903
270 432
48 759
29 118
333 315
64 400
192 237
377 482
150 86
258 453
363 306
427 943
11 645
110 445
352 648
266 417
172 458
11 755
425 17
401 254
420 832
399 840
232 619
197 565
200 938
138 794
175 882
353 480
181 971
153 667
94 683
422 611
435 542
225 22
431 993
433 531
138 988
408 275
5 706
368 241
145 26
135 689
175 984
257 823
196 739
186 281
180 24
26 174
305 919
406 287
336 384
296 474
200 999
203 4
194 651
358 181
267 615
426 316
239 839
341 56
440 971
369 795
420 189
216 413
65 223
262 642
8 705
356 705
13 274
295 667
206 770
25 378
230 111
212 843
40 780
444 967
394 918
359 931
186 374
73 942
17 771
248 1000
282 100
156 536
439 808
366 438
168 986
112 892
113 346
207 907
103 321
143 415
385 335
72 756
133 623
82 845
439 11
76 571
238 379
368 871
178 533
182 788
412 681
257 903
329 741
208 285
300 45
395 958
145 29
82 388
250 192
222 111
62 997
194 734
47 730
419 708
435 152
116 567
383 105
100 865
446 621
18 409
246 45
308 912
420 365
357 512
141 460
148 724
301 719
142 325
71 798
367 262
181 251
116 750
370 269
403 742
119 12
333 449
5 369
202 731
15 586
429 12
277 824
8 246
194 993
239 521
402 771
239 196
81 736
371 584
146 893
347 474
392 847
98 473
296 744
365 913
7 478
356 25
207 806
401 933
27 605
445 173
316 48
153 970
306 955
137 571
414 687
236 675
394 169
285 905
295 698
121 664
20 280
106 615
401 619
169 157
302 153
372 115
250 256
57 693
181 478
251 395
84 559
224 979
103 135
189 976
170 14
365 424
382 285
109 661
291 10
402 283
216 657
207 807
245 485
43 953
21 544
79 438
20 739
53 106
122 572
18 980
184 644
135 400
415 794
177 38
316 830
299 243
157 659
20 185
74 42
360 568
324 652
398 984
57 37
211 935
42 361
421 594
9 969
444 915
15 411
186 394
165 650
245 630
434 964
249 192
215 950
194 361
373 900
28 858
392 155
187 737
208 730
132 211
340 512
114 808
144 119
445 508
94 883
61 231
396 528
369 887
11 84
361 854
229 616
435 928
100 196
432 857
1 840
16 687
191 317
213 86
49 463
402 511
285 427
230 970
236 714
7 774
360 810
361 908
220 534
115 493
107 184
251 559
390 56
41 909
41 730
269 465
36 2
80 907
277 705
7 1000
68 534
448 252
180 56
99 569
136 573
437 122
407 465
297 873
319 347
227 142
406 142
357 933
256 604
386 305
68 855
323 567
63 491
313 83
18 969
317 972
256 714
14 729
166 932
165 797
421 11
266 508
96 463
277 354
403 580
437 143
163 651
73 866
359 899
423 945
291 725
208 839
323 973
309 70
191 534
132 894
65 718
311 966
234 805
288 66
368 301
62 949
318 158
124 333
4 222
130 600
245 734
330 350
124 369
276 540
151 134
435 541
414 833
292 317
366 467
172 946
140 896
237 350
167 759
132 241
403 622
407 152
423 764
328 110
314 499
152 366
211 628
414 477
148 342
397 719
62 207
181 193
402 904
78 422
1 200
174 982
447 938
436 613
248 641
75 429
78 708
342 656
302 513
382 559
182 841
361 524
383 816
154 209
57 769
147 113
325 676
426 155
116 581
6 817
377 131
77 506
182 357
9 330
308 220
369 225
67 935
18 796
118 232
113 747
162 518
146 784
150 641
131 434
349 937
345 383
381 279
415 796
50 963
307 829
15 16
377 832
114 409
243 437
249 110
332 816
78 811
344 156
193 642
270 608
115 105
179 552
228 17
136 3
363 819
47 655
308 710
58 802
277 336
440 877
114 517
264 718
254 181
360 519
65 373
216 742
417 31
446 685
24 900
150 801
286 374
179 494
64 912
377 901
408 376
421 720
97 33
393 35
425 894
250 371
108 746
199 468
272 455
127 446
418 173
29 470
337 243
115 871
202 999
344 281
35 695
50 998
177 542
2 228
393 518
29 366
312 965
179 584
231 539
201 710
412 575
98 457
92 423
138 274
10 738
323 794
413 127
402 285
397 51
315 124
273 939
430 969
293 358
69 773
1 283
287 256
51 397
55 275
321 242
349 30
368 631
390 574
294 411
345 344
210 896
388 537
315 863
30 940
363 490
254 348
183 610
301 817
401 287
408 717
76 1000
180 371
187 392
375 859
390 323
96 80
267 776
24 738
214 638
208 159
212 190
345 528
292 593
387 741
264 622
271 5
245 384
166 20
427 297
236 47
438 622
96 20
291 365
203 532
350 934
70 13
308 734
217 791
344 448
309 68
16 346
272 929
30 667
38 987
62 976
328 451
13 320
82 82
406 665
346 408
228 277
353 518
355 2
232 844
123 373
280 669
181 895
1 35
108 494
10 518
308 661
55 569
88 656
47 165
344 586
98 635
347 759
268 187
254 325
439 350
227 783
429 532
153 5
402 804
173 957
35 115
100 349
297 433
366 136
107 901
15 106
5 15
197 987
270 125
16 230
51 474
272 518
199 541
446 703
256 857
71 688
373 182
391 900
322 235
94 220
302 273
42 647
204 213
253 87
260 560
228 629
259 514
81 577
230 711
63 205
401 478
308 992
20 214
99 391
155 741
233 590
184 328
263 445
150 404
345 853
72 250
282 962
191 1000
125 126
434 45
423 888
173 966
409 315
276 425
170 893
171 638
441 679
196 9
241 953
395 617
137 70
423 942
284 26
36 229
120 804
260 558
413 870
284 899
264 760
138 625
407 828
285 744
100 834
185 725
343 495
35 329
334 692
414 578
32 443
399 822
88 201
94 275
389 231
176 76
254 445
396 152
374 360
60 947
449 161
369 871
185 703
411 761
434 532
154 685
203 586
242 509
171 697
168 735
182 742
197 922
13 531
68 361
48 128
193 621
413 53
28 819
442 56
197 306
324 28
13 918
128 66
95 432
319 224
227 59
397 763
196 310
151 626
64 793
448 537
220 446
241 74
237 947
258 151
234 710
389 70
31 347
371 636
341 6
214 373
382 965
214 49
102 413
82 291
296 944
31 785
427 483
270 776
437 841
387 614
448 192
264 784
147 720
93 711
391 495
371 591
28 14
8 862
10 112
359 667
97 509
109 56
448 38
157 630
10 972
161 74
156 305
33 333
75 166
318 297
303 112
220 57
424 734
89 516
152 5
293 856
39 942
267 206
220 640
396 916
323 750
279 334
294 969
4 574
338 186
76 703
70 244
348 778
310 712
323 619
110 221
6 486
400 664
121 103
12 143
365 874
360 471
32 237
68 705
168 386
441 368
108 101
328 144
157 338
38 114
176 428
341 604
392 626
291 918
197 756
403 763
97 334
220 478
254 689
198 763
276 302
108 962
380 740
409 484
84 170
189 715
3 387
440 61
131 506
75 397
304 579
61 274
396 924
385 611
92 507
367 771
429 441
357 252
296 703
381 158
180 853
311 658
389 771
189 758
434 865
303 287
165 618
221 789
390 917
380 242
357 166
118 963
255 113
103 893
386 324
366 895
385 391
154 436
346 487
133 363
416 497
303 859
381 43
228 814
46 751
118 536
22 439
248 289
109 882
11 26
99 678
286 331
65 743
404 567
308 874
408 424
131 604
263 473
441 756
442 265
204 12
401 37
234 584
241 868
394 710
307 66
168 679
163 207
62 282
13 864
439 828
123 99
266 299
200 436
224 256
156 694
206 654
250 661
347 638
329 108
352 117
137 4
303 197
422 169
295 744
387 923
216 16
185 232
379 867
106 900
371 456
320 850
383 194
209 83
88 632
172 451
351 138
126 678
20 269
69 233
36 269
374 605
267 44
108 642
179 299
239 364
434 50
444 612
15 609
137 62
341 445
357 473
366 586
136 144
411 412
2 510
354 235
67 424
181 31
394 722
279 512
170 618
150 446
43 181
442 11
29 981
63 70
402 936
155 334
160 224
229 821
439 67
14 821
180 605
298 411
251 519
32 190
163 663
175 708
274 635
435 177
206 908
354 786
89 567
396 956
413 698
293 551
440 723
427 687
371 478
164 226
37 885
184 414
185 483
445 669
340 419
243 319
444 702
31 617
348 761
317 446
261 178
436 402
49 541
137 416
253 868
332 258
148 912
288 996
124 509
292 161
425 926
165 352
337 487
379 133
137 633
123 670
325 88
37 786
362 407
261 842
299 735
187 440
34 979
403 669
78 213
389 773
197 274
293 375
364 931
78 545
424 401
410 625
431 872
446 8
326 450
445 338
382 518
301 90
312 157
398 805
344 553
404 758
246 802
79 293
75 434
399 229
211 624
272 578
211 46
403 272
3 58
143 226
352 77
283 789
43 910
35 286
364 181
40 286
270 474
438 277
75 882
38 965
276 934
424 601
331 571
413 459
292 684
95 14
253 236
81 47
190 571
449 423
125 165
282 249
81 430
323 37
52 303
275 809
94 228
410 69
369 194
422 667
84 410
350 851
327 693
26 155
240 822
381 482
133 60
61 7
430 177
331 914
267 848
264 266
19 348
266 612
439 644
437 299
370 288
262 794
217 141
202 878
262 760
363 939
101 432
220 44
312 589
324 315
401 261
371 343
245 911
324 213
218 438
449 169
351 983
174 93
164 135
365 502
322 618
241 32
259 405
404 769
447 296
60 234
246 762
245 876
281 219
441 383
171 807
90 161
49 917
265 19
440 876
391 717
12 759
178 925
255 847
414 200
211 629
391 660
91 736
33 751
13 780
333 403
133 585
239 592
95 805
270 660
17 626
353 544
219 873
435 418
254 299
111 3
244 796
48 76
100 839
191 24
21 883
122 740
443 669
369 309
270 707
238 541
442 150
407 454
82 4
32 694
448 744
282 493
242 399
320 995
393 981
378 738
340 988
104 344
309 412
378 28
352 293
370 24
400 79
309 782
388 509
423 983
263 172
32 96
116 35
203 11
101 536
294 783
183 799
150 850
235 476
420 430
9 794
334 596
248 477
73 300
276 33
125 33
64 76
225 640
404 663
433 215
345 494
87 980
62 94
149 751
83 562
76 655
38 255
96 421
66 222
299 586
372 789
372 71
225 4
423 411
140 970
425 839
6 656
336 830
416 376
355 492
22 858
314 241
231 983
180 915
291 515
237 700
398 275
177 689
372 255
276 975
215 624
165 295
15 832
252 941
19 359
194 373
47 378
119 971
328 474
368 143
256 842
333 586
10 897
227 563
208 189
205 847
306 227
224 958
356 154
24 706
227 178
359 327
440 94
38 226
154 825
65 751
47 897
375 65
62 743
158 346
381 148
58 157
258 656
108 870
200 798
392 410
297 60
161 744
379 909
432 952
326 319
400 175
127 651
401 669
347 907
137 280
202 983
375 971
155 385
137 7
422 744
298 681
292 470
325 244
340 545
181 936
208 549
207 433
74 370
290 790
143 446
364 34
148 902
385 533
179 161
410 388
186 500
147 485
80 537
148 271
241 90
320 328
63 733
52 798
164 774
93 575
425 400
85 746
2 330
139 287
58 711
31 724
204 675
447 923
52 320
32 64
224 858
158 899
88 394
430 538
167 566
171 671
381 723
42 612
443 228
156 689
10 987
69 698
362 952
71 635
23 514
280 280
3 492
270 7
43 977
69 631
88 813
173 26
202 178
169 304
84 197
394 461
136 986
403 413
50 254
387 333
16 539
403 423
408 855
417 717
292 62
151 267
348 633
302 64
55 183
189 356
52 5
186 618
341 458
68 619
121 112
61 731
73 344
174 102
65 202
293 372
157 264
178 276
95 504
284 494
272 13
296 804
132 33
39 424
315 101
10 694
282 810
184 61
321 26
345 408
195 969
423 657
325 244
418 477
398 32
330 359
345 702
281 522
320 730
130 295
423 830
163 183
61 949
371 521
383 89
55 444
45 882
101 899
225 241
165 11
318 498
376 51
423 38
210 85
447 658
22 168
347 909
2 361
296 891
158 565
424 415
196 331
45 57
202 269
421 562
344 357
228 526
310 132
275 507
382 686
392 75
73 806
376 569
3 907
247 719
248 930
126 262
367 438
359 312
307 447
81 48
283 762
241 396
298 371
67 185
55 435
46 636
221 224
301 329
401 226
364 151
266 653
101 548
299 974
222 891
120 214
343 123
373 41
193 877
217 887
351 100
181 719
327 712
364 267
255 424
30 670
340 661
52 728
284 707
386 1
284 757
411 169
423 104
294 620
220 616
179 634
403 493
216 625
384 967
235 261
42 258
302 457
47 716
10 393
69 902
7 233
135 101
164 911
23 204
429 536
386 648
269 240
250 367
418 921
446 692
105 250
384 639
49 702
324 847
219 664
259 717
105 182
341 496
194 399
36 309
413 3
406 705
188 481
177 606
226 826
256 341
228 16
73 70
113 169
36 984
261 559
410 223
288 412
113 110
190 934
399 302
53 200
296 772
194 848
316 753
30 703
415 933
259 142
279 94
143 769
276 662
60 821
103 256
91 303
358 92
102 672
362 528
45 366
333 150
299 408
187 15
236 744
228 499
436 1000
141 759
94 872
298 432
232 65
65 286
404 472
112 718
328 237
291 977
15 219
445 108
318 789
49 886
170 388
330 977
33 722
167 759
38 959
48 90
101 993
82 927
396 637
356 140
220 942
195 929
201 559
215 917
167 665
67 360
381 671
356 644
335 753
38 968
317 946
144 666
24 590
174 294
138 175
401 159
116 901
66 493
201 84
443 937
201 956
382 171
176 390
266 523
247 848
133 414
262 623
414 909
379 356
32 952
134 399
450 645
392 210
383 935
147 543
33 775
248 439
354 605
227 398
212 40
188 738
438 652
75 136
332 343
277 112
47 98
132 523
423 162
244 64
178 823
184 195
131 918
443 463
357 84
97 776
379 862
92 371
213 605
336 376
75 565
36 636
180 145
243 380
256 646
314 78
177 555
90 943
443 351
301 4
279 209
226 170
334 716
141 51
273 884
438 293
123 579
398 342
245 541
397 483
398 527
38 233
289 164
