1900
292 737
255 260
88 543
349 317
434 84
298 132
297 824
112 559
211 743
389 636
352 405
16 88
462 838
258 108
135 331
142 18
64 100
168 31
246 498
355 180
406 192
414 523
379 207
356 244
181 347
190 963
449 367
309 660
458 165
141 608
88 772
287 400
238 20
43 188
374 486
168 157
54 578
279 268
68 66
166 237
80 963
37 855
227 919
341 237
168 301
270 633
324 71
467 183
314 849
441 568
430 998
70 843
450 526
258 104
296 720
359 189
189 305
389 267
22 120
219 907
372 257
316 375
7 904
177 573
417 193
99 524
309 480
201 356
11 925
141 374
389 706
298 846
238 742
92 222
290 330
7 540
161 425
462 688
202 543
404 56
292 461
402 469
184 50
353 84
103 811
432 682
440 214
208 287
11 785
418 874
306 824
112 136
124 937
8 1
254 275
354 610
320 418
369 43
466 62
364 397
467 974
238 666
81 127
334 820
292 836
450 469
5 227
433 478
76 499
366 135
376 52
436 53
215 62
193 313
206 237
158 388
353 677
334 685
83 461
340 26
291 811
159 273
31 135
235 276
115 344
378 228
371 817
337 387
391 885
186 32
304 799
3 94
178 241
122 55
108 488
265 45
54 776
446 487
206 407
289 131
464 868
344 930
291 875
442 787
33 371
420 794
368 400
244 710
364 531
311 187
7 61
357 744
135 69
372 281
110 7
329 117
305 409
379 301
149 373
125 371
120 540
116 369
313 805
138 242
412 298
371 861
425 241
171 266
128 119
278 411
17 532
267 413
199 880
220 82
233 698
436 106
181 614
365 450
185 182
419 691
429 870
63 955
143 203
446 181
123 494
390 632
72 478
49 755
40 930
339 464
230 246
231 543
232 405
171 949
132 897
415 36
375 311
138 87
423 812
29 733
276 819
180 687
134 65
293 179
123 582
432 511
136 99
119 669
153 815
296 914
34 650
120 186
400 484
302 995
37 773
218 897
361 84
4 971
190 103
241 803
454 453
376 125
188 481
191 344
147 362
56 909
359 372
275 164
167 634
321 375
21 658
177 154
204 52
174 500
147 9
430 462
53 330
37 663
196 480
52 847
181 68
386 197
185 470
249 409
214 445
469 379
151 234
112 2
126 734
393 35
386 556
387 682
170 243
389 49
413 845
133 186
305 585
19 497
355 499
230 304
312 19
216 298
294 280
258 894
142 748
24 406
13 255
283 456
149 762
281 576
85 849
201 677
346 173
14 55
55 147
251 231
125 176
411 548
94 748
317 886
291 295
337 288
34 161
196 728
354 648
259 416
62 19
203 71
238 185
149 662
186 783
238 544
182 146
356 339
461 583
321 146
329 476
53 142
137 994
184 23
451 569
245 808
375 173
145 376
440 796
48 530
405 715
246 85
323 685
279 227
32 603
335 723
304 347
475 901
178 260
289 345
177 284
385 323
197 643
164 403
128 930
184 860
199 67
349 480
396 694
472 38
124 999
200 222
54 808
341 757
301 437
295 529
11 296
466 767
245 912
78 196
98 883
39 803
442 214
450 265
418 389
68 730
466 837
313 175
58 585
378 930
460 312
305 512
171 369
154 467
312 699
316 992
154 597
27 787
15 225
220 607
187 70
95 196
121 877
93 808
304 950
52 181
9 958
88 124
29 641
258 846
369 154
267 590
461 956
132 621
330 292
12 259
127 861
365 669
51 228
16 459
380 685
81 925
28 142
190 528
289 879
171 554
460 299
413 658
374 509
172 923
306 641
171 995
435 485
430 258
111 187
145 739
160 336
433 973
114 672
281 775
459 576
81 680
258 54
173 822
63 710
331 595
187 618
333 222
363 596
419 560
15 559
372 576
424 524
418 339
134 601
170 456
274 158
130 276
23 411
400 784
470 38
136 701
246 780
10 591
394 739
171 913
182 821
303 516
49 967
232 414
68 701
252 382
123 12
364 876
209 105
129 560
463 862
398 631
197 23
33 308
311 805
43 120
164 777
132 894
1 160
47 695
457 943
247 732
173 667
427 401
197 442
409 573
68 545
121 680
153 876
54 840
168 556
469 207
312 939
60 782
133 218
193 464
273 371
111 533
62 813
324 759
343 608
396 256
329 594
238 903
189 736
45 429
67 49
186 302
136 153
55 595
58 437
326 811
242 245
159 679
346 722
391 675
277 676
298 439
235 494
304 885
151 751
457 644
94 273
301 221
280 530
249 304
314 391
87 563
369 644
183 917
28 117
135 790
448 1
246 764
210 915
181 456
84 388
333 40
183 179
397 409
418 462
405 948
260 116
268 993
12 798
198 160
178 996
284 594
63 110
232 242
206 298
222 220
173 876
228 597
393 106
296 785
292 676
106 727
285 396
46 72
224 472
81 577
139 402
63 817
438 536
221 858
346 684
465 417
146 32
62 411
271 72
133 217
383 521
348 234
340 665
130 615
212 366
77 486
393 922
133 692
206 725
386 88
220 418
315 291
93 685
223 708
49 457
5 264
56 35
105 674
253 536
141 522
155 30
471 908
338 615
47 730
92 801
211 160
7 602
221 25
170 19
294 195
406 983
400 279
183 8
307 693
370 24
121 610
324 869
423 935
224 696
7 419
156 869
233 259
10 664
267 458
438 390
449 727
75 794
149 689
97 666
111 406
19 77
138 509
301 438
112 226
240 555
413 187
327 639
103 594
380 129
217 840
439 645
309 50
144 703
373 638
468 448
315 5
263 504
466 118
282 206
301 739
43 388
287 880
317 277
273 468
229 133
188 836
439 230
23 637
40 385
174 166
164 167
215 197
301 301
17 66
467 865
406 364
365 649
291 950
405 551
69 516
294 179
30 74
439 237
419 706
144 424
300 613
144 905
163 885
157 103
52 936
406 129
48 478
12 35
104 837
334 195
412 782
330 996
452 21
140 915
240 516
127 847
198 310
343 944
128 132
165 240
97 636
64 535
92 545
182 878
448 725
367 245
361 37
360 752
455 150
221 275
134 801
170 158
270 177
439 182
407 641
81 844
223 443
138 328
320 381
186 794
149 910
217 787
257 100
385 438
474 565
77 167
37 367
301 742
391 114
82 927
41 692
232 904
290 503
129 392
49 681
155 183
274 938
12 752
186 527
197 879
465 469
228 250
3 13
463 131
243 43
314 343
390 371
359 581
39 392
276 499
85 339
50 551
361 362
370 830
264 47
127 728
297 755
344 748
224 281
127 120
325 114
375 173
376 169
161 771
174 731
36 937
104 130
250 879
243 113
309 792
31 669
162 455
332 839
226 775
156 655
399 717
130 948
252 326
265 838
395 238
197 876
229 574
165 297
445 889
404 309
439 110
315 649
141 38
289 456
456 387
152 241
9 332
161 148
137 983
197 364
227 555
234 706
285 511
220 544
37 690
418 128
370 797
285 929
111 544
332 58
308 434
60 183
155 241
27 509
298 182
435 876
248 233
117 448
112 702
187 406
306 961
218 87
66 696
466 757
459 773
115 237
4 537
77 215
103 267
159 333
284 417
276 553
324 450
469 379
105 815
347 484
433 344
3 738
187 659
362 771
278 548
458 642
49 936
474 877
157 893
262 546
214 531
241 152
329 7
448 95
126 946
375 348
348 280
78 623
314 967
427 37
60 12
468 631
385 367
362 4
89 580
158 475
250 446
274 193
56 512
110 573
432 901
341 876
97 27
78 97
74 775
445 248
366 858
8 576
21 620
132 637
465 297
145 152
317 214
315 955
399 528
326 808
212 551
177 98
417 713
71 317
334 23
438 325
202 542
475 385
465 467
22 639
318 455
381 91
7 49
287 883
382 482
89 452
442 25
183 146
302 450
159 371
100 222
197 793
405 1
99 519
393 338
457 778
45 302
199 8
100 826
26 886
81 755
417 605
64 392
195 901
168 39
329 689
227 74
458 885
417 663
453 57
70 366
219 858
373 120
468 374
230 664
359 349
250 531
408 443
109 348
50 872
475 91
41 933
106 930
18 667
323 120
426 938
303 127
9 615
277 524
150 145
447 846
165 863
382 416
211 764
335 816
254 254
365 589
22 890
399 373
14 932
82 282
398 45
265 682
125 492
27 833
92 776
61 309
77 908
60 525
266 685
81 249
369 789
348 721
185 793
452 481
38 611
334 642
459 408
49 164
231 563
185 138
342 436
108 189
9 964
211 984
312 653
349 193
49 872
446 868
372 448
362 878
401 194
168 838
152 56
374 657
432 555
7 941
93 787
305 407
61 569
334 636
119 519
255 838
421 210
242 339
134 364
323 316
32 119
393 157
438 628
310 593
420 9
339 903
156 246
51 571
374 138
373 254
223 215
235 22
291 491
318 957
77 493
110 114
389 330
240 884
339 599
471 618
467 40
271 361
190 802
78 422
460 708
411 420
312 417
61 506
460 910
84 935
397 341
466 322
131 554
273 479
233 567
149 175
174 568
378 740
106 540
78 959
391 965
285 695
118 27
78 536
459 958
325 775
329 33
63 711
440 134
295 789
18 846
464 780
412 757
20 493
65 188
169 661
98 157
430 244
265 498
362 626
90 372
327 760
203 275
24 112
262 178
200 534
206 651
362 53
401 349
59 839
236 343
389 233
443 907
334 346
138 637
331 303
425 149
125 917
474 626
160 459
407 477
421 625
316 973
26 588
408 844
408 713
139 29
299 1
363 402
126 408
243 954
272 540
117 574
188 928
74 883
311 523
216 877
237 275
193 491
340 610
326 948
40 755
194 772
252 664
97 416
74 63
176 288
24 286
149 746
308 478
272 824
274 981
368 426
59 340
410 193
318 176
235 264
437 394
362 46
470 759
316 849
212 946
341 494
289 77
63 295
337 65
134 495
199 94
246 235
466 517
392 163
73 345
101 622
180 639
44 416
56 606
133 207
203 361
65 702
344 468
424 454
192 279
40 253
314 448
218 614
42 652
76 699
121 230
157 789
390 491
338 633
304 597
441 612
464 275
160 460
186 292
259 515
326 650
180 819
51 947
35 466
429 59
29 184
402 929
50 342
458 980
390 947
457 534
228 402
229 381
222 293
86 704
138 862
419 887
212 268
420 769
31 766
376 278
244 770
139 24
192 522
57 710
194 923
153 571
36 446
54 785
336 533
98 158
206 50
261 219
428 650
107 388
286 117
437 624
330 39
218 905
98 995
379 687
120 288
434 537
16 993
10 779
122 289
211 298
321 918
14 123
199 640
283 45
474 272
413 115
473 899
46 96
465 189
329 750
155 741
224 12
38 178
127 737
86 622
100 47
251 357
2 543
232 186
246 47
191 771
56 102
102 960
131 520
284 706
302 501
49 747
342 451
395 701
249 908
288 912
283 559
4 960
297 422
308 215
4 391
417 486
223 148
146 522
344 852
81 634
453 277
181 913
359 601
265 958
307 425
237 820
321 684
360 239
407 64
127 868
251 370
459 418
159 956
408 536
155 97
118 761
346 166
69 27
48 206
35 607
312 840
61 605
190 755
43 516
270 960
275 7
155 200
253 857
299 323
60 670
129 988
165 863
391 197
379 233
304 530
234 432
163 742
367 557
108 269
469 718
448 561
404 381
379 631
128 202
350 370
200 656
23 295
281 528
335 810
178 185
428 151
116 732
27 814
337 328
218 113
462 362
475 828
165 557
5 910
200 389
226 823
389 738
413 120
33 854
389 79
330 146
403 159
389 161
161 505
23 758
455 190
252 188
154 147
86 39
281 923
51 178
192 487
74 744
155 938
218 324
224 109
118 618
6 403
120 186
220 950
365 765
271 10
110 218
146 557
394 40
281 144
88 139
229 173
381 303
290 573
290 32
308 782
7 742
157 927
210 825
91 738
413 792
279 283
107 441
468 462
441 590
182 982
273 751
304 860
90 265
150 762
361 968
32 422
407 975
117 905
214 213
272 408
19 606
342 517
228 202
66 585
94 525
377 141
378 245
37 514
53 606
132 969
82 903
338 616
220 364
342 565
37 754
134 481
292 922
99 496
344 126
363 277
362 855
458 154
237 332
156 678
450 25
63 987
457 143
311 550
465 470
409 731
157 863
126 813
93 305
210 87
235 989
469 847
384 486
7 462
214 421
444 672
473 117
237 127
342 609
220 261
251 815
127 165
402 810
28 878
20 637
432 506
111 9
408 61
303 597
303 935
127 176
168 496
398 777
472 579
14 822
12 268
369 142
206 364
258 54
109 977
454 200
419 959
130 657
324 215
343 498
274 542
227 235
229 33
45 29
277 48
299 504
189 973
138 125
6 196
103 496
470 636
228 678
12 443
154 981
77 601
417 616
163 54
393 978
386 529
297 429
121 422
54 303
12 475
145 708
106 584
66 417
367 751
282 414
25 942
234 231
370 245
377 681
434 823
152 300
115 108
411 291
376 233
73 923
132 197
324 564
49 109
351 875
103 62
73 918
138 309
471 207
474 605
321 263
244 656
144 640
251 655
35 813
452 769
362 689
176 434
28 350
209 686
353 583
462 704
116 926
149 811
62 813
109 640
465 191
236 270
349 418
229 194
296 251
38 395
10 322
364 688
217 31
25 647
425 817
89 672
287 307
260 870
410 585
181 858
121 129
313 586
20 437
254 530
473 149
280 464
285 359
120 433
473 235
39 323
318 623
456 906
412 580
440 683
297 914
141 999
449 977
468 508
275 184
424 570
40 851
271 920
324 5
353 612
438 105
252 259
473 789
138 74
421 207
445 238
34 485
296 483
122 905
67 793
466 645
449 478
269 547
333 891
262 653
341 303
229 585
124 176
125 901
90 579
314 239
393 281
167 323
154 998
329 267
258 845
96 157
61 957
230 391
365 483
303 23
354 777
413 990
226 723
195 677
382 8
95 119
358 380
311 654
130 93
315 674
391 608
361 626
352 825
317 276
255 94
136 192
437 897
442 270
167 173
355 815
218 369
333 457
61 72
106 991
109 164
416 469
344 795
294 112
55 912
354 836
44 944
10 248
186 840
27 554
206 429
150 210
141 953
376 674
396 919
137 434
166 22
436 514
55 628
75 713
330 318
159 721
465 854
346 887
339 336
352 795
49 943
318 897
85 158
367 195
177 912
369 777
1 133
108 710
475 398
452 338
78 187
184 823
270 504
278 465
114 70
238 471
321 738
438 797
208 8
73 415
151 909
113 64
7 466
310 703
235 473
42 907
345 269
383 548
354 188
324 543
442 552
238 949
151 978
241 317
56 622
158 126
206 967
469 779
237 320
11 683
45 348
404 392
344 347
285 610
331 598
439 803
293 338
123 534
112 497
35 374
89 129
390 658
420 829
95 552
456 709
315 725
172 67
313 209
98 591
184 768
150 46
259 644
433 31
374 614
281 545
175 525
344 145
274 710
81 130
235 491
173 705
411 507
16 280
430 64
13 473
472 389
307 333
447 962
380 829
273 808
327 733
429 880
257 608
147 644
297 171
183 110
296 254
290 136
238 610
261 586
251 7
430 668
440 409
421 471
159 710
34 482
227 865
170 871
153 792
273 597
455 239
288 746
442 135
125 280
290 461
450 191
245 125
119 315
402 988
86 315
70 532
163 498
435 244
372 311
191 985
213 581
251 356
247 23
410 400
258 854
102 799
210 394
77 916
242 998
353 118
293 562
404 691
173 5
351 683
316 402
237 323
402 496
148 550
102 345
33 385
61 930
442 824
272 26
475 850
56 544
180 669
86 823
141 603
201 250
432 467
73 852
216 258
207 546
367 236
185 923
397 790
131 477
149 408
162 339
165 910
324 118
27 57
222 372
327 71
458 406
94 208
269 831
360 9
350 204
183 306
119 339
311 183
196 174
246 946
42 527
206 836
185 418
332 264
364 137
161 27
363 999
469 326
460 559
443 973
390 331
186 995
170 651
281 713
155 371
22 493
276 298
351 163
271 975
159 206
207 908
255 61
135 209
473 132
332 63
16 813
312 388
272 774
407 876
210 911
293 898
124 61
138 32
92 817
206 422
55 742
178 465
263 618
347 273
19 930
8 738
334 929
355 148
393 758
359 256
244 967
340 951
288 406
437 540
102 355
170 900
12 743
32 144
464 730
401 478
103 318
473 488
474 616
50 161
381 925
405 733
437 625
402 966
266 745
58 310
347 519
152 398
238 352
306 432
168 914
243 487
418 972
363 621
230 199
334 906
66 870
424 348
356 585
195 341
261 518
187 233
55 768
216 341
256 541
472 740
102 123
170 239
33 331
83 777
68 304
24 432
167 754
177 976
57 580
427 647
181 848
109 234
188 805
22 582
410 737
229 307
159 611
84 265
285 505
68 938
23 645
79 454
470 170
413 644
354 492
367 990
350 764
195 409
227 54
41 429
415 712
141 42
273 132
61 348
274 237
311 868
196 182
345 672
329 591
447 146
420 154
185 259
464 442
158 328
106 574
47 12
380 963
265 86
100 396
140 359
441 848
49 336
166 376
440 9
118 418
311 806
267 711
354 300
395 870
72 114
63 816
39 385
278 731
375 507
52 811
474 6
448 886
161 733
254 368
377 647
96 54
40 782
299 505
153 363
434 23
398 223
468 896
193 607
101 231
456 639
74 406
328 621
419 933
258 368
230 562
383 914
7 926
438 345
