1800
146 786
258 378
228 924
449 960
360 503
96 796
9 416
373 893
344 490
210 899
200 182
213 208
180 122
213 486
269 591
230 772
165 822
299 419
226 975
317 16
183 121
221 209
278 950
281 389
367 653
32 559
401 572
263 990
71 400
221 685
345 548
354 336
42 790
73 585
257 422
62 819
116 992
191 262
33 445
44 598
136 603
370 412
351 218
404 29
77 711
233 35
30 631
70 393
184 18
419 749
19 40
257 719
196 786
403 562
202 933
83 331
178 304
155 797
274 696
27 766
356 345
192 444
357 813
284 689
267 233
182 561
124 497
233 274
239 218
342 345
243 640
20 783
69 431
429 931
365 689
58 508
53 284
147 322
208 910
167 226
45 666
216 344
120 91
303 471
333 987
294 318
31 279
315 71
161 294
33 896
319 983
412 777
168 717
217 406
163 602
358 213
346 368
333 147
102 589
436 754
175 36
296 143
180 279
158 378
248 580
379 784
6 829
38 600
131 947
272 913
416 516
252 719
64 363
26 191
305 258
107 203
311 911
294 561
420 422
441 811
119 167
128 981
3 333
48 974
99 46
392 176
398 900
264 243
145 486
339 335
104 144
66 869
184 472
73 71
440 660
343 939
202 760
156 408
101 967
18 253
233 102
384 491
346 808
399 368
244 68
228 101
327 699
342 582
116 338
345 77
68 146
316 365
10 543
154 476
24 463
397 452
13 621
216 791
375 757
381 727
106 23
187 606
359 59
72 776
234 695
434 596
356 128
209 825
172 988
106 950
89 414
35 725
288 589
184 145
444 230
317 879
333 368
76 197
309 807
330 604
363 39
411 565
383 505
52 581
112 876
402 367
360 734
414 134
116 832
71 653
82 833
108 728
111 705
217 636
279 286
40 481
413 26
165 152
165 844
249 226
243 580
444 596
385 278
58 623
286 179
387 837
192 562
365 264
39 422
355 635
273 960
81 243
173 930
265 177
75 580
450 274
379 462
349 46
296 155
269 461
40 84
165 699
192 376
193 609
131 23
148 834
300 666
91 458
335 357
114 486
25 988
441 401
210 233
275 577
272 471
222 45
31 864
66 226
394 979
244 424
406 807
449 278
396 119
83 347
426 170
141 865
298 283
245 94
217 402
318 93
301 478
125 223
84 913
179 954
159 654
258 54
293 715
354 462
48 746
51 499
304 265
39 89
212 668
214 46
233 137
174 600
423 6
304 368
36 50
448 625
37 494
224 162
335 653
235 75
223 19
228 71
219 605
39 31
332 500
132 115
441 786
158 365
335 115
173 416
414 727
39 220
44 63
328 950
61 277
197 970
408 246
37 658
280 198
435 839
318 860
434 88
180 534
101 342
443 995
88 185
134 568
264 549
68 534
32 643
240 509
219 293
46 248
40 816
371 471
416 679
338 606
289 801
160 298
230 198
363 906
133 831
105 99
216 516
132 691
431 563
381 129
259 362
207 137
434 526
238 167
344 290
291 415
301 314
113 171
158 290
386 424
232 539
14 183
180 544
317 11
408 276
280 425
125 223
407 398
133 116
381 768
406 529
144 517
347 741
257 197
254 193
370 931
294 639
299 660
144 884
349 417
426 710
67 11
269 656
174 1
45 831
418 406
319 253
101 818
422 435
25 675
386 417
158 708
200 394
160 329
105 471
220 115
447 397
201 376
223 323
181 657
385 507
412 446
444 990
282 844
339 899
12 726
189 457
1 887
71 732
230 207
278 856
81 107
33 673
100 580
205 252
257 397
270 500
58 58
52 727
47 45
28 30
383 306
140 646
304 501
379 934
439 420
152 574
168 119
172 831
123 460
402 677
194 847
213 465
449 776
363 623
61 196
266 207
388 343
222 217
356 35
309 153
291 87
50 157
209 790
313 390
149 556
384 976
195 800
280 150
265 946
35 921
281 473
415 149
171 828
131 589
270 126
160 54
84 101
337 449
446 840
161 379
70 24
113 821
379 783
115 898
423 278
86 825
258 335
96 643
391 620
299 311
252 309
418 807
16 620
298 843
360 658
94 742
204 359
170 143
175 569
432 328
262 133
376 585
65 426
103 649
239 114
394 83
431 438
296 50
186 931
322 912
312 176
437 391
273 817
204 688
30 265
112 22
232 488
420 397
327 934
59 247
251 35
303 672
343 773
324 423
433 4
431 260
122 781
145 274
232 649
328 130
402 834
20 802
224 317
416 525
376 790
88 360
75 864
428 196
147 9
340 104
18 369
284 172
401 356
16 652
405 833
313 360
17 365
273 560
327 342
39 338
354 199
428 573
174 983
401 846
283 758
177 283
371 653
69 696
329 936
361 720
190 33
195 541
293 392
187 204
291 805
43 969
345 563
408 545
328 611
7 781
305 937
321 528
351 593
30 582
334 287
315 264
2 605
355 431
236 794
42 707
62 256
62 486
267 213
170 892
437 367
394 482
373 829
334 89
263 519
276 834
402 342
293 522
418 323
197 942
249 108
84 214
15 211
192 767
204 412
441 330
143 141
44 614
423 58
427 473
268 588
93 275
262 355
141 27
114 839
442 486
279 144
247 500
51 104
245 975
371 690
250 209
351 85
58 679
170 697
139 93
159 83
300 454
139 880
185 751
357 704
88 972
316 787
25 186
187 347
375 187
128 765
128 69
259 72
303 428
131 115
10 44
93 946
55 752
245 269
126 923
353 827
195 292
17 182
27 418
437 702
14 159
264 375
72 88
160 537
318 259
310 499
445 741
118 599
221 970
356 750
49 281
303 947
397 845
286 551
296 974
425 77
121 566
324 564
338 257
165 645
311 672
136 59
313 515
281 756
22 542
112 1
77 894
1 754
150 67
278 49
389 945
372 762
436 877
385 407
368 566
125 556
49 682
408 778
219 138
249 623
30 568
226 490
143 455
350 553
33 558
106 897
260 660
130 483
269 207
242 559
256 464
199 587
373 196
142 917
188 704
443 973
362 797
224 250
431 188
328 856
226 731
101 110
147 984
158 592
172 581
173 186
368 445
235 542
111 761
390 548
86 943
18 60
260 328
221 204
300 163
94 236
378 474
251 720
424 280
195 360
272 26
18 981
396 144
14 818
383 20
229 804
49 605
169 595
99 581
264 51
342 664
310 672
72 591
169 104
318 235
366 713
211 84
435 882
60 142
109 13
226 272
403 963
374 241
410 152
160 697
146 426
217 528
162 188
324 62
327 956
157 724
12 837
234 977
8 498
201 473
53 389
420 729
448 640
190 371
402 835
369 348
314 443
105 563
329 867
132 624
284 436
447 37
347 838
35 195
258 946
9 278
355 758
323 299
344 615
341 690
262 132
189 620
437 970
384 991
358 888
140 87
258 627
138 606
153 119
292 932
187 751
253 22
135 159
280 997
192 841
279 767
407 538
345 815
393 971
1 782
248 714
216 57
206 641
46 496
178 175
18 118
181 909
392 349
88 1000
174 969
427 306
44 208
46 763
157 425
289 569
13 100
196 706
81 317
445 238
442 618
184 78
37 155
89 891
167 167
309 416
364 175
9 814
202 499
70 630
396 543
100 35
104 474
299 909
288 460
196 720
442 424
231 452
273 487
314 122
18 523
32 657
296 959
17 53
197 583
213 695
225 115
77 515
130 129
103 999
417 243
166 741
430 350
178 329
446 745
287 992
55 461
9 678
409 825
37 248
341 446
177 752
37 892
52 955
378 656
112 826
220 596
441 504
221 948
10 863
368 606
434 622
129 757
44 322
230 146
387 332
12 813
336 161
120 753
269 251
411 65
387 96
424 340
370 980
211 426
105 311
104 767
304 768
179 825
77 817
320 183
220 469
168 416
202 957
94 639
90 805
15 886
436 426
286 860
107 662
314 495
39 966
420 416
226 205
71 738
64 243
308 537
252 594
313 505
36 508
393 111
94 256
446 3
124 666
408 81
63 297
255 21
44 887
43 669
46 928
167 241
14 132
242 340
309 511
152 586
374 976
351 441
433 328
135 633
312 379
282 919
370 347
281 594
210 954
207 139
366 452
213 198
198 70
105 352
236 155
143 833
359 363
257 853
183 767
190 158
50 286
302 910
152 550
348 664
98 301
238 810
153 30
7 710
234 992
177 567
161 243
88 724
128 910
255 253
273 940
68 900
158 479
64 711
432 310
173 686
233 530
426 577
107 912
71 974
303 542
285 911
35 650
188 377
334 758
239 214
233 560
337 935
30 191
408 658
58 990
198 357
158 960
20 349
60 772
104 835
50 822
385 714
303 117
130 911
266 98
92 614
204 947
160 828
157 866
210 22
407 757
237 418
96 788
115 166
279 31
424 415
435 228
338 358
157 514
267 929
398 618
367 215
75 528
66 41
162 950
401 370
204 205
80 802
293 45
160 183
122 859
136 546
74 852
49 529
189 59
157 623
58 965
314 235
317 847
327 445
34 689
89 723
311 622
17 574
324 74
354 574
76 74
278 582
246 817
331 201
127 333
367 238
306 771
334 572
255 350
329 177
78 583
300 11
256 817
155 232
52 276
323 707
226 999
190 131
433 129
11 505
319 537
270 943
1 908
394 427
381 254
421 512
130 260
417 531
436 297
320 857
250 804
338 236
93 123
84 172
437 86
54 669
202 476
292 777
151 804
157 343
245 612
294 923
419 551
88 719
252 285
438 219
59 3
51 367
265 799
181 538
36 968
288 987
69 730
225 327
140 839
120 285
25 74
402 853
377 987
5 573
156 870
65 691
396 834
340 292
225 438
289 970
89 548
62 836
260 190
140 253
401 110
431 806
199 574
13 385
175 83
358 578
119 101
325 448
232 941
105 245
366 245
443 367
59 2
138 734
341 513
356 777
203 324
402 854
381 238
392 26
190 49
240 698
353 535
234 481
237 399
116 857
123 925
34 450
45 392
172 465
118 627
176 635
323 680
398 772
303 331
313 590
17 720
344 414
10 636
345 162
182 174
76 175
214 540
103 546
446 238
257 180
72 758
63 287
387 454
28 659
412 412
326 314
391 387
238 929
161 757
409 276
113 365
101 312
298 824
151 134
129 957
280 94
35 846
180 58
398 670
31 66
210 469
181 896
360 283
331 596
52 172
255 361
308 246
200 581
284 4
341 658
57 917
294 19
8 573
335 378
118 702
96 625
31 168
175 921
368 955
102 216
210 897
152 661
69 210
299 121
276 113
445 267
210 296
420 360
98 806
123 425
83 661
217 774
321 662
387 102
188 112
195 828
110 983
274 714
319 914
14 808
405 92
361 197
263 36
250 744
66 156
304 300
62 173
10 944
107 564
267 502
2 730
102 950
224 732
371 37
236 350
303 983
364 666
243 910
164 572
160 193
90 953
269 448
38 236
13 450
319 111
181 6
130 950
296 215
266 11
390 190
242 53
183 113
274 327
269 696
93 973
335 216
106 108
121 343
86 146
332 460
335 754
426 820
329 181
112 437
308 808
402 469
327 530
181 932
196 212
194 225
117 670
66 818
261 598
439 524
51 293
312 451
274 356
71 951
135 838
128 883
96 100
411 866
92 966
229 787
316 740
2 328
226 562
404 322
332 285
19 493
388 567
223 339
2 419
317 281
372 441
380 561
380 471
367 245
80 245
217 855
68 658
182 305
281 242
34 655
157 811
56 872
143 918
193 58
352 795
118 591
306 849
77 415
18 172
252 272
179 987
105 984
17 102
168 815
397 491
412 358
8 8
144 208
44 501
224 78
108 614
330 686
47 8
224 306
148 277
90 624
202 778
372 773
365 456
348 455
345 776
318 792
164 761
364 240
247 409
362 657
33 224
126 698
279 447
50 54
299 301
262 827
9 143
434 132
147 856
131 444
434 977
166 805
446 230
112 772
267 231
409 297
218 982
104 78
107 869
340 521
261 650
133 447
43 739
57 728
221 783
249 660
303 40
355 688
157 107
261 482
261 115
280 932
448 228
149 959
258 557
280 727
209 788
362 754
393 309
284 485
359 623
53 684
161 311
171 74
191 367
315 590
11 715
185 3
54 781
128 886
157 315
375 292
202 609
96 533
282 489
315 910
190 167
69 547
447 31
139 488
171 853
194 298
252 416
210 321
434 143
242 668
161 245
409 792
43 887
128 929
6 585
151 460
226 158
121 296
247 125
59 277
305 97
336 58
180 325
140 548
430 67
327 430
262 784
419 817
289 680
258 618
338 260
263 454
206 94
328 469
287 496
3 647
375 299
261 93
43 755
221 729
178 588
281 828
58 956
189 455
99 499
352 958
55 661
304 53
52 455
108 644
135 23
401 806
61 656
141 80
338 139
156 311
22 578
167 901
98 516
290 228
90 350
180 557
106 770
225 687
173 152
244 901
198 354
81 206
115 565
62 578
230 73
176 427
130 661
282 412
199 655
419 928
426 135
337 113
208 436
338 603
177 990
46 194
270 632
123 155
181 792
345 348
109 623
372 527
68 73
267 895
89 795
146 274
42 864
262 575
417 712
186 301
200 290
422 156
310 5
316 32
310 449
21 1000
171 750
56 990
242 266
385 845
205 75
304 186
174 252
229 946
24 829
297 215
425 98
368 552
89 469
279 970
97 842
384 486
417 914
349 970
257 778
39 498
81 22
267 50
132 159
121 619
106 137
258 296
191 430
254 578
95 96
144 450
373 646
448 1
141 268
16 305
152 687
156 169
66 127
48 816
367 728
262 363
47 403
379 18
8 610
171 763
143 932
104 258
121 147
388 4
359 357
118 818
378 913
178 35
274 183
446 329
265 125
7 716
5 528
229 616
444 295
299 450
381 239
156 864
23 647
422 667
118 859
282 121
334 314
348 638
370 364
60 227
121 722
181 492
238 257
38 358
30 432
21 391
411 843
378 141
50 488
11 808
389 910
411 876
52 837
189 84
337 657
89 339
104 585
415 919
288 557
277 72
330 391
328 604
159 250
343 757
386 833
179 376
32 282
192 655
289 102
40 429
274 996
366 506
396 722
228 84
119 369
20 508
391 427
91 617
72 908
374 975
108 557
316 781
163 34
214 149
224 492
91 304
60 30
294 213
357 631
328 413
364 657
69 830
16 236
434 206
71 735
64 64
86 695
276 822
199 157
19 159
236 716
98 423
439 690
305 6
212 252
245 911
50 102
293 351
124 188
247 224
80 476
118 475
429 377
283 628
248 14
263 921
403 458
37 146
447 600
329 656
157 620
222 928
305 405
271 255
263 985
286 768
46 771
99 935
86 677
174 83
202 254
164 392
22 158
8 731
93 45
216 966
3 223
274 737
310 584
211 992
14 605
245 322
105 489
295 237
338 869
190 799
329 875
120 399
267 114
337 160
262 284
124 565
409 71
299 523
187 333
81 229
10 299
1 83
188 77
5 945
16 814
231 268
257 349
92 855
341 59
370 756
26 28
128 465
256 337
216 902
73 723
13 858
277 684
151 376
371 984
316 739
173 96
166 208
314 290
40 441
260 588
305 418
86 183
162 567
376 309
337 157
109 311
343 156
154 110
215 824
40 496
214 277
213 436
425 320
11 687
148 1
226 350
405 55
9 409
26 933
201 805
353 104
19 205
179 302
339 117
279 176
190 452
431 957
418 845
328 501
339 39
91 467
242 658
260 811
147 637
11 396
364 774
368 573
165 476
128 745
351 317
142 236
252 567
71 474
410 486
180 379
436 470
140 300
367 513
424 528
280 35
206 930
189 271
302 461
319 598
74 938
155 599
90 872
329 794
449 473
417 615
365 797
160 91
320 772
429 841
404 824
105 967
263 212
103 613
20 809
41 924
260 385
154 160
274 584
16 22
238 213
334 61
279 544
318 155
9 356
415 229
289 66
150 860
448 29
297 967
90 862
71 108
406 707
443 115
164 220
48 949
360 71
317 719
42 564
227 427
208 423
393 210
314 868
431 254
258 309
21 704
210 207
308 288
384 207
369 512
172 934
97 82
344 617
7 660
153 310
260 602
229 95
11 658
283 382
378 345
145 489
318 408
241 49
366 783
371 660
202 958
386 485
394 880
352 642
353 53
424 605
313 942
80 752
60 767
141 458
160 270
50 148
445 365
45 890
215 959
225 947
227 838
126 691
67 833
440 763
94 921
368 940
187 375
26 63
242 341
106 380
174 946
437 140
232 658
36 538
312 511
144 971
254 377
207 753
