1000
40 55
195 356
4 710
17 839
92 247
180 123
161 777
190 916
5 967
22 342
198 856
162 721
93 947
146 220
134 798
92 623
90 224
116 415
183 633
163 60
65 189
126 214
48 770
145 71
12 435
26 385
101 67
38 238
179 49
114 184
7 901
90 439
53 633
161 838
206 526
144 740
102 843
186 693
146 791
101 284
103 97
176 904
41 725
27 35
223 882
21 567
97 749
183 914
214 806
28 390
138 331
82 387
163 831
39 373
100 873
174 603
91 351
87 466
179 391
175 655
210 431
75 190
240 215
2 478
212 24
172 567
127 419
127 784
172 855
71 203
135 433
64 83
249 68
150 171
128 341
184 241
56 446
13 53
9 178
208 929
166 554
89 355
189 216
24 869
236 18
155 375
121 467
105 478
86 349
246 769
195 465
219 961
46 615
232 887
138 564
102 203
69 236
146 398
124 100
248 266
43 309
156 722
112 149
45 924
131 647
77 331
176 413
148 31
129 752
63 671
142 293
182 646
108 398
245 976
92 97
53 319
147 829
102 943
188 740
56 700
158 95
56 7
21 706
177 775
229 835
115 864
65 454
200 794
70 335
125 533
12 123
92 472
220 996
123 16
122 199
246 323
159 189
41 197
225 574
42 917
29 618
183 666
164 330
166 928
49 918
246 683
27 71
69 549
72 94
167 912
166 785
223 533
51 167
123 179
35 920
231 494
12 120
52 182
37 77
98 471
108 687
115 932
65 30
140 906
162 587
98 41
204 5
163 644
64 721
242 66
54 915
228 486
54 442
230 394
70 193
77 830
242 954
237 581
180 488
157 423
247 80
84 743
154 633
238 895
137 468
206 291
149 264
190 999
130 784
45 653
244 14
184 313
71 693
245 943
35 229
180 690
108 871
150 694
34 723
36 477
169 20
28 742
90 145
235 551
83 974
149 626
113 542
128 799
227 288
227 741
247 956
52 266
30 331
49 439
59 151
158 305
16 709
47 941
179 632
126 879
205 892
1 209
213 968
208 766
163 377
180 372
183 157
111 78
137 773
241 870
167 256
125 760
170 784
160 345
75 403
87 558
111 293
177 812
10 260
221 446
176 473
52 187
145 27
186 457
70 69
114 459
49 895
145 655
226 616
238 780
137 10
113 403
117 965
29 207
214 932
114 911
106 266
186 663
121 721
61 406
181 913
17 16
43 933
7 425
69 592
37 426
54 451
250 303
32 141
153 345
75 617
8 280
220 574
58 814
193 865
5 801
11 604
208 921
141 964
117 64
78 832
1 532
224 575
188 2
47 7
218 839
14 807
85 753
1 243
139 873
70 989
88 679
105 130
43 255
248 504
135 766
76 338
41 720
13 231
152 400
13 112
168 423
60 359
171 227
26 521
93 274
41 436
14 24
90 345
109 738
203 785
213 963
60 679
23 852
147 29
176 771
247 373
135 569
212 692
187 934
98 380
234 365
160 74
16 430
49 706
166 341
88 59
62 104
100 38
64 528
161 525
191 72
37 848
236 930
7 514
233 523
138 512
7 580
40 686
130 232
228 895
174 60
73 142
58 76
175 562
114 686
172 34
98 977
133 652
242 936
119 3
115 448
241 814
122 812
179 102
24 49
44 332
88 478
233 201
30 474
67 641
234 151
163 152
227 926
102 893
249 910
127 411
200 703
220 514
78 797
32 342
96 191
138 19
237 679
200 814
197 323
89 905
197 415
186 157
177 221
198 101
227 778
4 482
127 574
30 998
200 840
79 411
8 369
202 785
111 14
169 275
60 679
9 905
190 75
33 15
197 374
78 107
209 722
233 282
121 344
1 402
73 346
236 483
244 24
38 310
128 686
156 958
42 933
174 176
132 258
72 696
164 678
46 679
169 544
141 660
164 517
170 682
39 343
108 886
148 50
5 737
244 923
41 878
43 332
69 731
196 553
104 912
132 162
47 444
24 965
111 83
170 818
49 906
229 155
130 839
42 539
149 353
63 536
180 974
157 730
193 446
228 645
11 298
210 728
201 198
204 813
8 681
121 200
37 712
1 430
235 677
100 578
139 123
22 422
218 713
40 631
53 903
184 809
55 737
8 82
24 293
135 835
249 450
58 371
72 452
250 141
61 36
244 417
243 25
102 933
15 629
208 187
154 338
65 109
202 796
38 986
5 18
139 533
112 754
185 594
101 688
250 619
223 152
123 994
193 829
237 445
92 992
4 508
213 134
188 966
206 216
130 646
138 592
148 853
30 320
160 347
34 130
130 782
112 714
101 921
142 738
65 87
55 574
196 925
170 94
135 789
241 769
188 860
16 960
231 830
197 259
76 573
192 469
249 804
62 610
190 477
13 920
26 433
70 62
207 678
219 20
109 691
54 466
188 967
180 50
232 555
17 960
227 92
243 161
152 880
189 857
171 1
190 404
5 641
205 451
47 835
30 14
14 349
229 257
77 395
225 389
110 985
32 47
210 102
200 862
41 477
9 596
30 341
181 442
207 182
119 148
158 21
81 25
66 802
46 879
62 570
221 367
166 797
230 529
211 950
2 145
31 558
209 911
64 22
125 801
234 847
216 41
120 517
47 867
143 522
51 850
87 198
123 45
73 781
192 92
141 552
219 588
18 549
228 437
48 117
169 409
202 60
150 258
198 548
65 426
151 509
95 551
215 613
156 244
114 419
64 859
181 883
99 529
217 651
78 909
2 889
74 622
217 505
143 335
136 300
136 196
96 578
187 796
205 299
27 128
47 858
160 991
40 323
182 78
54 59
18 211
1 867
84 932
63 279
94 359
108 262
59 143
141 179
238 204
176 603
242 449
61 416
110 161
168 563
44 539
99 692
40 970
68 744
69 776
143 735
178 371
241 458
102 590
208 149
81 319
51 772
171 938
87 1
137 185
138 443
115 981
210 554
119 618
148 542
138 959
14 339
221 651
146 405
185 341
242 21
154 689
122 859
142 38
60 61
54 915
194 502
187 501
96 655
110 982
76 220
242 418
127 166
243 644
52 535
216 612
235 696
215 986
118 371
79 519
51 322
195 283
6 941
53 312
242 638
26 372
95 583
154 601
22 862
94 464
31 54
160 677
48 370
153 259
212 26
53 39
124 345
71 916
9 30
194 436
221 570
50 345
12 874
125 559
16 491
129 776
46 85
56 191
64 214
120 885
199 841
51 88
2 615
86 140
2 378
164 958
230 643
172 287
66 596
145 507
218 454
239 920
178 801
206 318
39 410
139 265
192 167
238 457
210 95
44 735
173 621
121 855
135 952
139 907
119 524
189 948
205 461
40 794
169 740
77 113
168 207
31 48
157 285
90 49
46 234
77 956
35 85
34 316
210 173
62 689
212 321
77 393
209 223
76 673
201 306
69 547
11 810
8 206
21 977
214 648
52 76
180 656
205 29
100 367
183 872
27 545
98 640
49 227
115 766
85 177
83 337
208 772
207 467
83 794
162 521
161 234
98 902
98 446
27 742
105 682
245 152
240 667
159 653
98 527
168 324
45 193
37 692
103 22
212 874
151 453
133 422
174 139
151 547
242 155
20 353
188 945
128 215
157 227
3 816
97 104
232 488
7 728
37 893
153 367
73 507
236 368
114 334
227 194
131 486
93 17
72 201
46 827
103 288
152 961
99 764
145 963
211 537
167 128
247 961
178 305
212 301
164 393
32 35
59 657
204 919
137 579
12 178
151 701
167 523
40 834
187 288
226 7
238 466
243 892
220 191
55 225
58 486
194 448
26 710
46 216
117 790
213 367
125 369
46 479
79 97
49 265
231 575
125 145
130 682
150 636
77 317
26 161
153 945
86 848
147 897
242 684
218 180
135 811
24 173
241 653
32 687
44 552
219 442
129 628
221 771
142 203
145 217
13 834
166 481
37 428
248 65
94 92
29 269
123 650
157 651
126 763
162 283
218 563
7 631
199 426
205 667
236 572
93 87
165 608
181 339
97 138
93 340
117 399
129 21
61 778
5 932
31 188
66 773
42 843
6 376
155 788
2 626
69 362
74 173
241 144
24 760
86 740
138 985
120 86
192 643
136 498
127 35
239 761
230 217
160 926
153 796
118 694
144 738
71 466
155 931
247 388
249 637
201 443
234 588
78 601
58 401
53 147
203 832
76 22
84 952
143 905
64 646
72 30
64 829
106 997
100 539
9 577
26 803
172 350
244 959
217 557
22 81
46 38
169 535
198 170
200 631
21 283
112 875
144 729
4 839
221 821
30 122
237 449
157 9
70 520
46 175
144 642
215 697
235 632
189 192
99 84
46 108
119 776
117 107
204 274
230 593
42 297
95 342
8 932
112 552
14 41
118 689
93 376
206 899
234 991
116 962
174 651
23 726
105 807
75 539
216 591
167 568
10 47
134 507
67 137
90 120
183 266
59 318
140 934
186 803
221 717
241 145
13 861
144 336
166 677
75 542
219 288
156 475
239 491
241 362
40 500
238 868
146 671
87 902
177 776
33 474
247 662
38 973
131 796
147 771
116 765
75 508
192 772
203 992
107 28
30 624
