1100
33 769
181 452
165 860
34 249
74 598
184 476
202 898
162 498
126 878
173 526
132 424
18 926
166 811
43 438
13 897
179 244
220 630
273 617
20 952
5 414
214 438
185 212
118 603
47 717
269 301
132 96
166 24
188 542
21 656
126 636
189 577
79 64
218 933
222 780
37 469
34 578
148 70
119 783
29 819
9 16
63 200
180 627
210 730
110 855
29 869
58 625
56 567
241 345
212 985
271 914
82 390
160 712
271 833
108 228
18 232
223 243
162 803
269 244
2 299
101 319
33 287
44 307
222 459
27 12
140 127
5 857
2 859
3 237
121 563
164 412
51 548
181 226
197 779
158 377
89 121
180 99
33 40
254 930
102 476
26 691
246 167
238 870
31 142
133 738
231 70
175 218
186 274
90 729
10 227
135 774
161 400
207 369
96 917
99 510
58 603
239 430
114 442
187 798
236 667
204 63
137 1
250 274
45 641
159 454
274 255
157 379
73 884
10 974
95 227
249 442
159 161
250 498
188 355
239 333
204 490
51 321
196 91
270 293
261 495
246 391
122 652
84 743
120 14
122 201
2 570
23 495
22 942
7 542
251 322
186 818
203 999
99 236
188 168
86 680
48 309
21 581
161 267
226 921
266 934
27 390
78 271
176 949
197 371
172 794
71 662
275 425
61 472
206 876
127 387
86 606
69 896
178 168
264 9
31 789
248 841
25 251
7 829
273 349
241 156
201 199
106 750
108 179
68 226
150 604
158 911
202 432
160 323
131 740
137 280
152 793
112 404
163 43
226 997
61 35
241 39
13 586
119 881
32 652
62 91
17 955
82 790
81 465
203 879
14 270
88 120
224 574
238 887
127 75
255 757
82 991
71 462
60 40
216 704
267 987
143 75
237 9
20 718
78 524
250 947
234 273
114 747
5 401
261 655
104 237
251 640
103 654
260 924
50 852
85 998
22 51
85 377
251 51
95 993
61 971
53 798
260 847
257 706
213 668
207 531
204 5
154 616
171 566
274 78
96 898
111 618
267 80
160 108
96 27
125 815
250 925
193 155
260 389
76 462
41 539
183 662
84 241
270 779
96 32
11 906
63 936
147 941
84 174
207 746
150 837
138 997
113 112
193 93
94 223
31 762
11 164
3 66
33 834
267 312
101 893
211 148
150 366
82 473
220 893
158 250
239 497
206 423
73 750
136 493
223 11
146 529
230 878
102 927
249 568
201 660
243 144
137 21
155 151
213 627
192 350
102 895
273 664
119 60
32 987
118 680
208 190
173 524
94 796
83 299
164 731
57 175
181 15
229 776
217 275
217 779
12 875
256 457
266 101
226 588
70 237
193 348
232 44
59 558
155 42
155 514
196 80
164 866
192 483
257 561
69 215
43 491
70 376
191 542
142 333
252 177
77 82
141 810
223 932
73 465
185 528
154 99
68 681
268 124
60 486
231 555
17 829
1 96
31 371
27 718
173 805
59 809
8 937
48 883
244 310
211 262
90 521
34 841
1 257
183 883
4 106
34 842
256 777
63 20
195 406
49 45
57 807
140 985
48 328
270 904
242 264
155 748
175 390
168 874
187 141
28 487
96 58
243 492
244 294
48 159
35 138
205 491
67 707
96 403
201 142
121 601
199 63
163 634
40 959
15 102
211 677
17 981
127 835
5 687
233 9
100 489
160 639
70 803
2 667
21 17
180 190
100 56
247 162
36 928
7 852
207 819
9 726
193 993
13 251
244 911
192 143
24 564
272 171
231 642
119 544
177 439
84 990
241 655
232 487
202 846
93 81
235 755
135 903
229 413
236 743
107 238
239 368
26 86
204 480
67 276
176 316
59 832
189 38
115 606
156 32
222 775
260 100
98 451
147 846
164 762
224 733
13 972
122 532
171 468
100 398
220 106
85 318
253 132
174 520
8 665
241 378
248 500
193 597
118 568
22 668
249 527
113 683
166 672
22 315
210 167
32 326
274 329
139 197
220 746
36 11
99 983
190 552
83 847
193 750
232 633
257 284
36 434
190 586
36 603
24 642
81 459
60 179
274 341
194 127
240 794
143 513
275 397
181 441
267 809
196 793
206 593
66 112
254 147
102 340
216 557
19 150
171 509
84 227
11 263
172 273
205 769
78 840
134 712
2 482
145 325
98 98
190 231
72 137
150 735
162 972
14 80
31 647
31 863
31 302
11 547
270 634
196 44
222 465
84 927
108 998
137 490
80 871
86 980
215 980
2 351
150 451
200 964
25 618
62 450
265 56
38 499
158 746
227 740
79 310
272 326
123 193
134 231
168 968
69 388
68 991
41 999
126 38
138 94
19 131
105 404
71 919
93 186
106 429
186 195
196 915
111 143
212 114
30 153
137 337
255 120
21 844
7 376
176 138
4 620
268 885
183 967
25 254
122 401
250 988
207 699
190 849
212 209
216 650
202 34
14 675
181 634
74 123
161 929
167 833
110 522
217 780
207 984
74 44
113 340
172 585
121 604
260 793
221 486
50 951
151 387
35 200
201 108
202 917
90 409
192 66
269 616
64 667
252 632
11 671
163 790
181 698
154 963
63 39
97 570
41 635
68 704
177 128
84 377
12 886
169 656
168 809
66 476
135 146
19 888
166 936
97 154
29 116
198 832
6 417
258 734
154 665
252 176
173 64
102 420
174 142
102 191
59 475
108 471
90 781
74 696
144 927
71 104
249 462
84 142
251 503
143 74
106 225
172 432
4 470
114 263
110 490
270 194
223 994
162 733
196 302
90 689
234 550
19 69
138 956
75 221
247 260
175 630
26 519
252 420
114 815
176 676
81 15
169 183
30 665
134 828
221 405
220 326
244 158
196 359
242 371
167 486
163 999
141 104
73 43
196 628
206 869
267 487
226 708
7 938
204 733
74 86
51 875
80 723
252 876
183 94
218 676
248 335
226 367
255 863
117 723
150 556
106 27
22 867
235 678
125 819
273 992
56 366
190 251
138 284
48 299
50 803
181 219
155 335
247 156
93 767
160 147
248 148
242 116
39 37
115 871
172 945
181 45
186 456
104 792
207 376
90 634
198 751
167 484
163 229
49 732
197 325
25 199
230 393
177 534
128 981
142 988
273 834
266 631
174 402
2 298
245 949
34 155
240 593
145 59
65 967
18 696
158 245
210 313
167 715
201 386
111 345
88 776
167 370
5 710
149 859
66 8
227 601
19 624
251 751
28 750
62 485
163 597
4 449
52 442
2 458
101 497
97 691
31 142
263 639
180 949
183 9
154 923
60 212
75 288
21 765
22 233
67 870
222 231
171 752
152 697
98 281
13 165
133 690
226 331
143 662
204 935
73 98
144 635
141 390
265 744
143 218
200 879
229 391
131 841
183 996
186 924
222 870
168 136
197 664
262 928
84 95
105 820
259 563
197 898
106 31
10 608
237 332
131 555
159 133
194 365
146 326
191 774
200 379
149 904
254 769
19 707
88 172
269 115
122 169
164 878
223 520
73 854
23 487
67 940
13 522
211 323
91 197
90 956
161 971
225 401
140 659
78 245
126 654
33 143
36 915
61 133
229 459
103 750
256 259
191 654
81 389
60 130
81 754
229 6
62 965
228 699
18 899
204 481
51 224
155 259
28 95
183 655
7 682
178 32
258 24
173 67
97 449
158 716
14 100
141 970
206 681
67 932
220 282
39 620
82 296
110 113
41 33
177 387
274 612
67 993
41 722
39 641
144 249
160 847
74 382
200 468
166 158
271 735
135 263
55 644
98 340
107 913
19 174
76 209
255 908
169 874
188 105
50 199
260 770
196 743
230 363
170 95
147 360
113 754
226 102
203 290
8 916
271 783
241 275
143 209
39 74
41 815
63 388
106 340
262 733
38 808
176 859
43 659
135 735
201 293
222 218
153 174
65 300
213 381
43 673
82 415
247 146
132 471
7 411
195 570
8 589
41 774
63 710
242 948
247 487
192 370
243 874
90 469
162 124
60 42
260 796
231 482
118 215
219 276
115 440
121 434
6 460
59 156
254 38
102 235
138 958
123 319
221 911
224 259
45 681
109 577
124 575
53 551
8 932
261 53
83 375
3 755
240 16
126 423
12 994
48 689
64 77
76 755
135 612
246 279
85 134
210 545
45 862
35 707
112 197
54 494
233 539
153 638
71 643
222 277
36 183
104 677
29 910
164 322
215 935
254 28
248 890
115 693
123 83
275 751
211 534
54 295
4 220
64 931
248 225
252 131
181 9
193 308
23 441
222 64
27 388
268 249
84 342
169 548
141 299
54 405
99 469
138 986
188 270
267 689
177 892
205 647
128 113
173 320
148 384
185 625
70 942
103 76
72 992
107 926
86 15
175 132
47 459
187 105
9 381
9 832
177 233
192 736
184 475
247 176
71 234
269 555
46 371
219 136
218 4
236 979
196 625
170 766
11 398
271 499
84 921
154 560
137 642
205 360
79 872
129 939
253 180
62 923
251 886
170 939
153 485
179 102
175 467
118 521
267 17
30 379
197 513
119 960
275 774
131 199
267 665
14 578
174 104
33 787
22 930
136 36
272 457
254 415
124 916
254 75
261 189
125 230
21 127
83 687
237 32
116 860
90 978
135 485
247 807
271 437
141 393
73 671
75 42
37 447
124 883
239 275
249 298
45 477
91 885
15 525
264 95
102 141
64 953
178 343
128 400
207 176
49 294
256 943
128 243
241 685
119 684
12 713
31 859
143 976
245 259
90 26
224 644
263 513
78 88
258 903
255 295
24 156
132 930
188 804
14 909
135 530
135 320
93 813
216 455
113 495
59 513
189 72
125 547
38 717
65 254
30 244
158 77
198 977
249 913
16 641
75 591
140 839
24 84
182 882
94 353
125 692
185 991
236 538
138 986
224 170
32 842
69 539
51 180
266 84
71 481
152 486
33 200
96 287
194 473
65 1000
107 340
22 745
167 765
131 586
28 822
10 422
218 367
96 313
244 642
220 627
147 705
20 360
