1100
51 292
17 440
140 494
250 391
92 899
147 347
115 410
128 3
143 806
195 793
144 394
30 997
77 931
75 394
5 378
151 740
183 35
134 543
21 203
161 125
273 782
252 223
116 270
250 85
166 320
31 711
30 407
159 13
270 560
257 630
217 224
133 119
225 972
79 160
263 813
73 228
70 263
89 191
130 241
122 117
156 646
157 203
59 24
251 288
68 284
13 61
138 346
29 1000
110 48
84 732
86 947
211 872
236 834
77 967
138 65
252 486
103 379
259 886
210 234
202 580
50 544
135 902
67 426
229 573
102 947
59 647
100 708
243 151
201 879
210 42
113 672
237 441
229 461
18 380
118 61
81 641
125 414
182 503
17 728
103 231
247 751
87 761
112 866
89 391
21 931
255 21
194 285
51 831
188 256
84 243
134 688
125 756
196 984
35 714
40 224
201 723
72 256
1 403
22 614
47 475
60 551
106 244
248 48
210 62
218 722
187 344
209 664
24 953
265 52
106 913
184 479
225 535
258 9
66 860
259 522
176 663
270 590
164 664
194 861
60 772
69 984
207 449
102 224
38 169
234 964
60 592
262 818
213 473
267 261
261 729
223 903
270 598
94 506
133 410
163 870
224 509
75 706
9 491
262 403
47 360
64 464
71 253
42 977
194 784
45 981
196 911
93 792
167 175
52 676
6 916
257 18
218 999
113 136
58 144
131 448
274 403
30 952
213 123
27 114
171 672
199 310
124 767
161 119
262 623
216 648
194 965
250 230
126 983
19 159
143 49
25 216
170 319
116 961
275 732
60 120
184 948
85 871
122 924
94 433
8 887
43 98
10 353
271 763
84 364
68 268
159 418
211 67
264 256
163 509
100 142
18 962
225 376
103 389
71 181
104 943
237 393
253 896
200 466
18 71
121 634
102 169
167 20
19 53
262 603
234 445
220 661
95 547
224 316
246 789
120 818
251 410
31 411
204 121
74 358
54 207
233 404
216 217
268 352
212 629
23 432
86 59
178 141
33 86
79 182
153 504
112 677
108 620
230 182
6 640
58 866
139 654
166 224
183 870
259 552
182 176
273 956
76 457
263 919
68 271
211 126
168 416
71 516
192 937
18 844
252 14
19 747
175 586
21 738
112 932
211 469
29 972
229 620
124 592
232 375
48 702
162 605
97 58
69 422
225 430
225 228
263 17
175 59
215 439
50 276
15 332
111 420
199 471
123 493
260 430
45 185
206 614
159 952
130 165
241 163
124 359
266 786
110 33
244 350
69 798
257 955
235 672
195 861
14 692
229 684
15 744
107 945
181 54
129 108
37 279
38 275
114 230
44 911
117 733
257 146
110 826
184 594
88 659
14 937
137 194
21 449
108 320
26 940
23 945
262 538
181 472
168 207
221 900
170 407
107 289
225 809
160 670
241 620
63 34
198 951
48 54
40 260
169 305
76 819
140 915
221 221
209 366
170 10
159 75
45 771
83 260
208 714
38 129
113 175
130 943
51 797
206 671
79 303
76 414
63 772
89 55
53 577
114 237
70 36
186 958
204 618
87 923
69 645
197 482
258 166
48 748
212 918
59 230
52 295
197 487
142 793
23 777
172 952
14 876
140 228
100 232
221 992
115 101
237 568
151 107
46 76
111 618
213 468
28 373
227 852
228 991
270 455
191 883
191 651
111 947
251 762
43 267
109 516
51 359
249 99
177 923
112 907
97 689
243 768
72 663
108 889
198 445
54 85
57 734
181 6
117 947
247 241
193 443
254 792
241 221
148 649
86 965
158 578
216 54
101 91
155 573
212 876
63 315
16 779
209 279
1 1
28 237
224 102
136 224
267 503
28 760
17 652
211 438
67 899
3 685
69 886
252 109
131 113
90 138
23 360
91 618
159 989
77 599
178 313
83 871
103 845
140 770
96 279
80 604
119 747
149 171
198 251
85 530
117 507
236 946
106 930
146 128
242 397
245 11
35 366
132 17
207 67
81 703
175 574
138 319
248 725
184 587
177 995
135 176
30 793
78 456
40 628
71 749
204 399
224 564
187 533
72 412
118 542
263 266
66 627
218 561
125 890
83 426
266 467
38 953
28 991
78 773
48 893
74 122
235 406
261 964
193 745
160 119
228 434
149 125
66 138
41 209
213 974
80 70
185 692
86 332
76 588
237 390
80 938
252 462
252 507
109 10
240 441
101 574
168 663
76 817
79 425
106 559
227 915
24 50
117 104
144 444
10 589
209 671
129 894
274 424
171 472
171 917
73 830
120 746
99 508
26 758
12 169
125 932
173 318
41 391
238 632
246 909
216 577
17 151
188 11
250 121
249 976
89 230
43 280
270 762
1 928
41 176
103 361
228 160
5 771
16 693
136 850
222 724
186 413
185 111
123 762
127 864
70 122
94 230
19 437
30 409
107 85
132 619
270 724
202 423
205 320
225 976
191 217
3 307
210 218
227 958
47 454
243 504
2 70
262 173
158 69
234 474
34 429
117 349
166 145
213 762
184 266
169 808
10 610
32 357
186 187
32 667
103 905
105 212
177 381
176 322
90 188
275 96
165 225
149 612
65 551
89 768
217 326
131 249
245 353
137 224
38 823
203 892
251 289
261 799
186 124
34 65
35 132
120 135
137 836
211 613
258 203
171 99
236 775
40 894
219 28
37 863
146 427
30 181
192 117
38 654
221 340
74 689
24 722
149 62
4 564
66 325
270 976
24 956
175 697
49 598
231 8
104 901
43 582
218 820
116 34
1 642
82 95
142 729
205 90
251 798
192 479
175 733
18 931
6 167
76 278
190 159
248 3
42 604
73 149
53 34
56 67
271 657
21 682
226 296
215 143
101 404
37 705
33 179
130 631
226 306
43 662
222 458
163 42
236 177
219 372
113 692
164 887
95 379
79 905
18 47
163 465
155 875
131 452
137 290
20 541
273 255
134 927
268 394
68 843
157 648
126 261
115 234
185 91
182 60
133 772
3 233
26 61
243 791
222 638
20 231
180 319
219 748
189 91
221 266
236 960
255 746
107 56
36 183
114 522
119 337
200 350
134 419
163 904
41 167
232 538
219 759
36 602
145 894
178 800
3 786
107 945
264 540
24 419
174 731
125 554
269 878
133 426
211 885
233 522
127 797
82 204
205 99
43 907
57 14
265 31
173 467
134 155
202 90
72 195
197 222
19 487
185 894
121 361
114 642
100 584
236 439
36 226
81 829
110 518
186 72
137 730
176 183
220 439
112 693
117 649
88 685
184 369
178 55
35 898
116 983
79 264
14 208
15 132
131 529
16 218
69 608
167 845
4 479
262 211
119 514
155 151
34 899
181 467
31 926
83 347
94 515
21 589
56 312
184 626
93 842
113 882
161 987
118 994
1 960
65 483
84 475
150 768
135 363
53 658
201 465
266 529
237 445
59 223
232 534
130 615
55 823
30 843
161 489
108 859
233 735
43 367
262 58
138 809
232 748
262 387
45 128
50 693
20 272
74 463
249 381
147 667
193 666
241 687
145 653
95 205
90 231
109 145
224 122
131 641
26 669
65 110
56 982
250 867
204 603
159 985
265 704
270 716
193 736
59 358
87 822
175 439
41 957
41 424
163 372
93 892
259 250
236 659
19 872
192 369
68 389
133 859
147 4
268 38
149 807
116 75
195 172
124 891
106 249
57 990
34 132
178 524
217 601
191 257
102 700
141 15
275 744
26 305
60 434
47 155
144 735
99 989
145 592
104 752
14 948
68 281
109 691
234 678
101 839
219 939
100 329
186 37
127 727
9 497
200 119
272 479
189 685
71 85
41 368
74 448
78 390
228 52
119 83
115 45
178 977
187 521
105 512
107 931
29 422
201 488
245 577
225 986
47 707
94 549
122 430
259 310
136 389
38 426
222 606
125 954
197 886
181 407
19 958
119 811
130 500
122 856
20 830
123 903
163 549
134 969
242 827
108 244
143 778
235 884
60 233
33 828
255 501
98 809
192 55
97 333
152 413
210 511
266 828
55 491
76 919
92 923
222 391
258 750
99 983
261 791
200 519
182 464
5 130
57 419
205 596
161 950
129 33
115 460
251 209
237 207
144 97
158 873
157 709
202 423
24 937
30 539
176 26
255 471
115 747
36 514
186 31
214 244
159 23
96 284
33 693
157 866
199 225
134 269
63 411
142 425
189 639
273 62
258 384
54 876
8 752
260 547
252 456
1 30
112 753
78 298
30 632
250 192
160 260
107 286
10 536
42 627
125 78
52 41
266 678
27 397
33 505
165 519
269 245
264 419
112 861
143 565
160 825
86 377
22 300
200 5
98 436
43 301
138 900
236 907
215 89
4 849
19 10
43 950
172 114
73 545
65 761
75 931
257 588
80 914
21 227
161 846
253 744
227 83
248 412
164 241
214 413
17 439
69 876
6 102
224 319
167 760
235 172
158 21
1 979
223 90
11 722
255 840
199 499
231 887
235 731
138 830
179 36
40 368
184 354
35 901
13 190
115 920
160 470
2 271
240 679
162 335
147 618
131 879
197 63
117 422
25 337
94 608
227 484
158 952
145 2
266 437
100 100
268 353
69 705
209 988
268 657
46 475
254 615
246 281
15 267
131 58
227 317
151 120
135 139
204 846
226 729
157 26
208 169
219 232
104 825
230 406
3 218
201 280
165 659
220 20
92 287
221 641
244 142
168 416
105 955
126 816
32 206
252 433
165 360
88 642
133 143
149 447
113 169
222 141
217 494
123 888
258 906
42 727
99 803
263 268
67 992
10 846
119 538
151 311
197 119
126 8
138 882
23 454
222 46
196 388
179 411
250 501
52 668
256 495
242 825
226 309
242 199
241 787
175 9
243 770
128 113
222 130
25 453
223 494
99 501
212 566
143 323
79 979
33 167
60 838
95 326
188 977
188 9
94 638
204 333
171 94
242 626
92 560
128 846
89 573
93 982
157 195
265 208
237 794
83 584
234 389
188 744
212 252
183 593
247 610
