1800
144 623
208 958
306 250
346 680
143 955
231 927
157 13
164 761
100 752
449 604
212 52
102 175
297 642
103 639
157 465
396 106
175 624
405 986
418 24
3 388
127 715
412 540
202 697
335 241
93 297
154 886
95 14
25 80
306 197
407 444
354 945
161 542
191 487
414 287
209 672
78 559
184 964
194 576
128 755
94 234
70 239
61 644
242 305
3 754
244 921
415 365
195 396
281 852
192 512
372 501
223 958
94 740
30 113
172 361
125 553
240 175
125 504
255 256
146 713
148 432
286 900
179 629
307 64
41 114
85 104
307 237
434 134
187 820
333 816
57 298
355 359
196 797
160 934
264 822
248 281
303 3
183 229
5 137
377 420
408 503
307 614
364 628
9 860
429 608
105 397
144 376
217 911
220 476
369 386
23 960
367 722
8 357
109 638
238 275
426 803
230 275
54 356
264 944
197 815
77 227
403 980
264 176
81 69
307 514
220 496
31 511
396 951
128 120
13 379
354 604
373 85
443 235
341 190
1 322
414 869
225 51
317 207
387 360
110 315
14 91
179 902
104 125
364 278
352 519
112 356
21 746
28 162
3 474
393 20
443 80
16 66
314 264
434 512
174 476
230 522
386 282
88 303
199 617
222 721
143 17
238 694
450 54
260 747
311 515
396 338
209 155
333 727
14 626
56 978
92 826
224 13
406 631
254 548
147 555
273 848
133 713
274 317
47 462
330 533
123 359
189 21
32 524
26 226
38 496
142 375
51 794
182 331
429 418
355 308
107 733
240 699
311 591
388 564
239 892
360 875
164 9
373 786
169 271
176 381
350 361
32 911
244 833
276 441
431 211
386 22
319 707
85 237
109 266
131 480
234 849
294 111
101 870
128 606
181 200
376 211
168 608
87 567
130 312
384 847
200 994
412 31
188 492
322 287
310 384
248 459
297 951
108 418
117 94
12 727
432 554
353 693
221 825
40 383
289 779
335 474
376 181
232 917
369 98
388 900
141 836
347 128
64 117
423 844
287 674
379 369
338 814
252 515
343 438
101 433
59 511
207 210
7 454
145 933
285 479
285 140
346 256
154 822
27 159
261 566
56 56
263 593
91 743
151 45
285 164
301 477
426 428
106 153
29 518
309 402
186 490
387 2
12 858
137 388
194 716
50 822
255 535
411 407
397 458
16 922
38 45
91 138
265 11
166 199
26 875
389 225
11 756
290 930
397 318
191 503
324 310
429 792
159 616
440 508
248 77
25 687
234 276
41 573
260 419
49 900
87 836
293 840
240 80
328 612
411 651
102 514
41 449
330 178
185 689
152 841
338 727
357 59
46 618
75 74
320 295
259 812
292 692
411 490
345 671
202 29
118 326
259 940
103 31
95 413
369 813
433 646
251 149
386 535
219 222
422 157
343 838
57 781
445 525
124 889
21 137
434 550
422 358
213 427
69 640
129 166
179 700
360 130
63 113
160 187
267 132
307 601
240 804
70 472
168 783
216 100
440 255
402 134
381 476
411 721
269 920
341 762
50 456
124 118
319 338
48 313
375 619
62 736
340 607
190 463
249 394
423 851
165 695
178 665
167 555
387 288
331 805
81 628
412 438
186 52
405 829
374 785
7 964
267 161
276 173
208 233
323 871
122 354
105 397
195 831
180 103
233 250
72 196
360 537
181 149
48 502
239 497
356 4
256 514
305 92
339 985
227 726
178 79
395 688
27 384
139 546
26 577
29 133
420 693
248 451
53 550
18 870
315 889
100 308
400 428
88 104
434 982
358 386
413 502
144 298
138 474
4 60
29 773
266 780
193 435
365 182
375 826
119 924
86 310
435 475
315 574
445 828
297 949
104 100
438 990
116 823
326 213
386 812
195 512
449 239
128 677
239 682
171 950
186 684
312 182
368 673
200 452
13 663
152 163
43 544
191 553
322 289
70 587
206 890
194 643
331 874
395 557
391 76
179 459
389 290
214 216
68 257
125 153
225 192
392 411
190 502
13 395
185 80
211 918
378 842
153 910
367 318
178 60
414 255
141 260
207 258
342 618
249 180
389 694
270 47
89 789
112 411
350 305
11 534
164 150
322 757
198 382
205 815
163 610
400 659
72 988
295 76
129 1000
436 879
443 475
342 194
228 841
74 818
171 668
349 890
393 457
12 524
231 506
112 336
10 844
440 261
210 164
356 213
231 508
353 9
97 73
443 496
359 322
395 882
401 768
320 770
435 146
368 588
137 623
50 792
285 446
215 45
127 624
86 829
263 484
311 712
264 828
308 581
307 804
187 689
318 705
91 548
445 209
147 20
142 796
8 319
194 298
1 925
50 20
46 276
270 956
397 676
309 342
290 925
226 133
312 637
294 619
270 715
372 844
392 330
327 548
64 398
211 566
141 882
410 198
365 434
10 457
220 546
307 890
344 468
376 272
85 782
337 806
160 155
308 369
157 171
273 824
53 448
227 891
295 161
246 860
86 199
205 248
104 805
310 748
439 539
320 901
253 613
47 62
149 361
137 272
432 583
208 799
375 572
330 136
138 499
357 798
169 969
160 31
188 877
445 694
372 653
402 143
396 356
11 568
314 777
445 678
182 49
158 364
357 377
103 850
152 904
446 549
3 119
450 329
431 974
355 843
318 321
128 54
183 758
305 141
340 416
8 935
149 106
180 154
66 614
112 896
15 323
419 202
267 631
36 2
135 91
212 449
214 414
155 933
150 992
132 920
161 201
109 122
179 976
334 61
376 276
224 715
394 632
382 322
17 619
205 415
244 564
120 580
225 913
277 184
185 340
361 88
158 469
251 525
349 440
403 262
219 203
285 20
289 20
133 610
250 964
374 618
55 166
414 250
45 469
186 720
372 800
254 29
201 611
189 36
216 68
83 389
12 617
223 38
220 168
150 919
442 29
293 556
269 811
408 127
217 114
190 232
281 708
273 440
163 842
248 41
130 754
392 808
339 783
385 195
56 619
105 872
29 220
159 610
201 878
335 390
184 110
342 684
220 266
335 992
192 575
4 838
176 641
403 206
226 700
427 620
330 2
48 953
150 976
186 90
331 864
24 341
389 869
194 657
187 261
310 697
115 365
424 450
221 888
332 828
89 430
161 818
47 436
419 359
221 623
325 953
373 36
278 769
329 272
328 668
43 447
29 256
7 587
412 810
397 669
326 240
434 257
388 939
188 430
310 822
406 105
311 690
254 798
340 920
261 589
46 681
389 152
87 198
340 883
283 465
37 24
67 831
366 473
406 809
387 911
316 949
136 195
443 332
46 834
26 471
241 235
300 851
23 654
99 621
402 639
229 678
122 81
248 201
199 718
428 47
285 987
373 635
390 515
101 676
32 156
202 469
87 623
297 981
36 940
418 762
293 659
165 49
218 374
242 491
23 690
346 651
93 33
139 308
87 869
200 625
374 488
427 650
137 350
45 981
111 342
50 840
203 703
299 797
448 231
219 828
342 140
263 295
315 627
143 296
12 451
330 407
417 479
132 631
306 401
236 703
132 391
436 915
306 5
420 964
242 84
268 945
168 799
149 760
227 595
136 117
139 677
37 16
305 406
50 90
19 513
412 215
252 391
376 632
162 169
318 699
198 126
20 401
97 860
320 97
430 876
345 131
104 278
435 60
182 547
238 580
343 252
424 677
345 124
201 931
78 570
2 199
69 540
274 157
124 875
210 502
300 35
392 290
157 811
79 186
222 172
246 698
48 848
49 305
161 880
304 562
321 311
375 597
198 638
271 113
165 548
112 713
131 314
34 686
166 226
91 640
10 848
414 699
3 219
335 928
202 367
307 849
267 680
165 216
316 882
303 520
258 532
71 590
123 202
217 626
208 745
394 5
87 307
296 498
61 21
275 806
304 712
325 627
158 907
446 927
282 852
231 799
407 907
387 177
367 203
194 676
209 693
210 450
184 511
344 737
317 69
361 754
175 351
187 952
363 992
392 791
84 765
244 837
147 985
375 492
282 807
150 1
336 806
256 506
106 818
403 961
428 62
326 654
96 860
120 194
290 663
400 361
286 644
234 878
34 449
134 211
295 702
63 884
133 751
436 400
69 900
65 215
179 105
183 422
401 562
124 349
161 743
411 379
355 622
419 928
281 718
2 296
382 855
138 577
18 281
430 848
407 331
196 646
426 174
93 700
231 504
267 776
200 264
333 867
179 982
382 848
395 699
83 476
195 75
272 769
363 472
170 679
394 464
252 224
297 325
136 435
44 275
243 627
160 649
114 311
35 291
105 778
439 23
354 672
199 238
346 157
399 441
339 285
421 574
172 346
251 73
144 352
185 238
78 516
91 376
60 127
368 556
306 381
265 220
19 127
419 206
198 300
363 489
62 384
373 682
382 604
219 558
406 110
275 931
29 460
228 941
92 623
226 137
247 193
343 816
27 978
149 393
191 438
62 168
142 798
167 105
309 12
249 396
99 772
344 815
300 647
21 121
281 490
429 38
170 34
329 31
264 488
438 492
114 783
366 31
436 505
356 334
232 546
138 381
80 216
438 36
5 403
421 624
171 479
116 750
321 287
261 874
348 164
34 900
288 768
54 394
322 622
127 351
403 572
387 585
431 596
33 385
170 518
336 4
148 57
36 323
53 179
39 450
77 824
213 307
203 316
285 935
266 262
121 648
334 51
267 842
310 760
385 469
415 527
331 327
51 350
402 705
122 368
292 806
352 291
143 805
391 261
57 879
237 929
207 596
160 586
263 888
164 118
174 111
153 536
206 818
283 445
77 152
400 261
138 281
180 961
261 951
225 119
142 267
66 448
119 240
239 775
378 938
276 273
263 609
20 284
207 235
242 622
241 949
416 437
243 749
362 190
254 484
122 980
131 262
402 599
211 165
310 313
57 641
381 344
341 476
328 802
198 157
139 188
270 420
216 158
284 772
128 263
131 527
90 674
193 474
133 748
271 667
448 361
447 549
92 838
395 76
169 241
257 669
366 124
201 904
370 62
326 5
171 920
106 708
404 964
184 425
172 6
27 201
35 31
151 572
9 243
328 771
427 188
375 880
20 67
13 127
358 928
123 440
160 598
265 566
381 566
317 340
239 5
48 111
118 30
24 319
421 516
60 582
90 562
122 798
155 914
210 515
261 365
392 488
294 375
125 766
238 609
50 55
78 303
12 253
77 894
20 474
289 815
143 347
235 366
16 988
149 352
146 452
379 544
48 491
33 858
173 382
267 383
205 747
238 551
89 750
82 737
426 929
337 875
198 197
319 912
51 411
402 675
322 109
378 461
11 794
71 658
144 243
417 358
83 322
37 92
117 877
165 852
384 164
96 94
227 645
357 332
358 362
131 40
301 493
364 667
191 167
36 472
122 444
74 219
160 80
295 877
238 836
23 317
429 718
362 668
103 325
17 514
198 274
301 423
220 605
195 833
171 651
241 998
101 993
225 944
38 759
104 908
327 285
164 4
423 943
386 129
440 252
39 836
234 22
261 369
114 549
299 504
263 783
403 795
266 486
358 722
48 854
83 401
118 813
374 240
229 328
395 475
223 990
155 216
315 681
113 125
312 312
316 542
438 477
283 401
251 42
373 85
309 31
350 957
399 660
312 234
223 368
298 166
105 540
204 751
5 143
357 784
159 936
270 972
228 70
104 436
321 389
186 282
238 372
198 781
300 822
265 289
374 647
431 806
160 138
64 641
98 125
360 282
75 279
263 124
420 204
133 294
436 640
293 610
38 130
376 927
169 731
372 878
115 517
333 931
234 467
4 945
233 297
219 629
407 656
72 5
408 924
70 46
140 51
415 817
399 180
82 259
240 608
220 699
283 551
137 530
122 400
260 73
18 327
373 120
426 373
161 975
12 980
79 936
256 137
1 468
402 662
327 649
387 483
112 565
330 435
84 947
264 910
240 258
320 646
413 586
47 249
333 458
91 35
302 990
57 920
106 153
225 371
233 651
44 301
425 671
213 99
39 861
434 501
65 3
111 905
22 947
361 527
59 664
395 757
301 92
70 333
270 836
46 121
159 173
96 703
149 833
360 190
422 645
128 574
403 708
208 938
432 56
3 28
336 133
107 493
183 379
397 896
437 16
303 564
348 514
413 145
92 901
306 726
172 407
176 446
52 319
40 232
138 887
144 651
372 201
134 637
174 856
225 957
419 102
352 606
251 502
270 774
134 154
415 289
386 972
202 72
91 974
378 786
244 635
397 190
228 185
74 661
273 678
189 271
401 760
54 724
24 841
132 934
96 63
150 883
85 136
66 715
286 946
249 244
245 550
172 838
180 884
189 248
444 87
122 210
273 917
354 443
305 653
327 666
29 882
437 267
102 15
447 16
250 819
180 752
388 733
156 105
6 461
63 933
268 955
77 598
30 988
384 300
228 627
343 316
162 552
56 688
151 81
171 282
327 360
22 256
302 974
411 487
145 280
12 847
30 288
282 361
290 668
340 454
246 556
102 902
16 342
355 90
315 711
26 758
26 254
336 890
319 73
68 918
365 182
163 257
169 575
395 400
51 328
1 662
409 826
269 121
35 710
12 366
413 135
425 120
151 557
226 796
448 327
306 478
245 644
382 793
119 209
30 214
279 114
41 245
9 46
309 592
115 563
400 340
82 83
191 337
1 297
308 995
150 146
310 153
380 633
244 778
356 203
33 797
428 196
65 578
63 265
246 355
449 201
432 167
412 447
193 401
46 767
400 383
18 93
329 62
36 726
76 300
189 559
149 323
216 860
374 105
43 624
100 535
418 513
412 509
369 404
231 278
205 903
282 402
36 244
126 744
132 739
320 669
184 73
61 831
265 615
113 535
29 866
347 377
398 808
54 880
362 592
149 626
49 896
389 34
220 996
139 2
19 895
247 56
432 252
363 499
435 68
129 98
197 236
8 258
335 987
69 452
344 546
156 509
47 433
327 419
68 437
369 240
328 112
97 470
303 467
447 229
27 697
388 294
153 718
129 680
133 821
60 844
71 511
399 353
49 614
2 203
174 729
296 955
25 543
429 710
130 13
422 617
234 585
48 464
73 906
194 937
190 782
346 990
269 576
189 347
246 819
352 348
309 435
412 272
41 457
283 974
98 105
195 436
357 974
287 793
143 429
340 945
244 412
94 494
86 580
264 491
148 324
141 301
108 646
325 115
118 441
437 639
424 580
301 963
343 58
348 947
404 773
280 110
415 286
240 919
271 255
367 93
136 461
173 238
205 903
238 825
378 355
57 266
239 640
45 810
378 683
319 868
7 262
103 312
75 559
218 634
169 245
151 446
132 275
180 462
225 338
254 335
89 397
154 650
55 602
119 52
193 917
158 259
245 211
131 998
11 376
255 190
314 408
434 633
126 964
219 380
439 416
269 618
435 517
345 551
105 123
181 877
20 375
154 721
389 241
421 453
391 352
78 624
411 245
183 962
212 661
392 228
186 825
331 291
234 281
60 946
361 945
239 660
128 473
442 112
405 446
301 944
180 528
140 69
259 601
240 644
448 160
8 395
396 196
6 872
25 464
105 43
38 788
65 344
144 405
12 295
160 758
50 631
438 343
288 786
49 746
211 904
190 150
381 336
397 289
245 889
423 790
160 789
124 515
161 467
260 947
418 492
233 611
16 438
441 265
134 838
4 669
14 884
245 431
446 352
57 449
37 265
447 967
163 678
411 153
59 145
262 835
66 806
417 243
396 466
183 786
21 361
274 896
229 160
291 481
43 121
240 572
107 297
125 399
299 572
63 324
350 774
424 40
95 785
243 934
253 441
137 473
206 807
199 6
240 342
240 130
324 448
28 169
450 898
381 225
422 415
105 870
368 801
247 272
37 983
45 838
411 206
231 316
426 446
72 731
354 723
271 379
158 182
369 91
215 798
219 918
311 71
262 231
86 488
31 588
42 588
46 934
284 374
249 284
373 373
65 892
115 979
286 415
106 620
407 919
355 479
86 700
204 368
141 653
3 104
234 497
436 894
50 751
285 322
284 988
293 320
390 473
394 564
10 100
365 533
283 848
358 659
90 415
83 26
309 930
132 235
140 623
417 497
393 987
341 548
137 162
207 289
365 879
365 534
139 152
263 361
372 726
95 71
425 217
446 758
437 790
335 32
162 537
407 820
38 131
370 908
193 211
28 664
237 685
164 45
426 832
