1200
42 685
289 190
217 869
64 785
260 889
114 78
164 202
2 47
135 655
185 578
293 704
259 402
295 971
12 253
114 459
67 162
280 644
300 125
241 287
253 101
137 487
193 671
297 542
53 328
281 180
261 873
172 420
3 378
217 114
189 841
286 887
56 460
166 688
116 10
39 803
182 185
288 730
147 203
144 921
179 297
252 682
191 342
175 791
195 528
45 884
17 621
203 493
166 265
8 871
198 891
149 363
256 607
270 431
259 340
48 359
202 602
35 110
96 295
186 208
76 601
294 840
246 671
228 741
274 815
165 291
170 570
299 80
300 337
171 291
297 706
176 184
265 868
12 803
249 883
192 341
171 965
172 684
236 433
273 162
83 106
131 66
31 230
73 197
297 692
127 584
273 577
213 842
29 631
10 302
240 563
87 550
122 3
61 3
246 741
56 931
244 340
45 917
107 421
110 232
237 159
152 231
128 247
140 304
241 215
267 151
17 43
147 944
162 865
29 57
22 1000
186 174
289 133
99 284
271 986
150 526
243 296
289 165
210 52
219 528
248 914
29 209
157 19
47 913
159 425
134 179
149 775
263 384
133 274
121 822
212 936
32 354
191 119
121 288
81 290
243 231
254 359
248 183
70 518
237 855
182 28
57 574
276 79
142 226
96 255
207 84
161 968
240 999
78 890
253 436
62 528
253 795
204 672
117 13
84 513
8 951
267 511
21 920
297 719
22 342
35 240
231 338
38 320
72 50
275 204
221 338
141 404
127 983
177 983
109 115
103 234
21 703
114 930
263 116
12 545
171 639
132 153
56 715
220 150
59 562
282 596
186 421
163 825
197 398
171 956
96 487
132 591
217 812
270 34
141 148
60 596
132 441
295 872
260 141
287 357
158 922
6 604
263 887
178 817
272 185
167 568
268 56
197 740
235 124
234 419
220 367
286 838
109 604
110 459
158 454
132 601
164 806
288 700
221 295
190 597
217 118
290 352
228 186
11 70
142 669
8 698
60 141
33 845
57 284
58 747
207 847
189 664
73 440
210 261
295 122
41 351
220 912
277 68
84 429
292 117
18 482
43 250
272 320
76 18
212 834
225 764
207 706
253 75
100 192
15 721
149 666
264 852
99 471
54 835
40 831
11 967
184 910
90 684
103 258
98 761
176 161
211 898
129 527
271 471
19 205
134 896
114 695
55 849
281 71
190 28
48 182
298 771
280 480
44 455
184 138
175 406
100 861
266 427
7 620
122 549
214 353
36 327
128 682
209 385
242 224
163 43
163 660
186 731
180 703
189 79
113 413
285 136
159 615
49 927
273 991
93 470
162 25
27 967
297 497
83 346
169 70
41 333
227 566
16 418
38 839
136 229
284 550
237 949
298 886
274 425
97 903
109 433
133 508
25 69
183 770
162 246
223 551
213 440
131 249
60 420
58 419
250 226
213 41
137 736
263 486
244 622
81 463
205 496
234 568
257 535
236 129
263 504
128 678
104 291
173 189
201 99
251 412
134 826
52 535
8 462
264 318
219 724
27 634
184 4
155 762
38 701
6 265
118 721
104 687
210 224
45 639
222 159
174 627
133 592
63 513
87 534
195 346
285 834
167 196
219 211
287 314
211 692
271 146
221 533
32 855
263 458
96 454
205 974
29 548
85 2
295 755
49 173
36 64
25 618
91 66
168 321
258 455
113 620
13 554
171 85
37 436
61 612
173 884
260 217
294 71
263 918
217 845
110 549
281 643
138 924
256 433
243 570
58 130
235 648
23 20
18 439
21 317
127 336
132 616
245 58
148 178
130 40
147 920
166 957
177 660
54 649
45 716
230 981
103 479
200 652
73 106
250 377
52 33
85 22
102 277
291 751
216 371
43 386
58 630
102 647
106 340
34 534
218 40
233 712
249 855
155 788
196 374
175 378
66 225
201 140
184 310
60 854
216 81
223 250
215 72
168 750
83 665
93 718
147 54
135 854
31 899
297 297
133 410
32 849
184 121
300 192
53 376
43 599
72 403
217 632
152 597
99 533
223 890
252 291
36 51
5 697
262 1000
259 943
171 189
19 992
281 858
128 521
156 808
3 336
184 186
257 537
258 290
127 782
132 292
220 537
179 309
251 407
25 965
38 824
191 533
33 251
20 702
53 852
141 38
173 815
289 678
64 949
107 784
186 970
293 15
129 237
279 442
61 405
1 670
29 585
124 603
245 724
38 639
181 727
159 996
296 264
22 334
93 876
279 600
54 156
187 724
16 788
152 475
83 443
45 529
37 385
3 757
139 508
104 393
1 554
21 466
200 121
284 41
52 436
51 998
109 594
30 327
248 998
214 243
218 620
259 598
167 661
201 540
284 762
31 710
237 837
106 354
263 555
108 185
115 488
63 517
196 200
165 470
144 384
297 606
236 795
284 787
24 401
284 139
73 495
47 401
87 889
192 337
252 30
127 168
224 915
207 159
107 769
257 903
186 237
90 224
226 662
179 800
237 540
205 977
161 548
146 606
50 607
283 727
195 105
232 830
144 432
232 136
27 827
14 903
224 572
14 878
63 720
87 871
133 977
189 137
84 36
84 382
79 69
71 482
182 216
52 74
201 361
2 289
279 943
152 927
45 586
64 555
179 12
97 574
73 463
37 485
278 549
2 242
163 444
153 391
101 908
44 278
170 717
52 872
268 117
97 54
218 822
200 973
243 924
153 496
137 350
178 680
21 789
12 186
238 35
150 17
146 368
149 879
33 810
274 750
248 971
116 511
178 614
252 935
233 424
210 641
285 723
251 604
43 868
84 511
189 240
166 263
11 870
26 426
109 164
237 150
249 377
121 183
272 17
84 287
239 66
14 514
42 573
113 898
8 512
241 494
205 965
248 580
2 37
165 667
264 802
12 151
282 829
277 167
212 41
60 342
78 961
207 868
62 383
264 265
242 66
49 74
71 631
49 934
46 209
3 441
77 819
273 565
1 514
238 479
55 349
260 228
269 266
142 29
189 849
149 990
180 98
38 337
132 593
158 54
132 689
14 393
183 201
10 319
63 199
266 563
133 983
128 6
4 617
196 693
285 3
297 69
99 861
187 625
106 38
82 774
265 246
299 153
118 974
54 543
123 484
50 817
228 698
184 755
270 513
36 682
158 822
53 888
26 473
237 757
261 981
58 487
144 839
279 322
216 583
129 670
38 631
283 19
99 229
140 43
278 578
125 578
21 275
202 705
176 307
167 127
276 725
219 535
126 869
14 10
79 470
4 485
272 371
97 195
38 855
112 827
143 208
33 251
160 318
160 37
274 364
284 877
137 422
125 663
235 222
153 72
73 354
165 62
139 949
246 623
13 666
282 488
44 669
236 592
188 412
255 647
242 754
187 440
238 64
53 321
295 684
161 892
150 685
236 196
195 284
110 211
275 210
17 610
49 572
299 613
48 192
281 187
298 672
38 80
61 935
253 633
32 834
65 848
274 423
292 152
1 982
62 212
116 300
277 310
123 922
227 776
140 590
26 157
37 241
267 27
140 837
135 159
204 404
240 262
96 241
79 34
145 218
137 621
105 161
250 16
50 416
30 809
62 792
285 641
252 525
112 115
242 225
122 25
158 386
212 539
53 790
191 638
206 744
50 530
184 442
160 868
264 769
228 40
25 61
156 200
288 379
257 195
187 551
289 298
242 704
215 892
77 295
83 196
125 15
46 886
215 219
170 400
154 343
38 342
93 683
210 364
83 903
60 796
156 471
160 128
190 659
1 918
85 287
81 562
143 384
286 515
53 879
117 8
2 522
280 891
152 47
41 953
97 661
273 332
68 117
104 216
299 481
170 855
51 498
297 857
14 75
242 847
293 589
27 848
177 121
133 324
88 71
100 452
299 368
157 661
8 806
178 599
291 953
94 105
111 729
191 337
177 333
296 367
24 428
11 991
236 615
279 256
221 273
175 942
31 970
157 416
256 906
244 128
261 37
52 997
41 306
84 390
20 234
271 244
190 17
297 1
11 1
36 860
121 451
165 601
182 308
298 55
32 805
198 31
272 930
118 763
178 946
169 946
242 476
102 623
2 750
193 444
292 861
197 897
144 912
109 197
196 595
260 376
261 729
235 628
217 164
136 466
125 979
6 388
137 838
53 191
285 960
255 512
17 786
23 966
32 937
255 952
48 14
106 599
59 48
210 136
28 835
69 774
244 990
137 564
269 541
129 929
135 652
297 991
112 523
154 43
19 466
108 624
66 309
279 291
201 247
263 616
39 55
31 154
262 918
18 554
164 791
201 865
103 793
29 262
226 184
37 886
222 667
24 420
233 866
255 397
129 287
154 665
153 422
91 473
51 232
212 803
85 168
19 338
151 110
189 593
189 682
75 385
254 279
79 26
171 595
82 355
173 959
89 640
32 372
240 58
49 878
27 735
291 26
237 684
61 993
271 487
43 457
293 991
153 959
72 483
160 412
5 344
100 928
248 902
38 591
233 930
108 860
138 996
8 495
207 966
202 734
255 316
157 717
172 404
258 313
268 283
43 515
84 428
41 677
3 368
218 413
113 623
153 869
104 726
238 809
191 709
33 983
187 475
17 590
48 424
203 732
143 777
60 492
159 480
190 758
238 395
1 5
69 550
235 723
75 809
297 359
225 133
217 139
74 876
272 317
295 374
167 922
150 578
220 309
269 533
255 411
49 274
280 241
172 19
208 975
277 619
257 756
124 894
291 605
285 843
113 663
81 42
195 258
285 674
247 661
1 658
261 280
193 692
98 412
155 505
132 993
198 739
239 295
117 187
90 37
12 190
235 374
74 526
237 151
228 163
24 862
76 469
197 730
227 903
36 878
160 844
129 153
91 152
135 516
146 825
152 873
222 970
210 311
229 114
98 555
55 338
298 487
179 155
266 61
203 492
260 257
244 866
40 326
38 901
20 638
76 370
98 502
275 171
253 671
118 317
36 433
126 995
161 29
247 64
151 33
58 600
194 233
189 801
104 953
198 155
35 618
211 810
53 547
277 266
120 905
34 885
254 769
127 203
162 500
81 949
34 205
145 486
287 118
247 902
137 6
39 257
178 791
11 578
243 891
130 504
251 914
70 878
192 129
290 143
162 842
139 648
106 719
208 122
137 742
282 87
80 314
99 603
13 147
138 195
76 158
222 41
246 215
172 836
284 996
134 191
57 368
63 385
267 946
37 325
133 948
132 407
113 127
274 920
60 935
228 838
42 116
143 144
228 546
269 994
263 915
105 15
85 963
198 591
79 346
289 808
35 569
117 545
144 30
157 351
16 927
114 443
173 337
108 298
128 801
270 236
32 998
278 574
221 212
81 804
30 850
41 851
191 771
8 584
25 735
40 100
125 114
59 802
105 135
249 102
232 735
206 781
32 830
94 943
20 876
58 230
271 602
42 628
263 259
104 543
47 349
195 485
277 496
91 87
16 856
