1200
121 610
102 477
3 527
20 777
62 697
287 955
297 53
289 79
138 393
76 420
281 174
3 384
129 391
292 118
147 478
263 878
266 355
217 209
265 494
285 263
266 562
193 195
33 29
187 441
82 706
216 667
8 856
22 921
283 716
270 622
116 149
249 723
181 366
159 459
98 176
164 226
173 724
268 127
262 378
182 212
222 966
204 772
93 812
252 249
3 356
123 669
197 697
264 372
168 315
114 700
265 918
283 581
211 212
127 353
56 353
109 38
195 760
191 368
249 874
257 785
30 948
4 946
108 252
278 877
78 984
180 161
173 895
264 305
141 799
176 476
72 826
254 333
94 291
26 194
135 968
55 166
293 925
7 293
215 141
55 132
294 447
246 53
237 484
44 34
148 106
119 289
31 70
240 351
193 83
105 415
39 619
199 488
68 916
157 427
22 128
244 901
194 656
90 455
201 613
294 616
235 12
137 661
214 766
169 687
272 201
141 942
224 106
187 698
186 988
289 97
220 152
209 105
89 927
278 59
45 623
183 760
78 191
204 788
19 928
69 77
42 168
158 109
169 466
262 711
230 736
181 325
58 122
65 718
297 111
135 109
214 138
25 8
202 314
118 479
231 382
296 489
218 114
272 734
89 610
10 838
37 842
248 212
269 617
248 218
136 664
44 640
146 188
164 424
197 903
99 132
223 417
284 80
299 61
137 745
204 873
277 884
94 742
72 994
44 55
186 38
179 726
231 924
92 956
179 314
200 913
95 502
148 105
131 592
105 380
149 342
132 255
84 133
31 113
286 224
275 31
126 360
205 278
289 783
199 913
12 810
55 432
291 892
88 879
280 347
132 903
109 129
223 636
54 254
149 712
141 219
1 848
116 934
204 989
263 844
216 102
208 315
60 393
168 309
259 359
48 580
18 995
70 732
140 483
189 574
235 674
14 549
105 130
59 228
260 907
113 178
280 623
44 697
224 759
122 287
193 163
44 137
251 192
43 29
201 886
290 959
265 360
187 822
264 131
224 221
218 677
290 40
205 685
65 531
281 727
146 358
223 536
225 752
202 52
272 1000
229 512
217 409
290 112
45 919
199 450
155 613
259 640
290 229
20 555
72 575
213 983
280 845
229 181
188 746
28 757
164 410
157 529
107 289
41 389
81 36
179 422
286 685
237 929
169 79
164 79
84 144
16 449
35 163
245 348
72 553
160 997
299 652
151 765
25 544
279 458
157 660
269 621
220 292
266 254
242 253
288 84
72 642
16 388
99 412
156 417
271 689
192 746
18 806
128 786
53 189
299 795
191 71
237 112
19 171
20 454
3 49
246 708
257 653
297 188
38 592
258 458
102 168
227 464
211 661
256 946
249 186
73 408
278 105
270 12
127 996
114 732
137 678
35 609
184 8
92 347
244 130
75 426
35 989
298 626
71 375
289 26
254 652
43 859
42 835
216 916
85 28
293 364
60 150
161 268
150 920
102 641
198 197
129 100
66 313
216 106
104 625
288 568
180 935
70 266
42 120
51 764
264 669
88 379
101 771
235 188
90 460
140 171
208 165
104 816
240 205
1 965
128 757
183 677
226 48
248 845
143 421
67 994
276 978
131 213
194 984
64 872
102 735
38 75
148 830
280 587
56 392
180 847
140 718
135 884
75 772
131 56
65 487
69 571
266 551
96 840
201 115
271 213
193 907
256 132
52 102
148 843
107 338
71 646
298 496
129 57
144 767
257 674
32 571
53 8
290 22
283 263
164 777
264 833
138 760
96 93
284 299
269 919
109 153
263 481
75 75
165 796
10 764
106 824
216 902
256 771
46 2
151 205
120 215
123 656
247 817
172 788
31 691
105 834
225 957
182 17
94 120
38 975
154 814
93 371
104 463
161 709
259 209
263 670
167 837
87 98
225 204
245 795
4 400
193 349
214 272
188 852
182 599
74 827
77 920
96 79
58 226
286 699
248 391
12 166
187 788
76 710
108 527
127 494
119 165
52 626
58 635
261 662
203 503
180 172
56 391
289 997
4 362
128 126
66 615
157 754
90 342
134 965
201 46
11 398
220 855
74 991
289 305
34 874
236 186
164 222
54 329
155 252
165 638
211 840
137 907
29 364
177 876
158 679
47 255
124 622
29 393
228 406
100 22
25 527
94 406
12 478
203 453
265 605
84 314
64 135
21 179
149 332
23 180
160 360
217 297
52 787
240 348
131 859
6 477
203 396
77 22
142 400
91 893
42 234
167 452
289 563
45 6
298 41
167 650
123 456
93 357
45 634
254 308
80 404
185 598
8 901
135 128
280 141
67 109
273 553
33 817
59 546
209 19
243 287
36 112
291 921
33 613
12 810
150 704
182 675
74 984
50 819
268 766
37 3
290 78
19 17
179 650
147 380
52 1000
53 391
147 207
171 30
163 96
68 121
133 545
232 488
136 756
79 33
178 976
285 942
64 261
12 336
265 679
53 350
164 683
133 753
12 661
109 143
128 551
213 351
100 720
49 955
72 247
284 889
292 303
207 73
56 439
37 941
114 685
29 599
109 781
231 918
274 171
164 1000
42 964
204 31
146 617
13 704
21 900
1 523
179 634
243 945
271 189
37 3
22 286
194 508
197 4
68 962
132 128
126 913
15 173
27 346
281 555
246 392
260 69
71 977
39 43
231 983
130 207
123 612
238 420
250 22
94 845
266 254
288 323
137 396
10 637
217 683
84 515
128 634
4 861
94 494
112 414
59 716
39 846
130 849
57 35
100 534
36 729
92 984
16 718
153 291
284 247
158 368
266 108
257 306
206 727
25 676
264 926
271 800
285 390
170 606
37 498
153 466
268 753
10 709
22 77
168 43
4 471
108 580
136 459
98 840
8 927
147 198
173 593
257 791
35 480
4 442
200 574
274 259
193 514
129 926
62 420
192 307
165 672
92 738
127 708
114 418
169 144
155 609
100 252
42 609
247 598
168 276
150 190
272 561
134 89
86 448
77 589
163 105
179 50
28 810
219 50
6 353
171 606
214 90
76 978
299 529
205 341
109 601
181 586
178 143
192 837
44 800
4 946
94 664
278 963
180 649
138 730
200 417
98 117
133 606
185 45
174 58
299 877
245 992
44 769
166 246
136 997
90 460
89 181
79 741
295 129
205 447
148 640
147 402
236 609
153 726
150 954
162 43
139 241
239 297
104 231
194 830
259 418
140 952
15 555
62 35
27 833
129 12
192 523
98 971
124 362
104 28
292 489
134 763
177 559
277 72
212 508
123 935
280 971
281 223
64 757
126 878
137 482
268 348
167 34
216 564
232 722
200 763
242 548
260 485
172 572
91 48
18 614
107 674
197 661
251 937
9 906
18 230
248 735
283 938
251 888
298 467
298 177
205 405
6 891
256 191
298 276
119 113
285 980
241 572
91 805
161 509
295 893
58 938
119 910
244 135
207 361
287 275
185 991
218 764
156 477
103 644
239 877
110 429
32 97
71 345
127 970
153 911
180 15
185 837
15 506
152 462
208 219
21 374
59 254
299 593
118 841
138 729
70 241
268 781
233 130
49 766
265 840
137 469
221 342
96 293
297 855
247 783
283 610
122 305
136 555
72 65
275 161
116 360
91 370
133 856
65 366
57 712
121 371
244 833
157 754
244 255
258 871
18 985
251 836
283 751
173 109
253 683
230 948
157 835
193 649
239 55
214 311
9 13
185 387
145 660
261 245
76 830
87 615
62 487
202 770
62 483
11 425
231 562
262 715
27 866
288 392
263 286
131 277
11 635
94 627
148 195
74 101
68 978
225 154
187 485
30 375
85 268
80 498
149 982
289 979
50 29
275 581
130 352
215 528
133 876
233 518
48 43
110 235
207 690
157 658
292 981
263 782
155 735
150 132
268 835
203 188
267 692
5 287
18 424
102 518
224 449
124 579
53 141
295 887
268 337
219 99
189 876
86 190
230 36
159 394
230 393
176 432
186 860
179 496
73 966
157 126
151 774
276 961
250 413
154 477
62 692
43 231
171 907
142 696
33 765
237 700
98 90
8 496
67 612
74 602
145 953
173 494
109 98
85 963
269 759
165 536
83 970
50 18
226 135
22 151
150 764
41 296
121 696
99 271
158 219
41 933
33 53
7 230
295 47
132 129
107 310
26 282
249 394
43 325
6 538
239 148
251 563
293 800
177 254
143 246
268 934
74 517
146 631
172 64
111 521
127 902
106 187
45 526
119 360
3 396
263 143
225 718
223 251
59 579
194 877
106 272
71 852
142 689
283 719
299 680
200 476
185 742
299 943
133 627
6 96
216 518
207 858
288 675
5 36
104 546
179 419
88 611
287 296
58 298
197 79
21 915
127 504
81 734
289 144
65 950
288 840
218 863
43 809
293 211
63 388
21 950
138 25
5 437
26 165
3 885
58 649
219 454
125 49
294 250
192 121
37 160
54 846
94 527
73 721
172 300
196 112
34 952
68 842
83 791
60 343
198 578
133 483
90 752
174 845
147 32
298 169
44 482
127 190
155 789
118 748
95 22
151 141
232 437
237 189
106 307
101 35
16 10
251 401
207 873
60 203
61 873
207 707
97 355
295 804
141 110
11 237
47 305
182 359
87 733
270 448
77 282
204 502
6 123
125 653
298 987
216 901
48 557
86 16
76 169
135 640
74 568
154 875
122 803
119 290
39 410
256 163
173 118
202 525
77 741
126 382
192 960
58 912
17 487
252 842
172 301
46 839
250 171
257 800
48 11
152 27
115 924
31 255
112 686
122 467
220 927
105 612
270 43
254 233
102 520
142 163
61 633
100 245
65 934
207 751
211 512
188 328
244 885
30 26
59 345
76 740
55 466
249 215
247 258
225 513
114 250
180 446
283 604
130 321
74 477
150 943
131 318
56 116
127 894
253 125
190 68
107 485
46 846
221 7
146 796
4 87
267 953
214 27
113 88
79 43
278 696
299 867
132 377
298 83
273 464
53 572
82 687
132 287
290 260
295 990
212 692
174 722
159 417
288 198
61 852
31 753
181 64
91 82
47 823
2 141
292 550
51 950
168 841
156 905
38 478
55 850
65 628
50 674
185 520
18 148
141 791
102 759
272 592
3 992
224 390
166 404
239 759
265 162
150 937
178 634
42 373
251 192
105 871
155 547
152 541
283 756
9 792
156 242
193 421
194 549
172 950
154 300
113 786
281 322
266 270
222 109
142 239
207 76
244 36
257 356
27 97
244 388
182 453
178 111
51 185
93 748
257 878
204 397
66 275
174 411
36 254
194 261
221 609
204 887
35 750
223 358
190 93
251 123
19 966
93 185
135 144
101 469
293 361
57 258
149 757
165 96
140 2
158 648
23 495
163 572
149 416
282 297
168 230
101 644
141 2
145 112
106 32
212 970
164 678
231 985
113 909
115 373
70 885
284 19
36 473
181 90
170 672
70 309
233 245
