1400
196 503
39 744
260 209
254 153
25 924
209 393
282 684
271 899
111 890
241 147
96 473
106 320
50 136
11 590
299 529
327 178
270 594
16 744
347 324
92 740
80 578
243 25
116 350
300 688
44 778
334 355
168 821
178 765
258 587
123 221
185 358
99 668
238 943
53 434
246 823
45 783
249 81
337 340
40 574
262 177
303 490
270 39
85 871
78 327
101 68
197 119
331 494
304 734
40 272
8 586
179 887
347 101
132 20
150 464
270 108
174 328
126 678
280 990
129 56
350 753
319 649
306 422
254 791
7 909
291 834
61 625
169 880
270 634
96 981
198 27
332 11
111 159
350 632
289 290
6 333
250 604
49 231
39 16
138 738
10 970
308 642
220 726
308 981
184 367
327 652
309 11
211 455
97 195
341 245
16 566
195 763
169 603
264 347
301 131
245 979
341 152
118 560
279 775
121 959
120 821
244 19
240 970
173 671
112 359
35 624
348 796
102 934
187 499
84 829
282 552
294 73
279 487
172 422
308 673
172 66
47 90
130 723
114 460
25 808
298 321
146 409
267 812
88 431
97 251
217 882
111 166
283 792
118 14
240 918
194 530
245 435
88 514
319 806
78 210
210 673
273 166
251 661
137 228
91 608
166 129
67 428
296 255
245 405
123 522
205 797
280 782
321 236
218 286
86 497
29 305
98 497
327 923
188 368
245 988
10 827
57 542
163 948
204 473
257 939
175 167
29 985
21 18
159 818
55 70
50 214
152 393
183 857
346 264
261 168
198 194
71 961
5 65
152 773
99 816
144 144
15 61
71 702
49 650
310 970
210 838
114 787
287 464
51 834
164 622
20 710
144 189
201 575
184 518
291 638
47 311
69 341
26 737
32 73
292 240
248 490
18 105
270 709
324 806
58 853
270 747
199 465
133 119
268 902
115 192
226 841
51 296
320 79
243 996
79 237
217 654
90 811
80 174
87 478
208 385
226 864
147 397
243 183
120 343
78 603
277 876
315 794
145 196
32 290
92 615
28 852
126 498
117 329
348 429
283 502
217 513
262 222
53 636
316 922
130 630
322 448
66 145
350 569
7 863
72 182
196 524
82 474
236 847
205 637
16 231
303 590
124 652
37 609
37 744
233 565
186 208
104 263
123 516
204 303
18 658
338 30
308 816
67 290
301 615
221 933
11 113
238 264
291 905
2 170
31 994
27 49
106 646
156 94
12 486
344 631
291 690
74 96
125 750
279 344
340 123
196 131
335 489
179 98
188 408
183 194
312 473
282 792
226 754
1 558
349 179
40 89
130 483
30 875
232 302
308 527
270 1000
343 509
193 646
238 497
326 986
143 186
84 749
139 405
257 396
309 3
333 262
152 248
154 527
47 542
53 238
261 209
15 141
57 998
332 394
79 176
109 568
290 570
3 807
94 108
188 725
40 818
65 62
232 868
211 31
162 412
148 614
306 341
260 925
186 435
274 410
32 898
27 370
93 110
243 357
264 933
199 507
177 977
190 505
15 676
104 929
77 477
345 965
128 107
148 845
169 447
159 440
36 841
256 732
222 729
274 875
218 407
115 438
73 944
93 699
26 553
155 975
284 549
315 459
163 430
211 47
146 551
110 478
156 876
344 557
139 451
57 793
81 933
181 723
208 473
346 360
34 614
2 628
51 932
68 634
307 417
162 494
293 338
239 842
26 944
248 941
257 502
126 323
151 437
221 601
314 901
36 657
149 742
72 233
38 185
268 280
89 780
174 252
213 249
170 702
53 796
249 209
160 806
254 479
182 487
17 482
65 408
260 453
87 817
237 639
218 437
297 632
298 149
151 620
11 880
221 295
172 661
240 236
203 983
77 412
109 850
56 944
227 789
5 236
323 175
288 206
157 535
212 581
326 524
217 594
251 487
272 960
347 831
309 65
339 333
323 19
324 221
306 399
12 437
315 12
66 627
165 930
32 61
112 480
21 654
31 758
41 520
128 78
44 845
26 946
277 276
242 756
320 180
265 670
198 808
19 304
89 358
315 476
183 510
68 697
59 938
64 139
206 336
119 279
40 16
157 124
68 562
336 653
244 295
191 756
221 950
127 485
50 538
142 385
238 246
271 953
46 364
50 703
132 24
214 10
256 567
224 922
15 690
37 665
197 976
313 947
253 582
248 763
140 96
292 825
293 274
53 788
168 621
23 2
304 968
279 989
321 190
128 278
123 862
237 778
304 723
226 550
116 601
337 829
252 443
15 337
204 723
303 780
291 219
34 94
104 694
108 451
163 273
20 150
268 598
292 69
252 372
60 451
263 683
148 734
194 276
185 556
46 121
213 574
67 235
236 220
183 468
145 313
280 174
331 63
205 142
174 617
133 474
253 727
128 682
106 248
6 995
32 478
133 572
185 518
224 971
210 85
55 906
69 713
133 846
69 477
171 751
108 382
320 127
257 115
261 445
29 1
15 317
216 738
280 470
159 969
18 590
180 348
48 655
96 394
115 175
97 820
144 348
304 193
126 502
323 824
27 974
327 851
214 582
275 60
114 852
160 732
240 693
121 409
210 569
339 139
45 83
134 496
314 526
91 412
188 251
347 714
326 16
136 383
192 283
203 769
195 517
127 522
5 234
191 878
266 794
7 944
188 489
119 989
237 252
292 728
292 191
299 393
182 50
101 643
228 153
266 660
39 755
5 376
181 746
51 451
81 87
313 74
181 48
341 283
125 853
332 602
194 438
237 731
333 902
195 131
242 3
342 721
276 458
236 44
102 746
207 342
38 548
246 846
84 994
230 947
174 740
234 317
245 598
317 72
271 450
163 623
273 737
116 289
137 238
132 524
235 402
216 278
278 755
288 421
186 5
226 170
268 652
63 683
199 507
210 594
106 140
118 277
209 212
262 992
176 972
145 963
170 39
25 182
64 993
118 157
24 374
128 708
147 276
159 725
142 98
92 938
31 601
212 296
148 878
151 679
194 744
64 341
297 696
67 948
305 883
289 486
338 661
148 602
268 774
217 919
125 543
350 801
60 704
309 897
74 358
284 910
321 250
160 434
206 134
240 998
302 36
272 562
231 302
5 507
95 67
228 529
334 274
349 593
120 639
101 838
309 551
97 383
310 601
23 206
150 148
76 532
229 999
181 383
125 356
179 408
208 456
311 133
245 451
324 117
64 108
111 821
40 404
56 163
13 771
263 222
66 760
298 635
180 629
343 118
313 895
13 357
22 554
1 988
219 863
244 969
176 629
146 626
95 995
270 990
244 495
177 870
195 235
124 458
303 98
332 366
194 878
250 276
3 383
292 364
330 432
150 633
121 848
343 902
336 532
33 648
101 594
314 152
330 544
186 660
123 319
210 257
197 299
162 771
332 707
63 466
111 852
88 907
121 443
93 695
112 739
54 46
111 847
262 802
62 871
84 147
84 655
98 159
64 737
32 488
342 358
175 67
242 750
287 427
331 627
140 618
39 875
9 464
39 77
31 148
300 364
106 62
17 517
11 376
255 523
350 374
133 704
326 110
185 238
158 979
7 62
281 505
13 853
80 56
237 702
300 225
249 77
18 906
232 205
292 370
329 836
49 488
151 961
218 358
346 334
333 63
52 180
105 399
79 896
2 69
20 58
279 544
73 861
113 767
167 160
193 450
231 756
42 549
240 268
211 534
105 791
69 351
154 8
211 147
154 222
143 31
115 107
183 822
280 243
336 551
42 785
192 426
147 183
170 193
8 324
273 849
198 715
129 701
313 219
289 830
254 413
86 986
123 315
27 334
285 792
197 55
214 269
182 166
270 547
74 653
33 952
95 319
209 499
180 348
90 776
246 94
350 138
117 199
225 550
107 853
136 491
48 19
283 700
176 237
35 557
136 104
140 780
269 871
216 177
84 206
74 84
251 559
340 15
62 951
341 726
131 117
145 243
164 480
50 364
111 837
160 875
223 759
238 472
88 385
172 901
161 101
150 144
33 54
249 976
173 866
55 382
230 337
145 143
243 569
180 417
164 561
183 68
12 738
212 989
52 294
116 290
196 656
275 533
103 142
228 189
157 970
115 197
131 827
243 613
342 994
25 546
164 366
129 962
90 127
28 737
53 760
102 918
85 615
211 250
345 729
314 530
271 769
253 734
172 428
123 710
132 266
102 926
48 491
59 965
347 494
198 297
287 542
234 850
157 198
23 478
128 151
58 987
287 484
208 377
94 968
328 686
185 989
292 321
156 803
300 955
323 945
11 983
42 374
244 692
310 471
161 750
328 190
312 283
6 19
130 188
223 706
232 156
181 762
3 629
299 18
243 882
92 178
331 392
289 434
188 482
201 878
162 8
275 553
73 479
208 799
327 173
263 42
116 238
143 570
203 882
145 855
1 42
287 309
288 74
112 295
44 972
102 981
252 710
114 638
197 23
307 614
342 776
301 579
143 188
161 293
2 505
231 716
30 882
171 488
17 979
38 52
268 259
16 894
113 693
229 504
172 2
65 592
322 713
233 443
41 323
41 515
97 315
4 212
197 982
311 525
168 337
224 834
36 1
164 170
90 893
251 569
139 954
256 37
276 526
90 216
34 733
161 665
175 157
347 542
189 961
166 21
237 70
203 818
142 219
325 194
239 412
302 494
38 118
144 801
110 488
63 725
320 950
198 873
30 802
132 647
292 622
179 425
314 614
192 474
344 311
256 540
137 748
228 245
24 877
30 20
241 395
315 279
117 654
33 324
23 254
39 353
44 869
339 779
127 89
131 666
331 442
190 366
12 670
213 441
59 483
258 689
324 897
280 870
162 448
213 954
170 374
114 23
259 860
332 791
284 881
159 197
269 15
27 509
172 11
234 789
225 93
113 675
149 31
160 618
122 809
211 30
140 474
168 810
174 454
101 892
227 900
158 611
307 3
152 323
44 140
340 296
327 926
270 259
49 540
337 69
7 498
167 902
285 275
246 914
283 557
21 91
102 71
110 795
67 871
280 670
211 733
343 12
20 135
66 94
178 185
79 884
177 276
86 548
214 952
227 538
243 668
249 176
212 806
64 447
54 100
67 620
2 553
261 104
112 544
196 829
143 954
60 622
117 340
170 857
114 857
154 407
110 909
32 39
300 666
305 323
58 806
2 675
239 781
163 838
347 456
165 754
182 429
178 706
347 423
26 122
225 650
88 983
141 172
145 167
189 497
37 140
134 985
165 112
245 447
89 943
196 392
121 584
245 777
248 465
17 622
88 526
23 403
188 308
254 356
94 845
257 981
152 431
84 239
279 502
344 415
256 673
30 235
30 841
104 114
193 289
348 644
192 949
106 429
145 536
186 99
306 356
160 53
174 609
78 840
338 946
219 709
11 56
152 768
345 252
246 468
81 610
269 540
19 434
309 841
149 309
326 246
100 704
50 960
42 771
92 740
223 725
22 812
245 269
244 159
98 383
276 799
232 567
189 471
271 405
264 67
83 122
290 107
277 324
313 273
265 210
318 678
273 518
250 578
102 12
238 420
89 602
110 763
181 815
120 870
54 627
332 366
4 602
184 529
299 24
136 452
241 567
253 719
248 723
45 969
42 491
311 20
153 162
111 689
95 52
342 857
284 404
28 75
3 74
263 588
99 84
245 189
346 421
322 642
44 488
346 472
260 246
329 562
250 152
190 390
165 418
155 704
35 719
287 558
58 75
136 338
316 794
94 337
120 873
303 645
268 909
175 81
321 544
199 802
261 510
25 328
235 915
248 337
233 193
110 871
96 672
163 730
144 662
65 922
42 931
52 83
305 84
130 766
147 822
61 759
170 971
250 655
98 318
207 371
118 844
268 859
42 283
92 515
53 561
134 140
133 195
151 742
233 433
190 985
4 952
83 57
160 581
258 655
30 28
297 566
126 582
218 263
259 183
89 31
310 307
6 975
163 667
244 308
130 90
171 381
3 423
152 627
223 944
91 663
229 52
225 199
2 656
9 63
20 88
167 948
16 366
77 182
258 840
219 56
206 310
41 569
206 272
180 9
211 360
108 634
18 854
200 424
215 447
41 947
320 834
24 226
344 15
38 843
102 212
198 993
224 367
53 351
120 414
80 283
228 131
282 879
256 220
154 407
313 513
156 291
156 839
173 982
30 990
291 321
156 352
61 766
124 805
142 871
32 337
213 481
75 381
245 656
251 856
115 954
229 581
148 658
155 359
140 54
33 126
124 859
71 661
113 964
170 564
72 376
349 443
148 187
342 164
68 998
310 162
10 227
254 368
21 242
117 431
93 182
219 444
4 216
235 340
108 912
71 844
137 426
118 512
69 642
155 375
185 840
302 555
46 231
286 330
220 394
38 277
35 153
191 116
83 838
23 129
