1600
46 935
351 288
100 219
121 788
310 651
215 6
267 494
334 141
116 962
201 761
267 9
184 685
112 407
125 974
271 820
129 824
379 653
381 688
210 924
220 73
61 338
3 335
151 463
225 976
391 941
393 85
165 973
374 483
361 830
194 788
214 797
129 93
85 468
378 164
72 246
277 435
239 329
229 273
208 653
340 138
54 543
213 643
200 513
106 127
268 536
341 679
339 639
364 438
336 438
178 742
64 227
361 614
25 884
164 944
212 696
9 196
353 634
364 165
207 373
267 647
387 615
363 888
204 220
243 435
74 494
95 35
46 371
71 364
161 730
132 368
297 641
17 108
277 654
30 429
308 193
316 777
37 306
197 851
299 608
331 173
10 495
270 391
141 354
267 866
332 141
379 901
304 746
98 443
109 639
239 797
383 863
6 283
184 351
103 678
24 445
96 412
359 636
295 997
297 503
375 840
361 975
280 598
252 94
290 815
21 362
338 117
260 583
304 435
110 890
158 582
240 49
385 771
86 779
280 688
72 583
360 943
1 314
101 88
220 451
117 960
46 127
32 417
86 68
114 523
391 707
293 670
134 575
168 824
58 616
127 251
106 352
263 14
217 250
80 246
111 707
219 863
387 168
98 748
67 469
245 945
177 107
185 975
187 753
187 483
316 268
336 67
92 319
284 327
106 996
386 787
267 259
380 638
44 197
52 184
319 208
138 287
305 643
118 807
77 224
330 292
305 542
165 172
43 437
162 45
343 243
51 966
2 828
284 551
339 406
364 821
73 718
318 627
124 970
272 322
271 288
57 214
9 289
16 262
354 305
219 373
342 647
133 586
139 308
186 587
353 395
35 673
4 168
345 868
265 747
55 773
28 822
348 996
235 678
390 246
305 22
230 805
235 949
375 191
294 168
102 48
106 867
253 810
101 752
88 30
140 120
97 360
286 107
316 913
279 351
208 472
32 540
129 520
204 589
221 15
105 102
48 973
64 773
40 24
1 360
307 671
119 562
10 387
368 962
181 421
75 861
322 704
156 47
249 772
213 668
89 283
137 589
373 863
58 299
182 209
177 720
73 874
334 943
177 876
49 625
79 868
142 302
326 75
268 285
319 966
251 970
274 470
366 717
41 282
274 648
170 214
97 332
81 875
51 121
164 772
78 23
57 592
22 712
302 800
22 154
241 108
160 587
365 930
257 762
253 669
153 225
140 275
183 72
321 32
135 640
120 24
369 210
345 111
43 620
391 528
364 314
23 276
300 979
44 118
348 689
41 92
28 403
61 96
95 839
381 447
153 858
302 950
351 82
1 522
371 338
141 133
260 704
230 487
70 549
371 518
357 545
133 949
73 300
294 511
141 897
376 80
149 840
39 696
39 653
19 831
240 629
273 455
331 968
116 490
373 24
69 228
20 534
225 939
313 97
123 304
144 396
336 764
245 274
187 83
400 690
371 128
4 439
372 613
325 730
210 886
214 907
167 190
130 869
378 785
185 836
96 72
243 330
5 256
151 665
324 276
108 193
187 709
239 772
261 263
118 632
236 24
350 74
230 621
197 231
65 463
85 687
279 465
80 240
248 106
131 651
98 368
335 886
34 977
353 95
349 780
304 620
226 969
228 666
7 383
111 564
234 455
50 370
315 540
334 846
111 195
72 499
111 577
36 537
189 726
327 290
119 604
68 899
155 787
346 200
183 138
89 622
329 526
91 310
56 891
195 311
345 92
35 753
293 462
37 545
70 484
166 410
231 278
15 678
255 854
171 746
154 517
62 987
335 650
287 967
275 157
361 863
47 383
372 901
326 875
10 923
181 91
288 907
230 701
102 750
372 9
59 56
78 85
185 998
185 203
242 426
37 505
337 543
166 418
251 739
283 39
34 824
330 589
238 39
227 10
264 746
324 362
92 313
52 473
64 540
310 908
165 563
73 366
12 982
164 932
191 179
382 495
97 752
8 603
95 511
10 600
295 48
367 378
245 202
267 296
282 760
268 767
378 188
270 89
141 82
269 725
324 622
117 912
325 331
40 639
178 279
200 809
75 856
51 311
310 585
221 467
73 386
34 374
122 330
195 419
254 711
268 994
72 366
19 713
320 118
72 673
47 517
106 282
218 341
342 136
303 720
255 432
306 489
41 474
120 162
333 24
172 76
72 944
54 180
158 592
293 635
112 140
82 310
281 179
338 120
326 19
219 21
311 762
192 52
314 203
219 278
13 537
100 383
4 759
76 316
239 91
320 2
138 950
376 203
210 149
245 375
111 126
85 281
34 368
38 390
151 893
51 87
293 442
125 744
25 93
358 297
292 23
368 93
195 507
319 442
22 85
122 918
103 319
207 275
337 657
299 628
225 315
311 767
11 620
195 92
79 230
63 884
280 236
196 275
252 340
332 983
153 243
239 783
252 621
140 611
375 37
77 262
158 517
279 274
42 836
1 987
329 647
280 295
139 904
144 635
301 453
232 244
249 296
199 983
4 597
124 705
263 310
309 477
348 769
163 180
340 263
84 784
216 223
170 146
263 495
214 43
277 585
331 599
239 896
377 146
365 667
153 781
145 420
38 723
237 21
233 418
299 3
6 322
364 437
278 377
69 313
302 912
151 854
100 499
178 9
163 326
69 506
14 206
67 209
4 813
73 737
114 513
337 554
270 659
93 167
390 492
108 636
65 972
55 1
266 204
258 44
13 602
389 610
347 664
346 997
33 441
351 945
153 939
334 414
241 469
296 464
23 983
114 489
252 872
258 460
109 682
141 697
265 332
358 638
134 318
293 886
275 623
28 460
90 9
281 859
190 867
220 980
175 562
199 269
314 922
370 86
334 791
242 110
284 916
177 366
116 17
167 779
268 494
366 504
282 798
388 79
225 222
160 644
346 411
288 941
75 739
58 210
274 768
290 847
42 516
20 936
60 943
153 993
137 572
29 639
206 125
97 664
229 935
247 429
140 992
350 599
359 623
192 364
363 91
258 305
72 436
245 415
26 269
159 310
100 41
377 615
234 999
275 333
371 592
177 211
14 277
204 873
249 458
93 684
349 281
299 673
261 914
19 713
359 410
190 884
172 845
251 797
255 34
249 516
220 966
221 665
115 895
367 330
271 125
360 759
253 876
14 182
107 707
302 587
20 830
35 891
178 89
34 670
8 48
33 428
52 421
82 13
242 411
235 706
16 565
399 861
180 293
107 17
106 736
132 698
48 237
378 158
337 581
72 967
242 33
312 611
24 654
388 593
26 990
202 705
98 344
261 217
162 192
160 544
366 647
5 378
233 963
390 287
314 774
264 399
108 758
155 35
367 526
261 843
197 547
240 259
244 668
179 135
158 181
69 752
188 655
78 99
65 954
36 16
69 669
62 589
126 145
168 906
122 538
15 705
33 553
223 410
227 835
176 946
80 64
189 20
210 727
319 903
58 383
205 147
355 855
376 895
367 490
129 916
42 896
300 900
355 787
132 900
357 429
98 156
48 915
295 958
199 901
76 683
3 382
108 880
205 875
126 342
313 293
384 129
194 784
20 548
261 708
213 239
141 57
364 336
124 603
215 453
281 432
288 934
218 898
281 721
16 416
359 244
327 458
213 600
59 600
318 884
288 602
367 104
334 55
20 79
396 955
325 804
4 133
276 147
386 379
203 123
91 355
289 563
349 559
379 223
349 669
164 502
224 998
54 109
82 977
283 236
377 829
146 583
181 481
145 275
12 400
85 621
71 645
353 885
194 868
7 63
188 618
13 288
211 844
59 576
64 254
204 46
95 209
126 452
63 116
200 546
59 395
255 413
86 879
179 297
229 289
352 764
183 121
192 506
392 48
147 317
101 729
259 637
46 668
379 62
88 106
274 314
20 240
96 487
145 152
246 136
260 795
12 148
304 843
213 662
124 876
275 731
353 348
154 280
97 541
108 853
272 756
242 865
377 223
316 178
241 941
133 57
34 879
62 900
278 741
376 132
343 111
270 453
255 145
258 422
244 424
268 553
223 610
248 734
277 259
262 297
392 464
240 622
232 302
6 910
149 996
316 586
115 245
316 793
147 438
159 290
223 947
329 227
361 403
149 5
114 513
173 579
55 569
26 614
33 620
278 737
178 644
304 17
208 354
310 862
81 371
45 447
123 520
126 538
335 797
397 139
137 422
48 278
35 472
52 788
355 319
213 513
177 54
28 731
273 722
186 43
69 806
25 752
196 917
255 578
252 733
314 915
161 787
291 684
179 761
110 214
260 634
254 867
366 933
88 349
266 827
214 730
231 331
399 699
74 883
395 923
250 245
167 835
316 897
333 753
234 196
99 511
261 312
253 148
91 185
1 305
280 435
224 911
384 831
247 763
377 345
132 264
144 608
68 46
278 188
191 547
285 745
165 722
327 797
19 636
37 521
187 996
222 130
146 443
149 277
352 173
351 921
142 966
310 937
399 945
221 736
138 598
91 500
42 250
255 284
322 483
346 676
42 976
344 569
335 176
397 785
382 359
139 198
170 945
267 971
117 781
399 976
39 581
224 585
81 662
183 662
310 689
71 889
362 93
144 696
157 145
336 845
198 470
365 795
184 289
254 227
306 600
96 524
216 112
382 158
339 265
292 65
313 288
291 662
149 326
337 856
134 228
272 195
188 94
71 33
271 452
385 567
202 316
395 623
375 664
330 622
110 362
120 191
66 281
264 873
112 689
291 887
1 203
73 74
16 246
305 849
340 599
290 642
97 352
130 180
396 265
175 552
323 325
276 236
56 231
106 827
51 705
56 91
286 891
95 380
272 63
221 57
248 758
258 243
154 250
66 110
188 887
83 218
399 580
52 161
215 113
206 176
59 809
196 953
374 384
117 747
361 730
264 983
195 497
231 478
281 695
33 177
185 702
375 375
320 35
285 627
71 864
253 817
262 771
293 315
243 106
132 207
256 707
374 162
315 848
349 297
347 261
338 445
371 738
168 994
9 263
214 85
300 485
362 438
396 173
118 591
305 791
36 317
246 276
372 312
159 858
85 531
189 918
178 192
269 208
325 601
354 623
258 917
34 802
76 189
16 718
224 854
81 885
225 957
5 760
347 166
125 131
370 393
194 406
322 778
272 270
258 910
366 144
154 64
237 837
229 955
167 308
281 65
287 662
114 12
398 341
290 789
3 248
66 999
338 117
291 332
344 601
180 26
339 476
80 612
123 206
328 122
367 332
40 44
40 573
240 879
221 967
252 624
19 460
168 682
59 338
67 170
23 919
282 810
324 202
175 764
205 526
186 788
325 56
377 747
54 286
78 27
32 860
175 876
204 935
83 64
335 770
226 11
304 222
67 620
88 628
69 954
191 255
165 626
232 924
12 7
171 43
39 772
188 833
188 598
185 732
192 173
336 177
186 329
344 804
318 760
43 244
85 164
277 581
339 52
302 383
1 179
146 385
345 938
318 336
154 509
198 573
40 281
315 372
202 383
109 991
377 889
189 940
178 403
279 902
152 265
396 628
116 47
378 610
358 353
362 344
277 186
172 111
120 985
304 601
325 48
232 567
385 763
144 182
21 762
168 145
55 273
150 237
345 571
38 687
301 414
131 622
77 226
95 789
25 606
106 687
360 564
110 302
94 215
387 307
220 256
297 887
262 309
347 345
57 908
304 719
268 990
360 731
348 967
302 438
240 823
120 165
276 932
389 718
53 892
114 416
247 575
127 668
37 176
289 670
132 850
149 319
261 178
212 130
1 507
165 404
133 664
139 364
176 50
109 960
82 15
11 958
372 400
341 698
386 259
26 740
371 856
142 48
187 421
65 497
300 605
79 298
398 302
95 183
279 228
30 28
64 284
202 914
69 157
309 979
326 375
25 120
347 274
308 117
315 794
143 419
394 575
292 764
90 398
104 563
135 50
263 966
385 177
325 7
355 524
233 581
300 442
290 592
346 623
312 99
137 496
147 774
26 748
246 914
169 245
329 935
379 671
54 117
45 147
141 232
162 926
18 68
272 897
310 670
397 284
252 753
382 20
36 336
80 539
387 875
83 320
316 702
159 303
362 510
132 270
262 22
238 106
2 560
68 647
342 969
104 736
106 970
26 187
130 843
29 292
120 827
229 831
77 143
323 890
210 12
43 177
16 652
61 750
78 93
101 50
268 347
181 187
260 25
342 80
65 735
100 793
344 688
121 907
279 431
241 182
44 487
198 470
117 405
399 78
355 706
228 714
21 748
57 321
359 308
219 212
316 491
86 927
15 651
308 542
389 962
74 774
147 482
22 896
81 761
133 647
127 905
276 318
190 646
113 242
399 331
184 854
148 380
337 376
72 687
285 175
308 864
228 208
253 831
12 471
233 934
355 90
303 169
31 336
52 550
38 968
241 482
318 464
15 611
335 965
190 589
346 370
214 641
94 166
200 662
361 625
51 37
244 397
98 176
238 314
306 260
28 325
362 525
339 620
331 60
86 552
184 297
312 298
92 442
225 518
350 381
147 328
394 785
369 917
368 802
325 888
328 107
270 737
4 930
137 937
199 999
347 883
24 924
263 887
324 376
117 603
52 551
60 21
361 83
305 945
370 941
25 891
386 879
84 89
120 96
103 202
112 275
368 857
199 605
29 210
284 971
375 137
25 195
259 741
389 700
338 145
247 648
48 813
363 946
380 220
315 276
123 359
238 697
343 128
242 396
400 688
366 831
331 180
88 200
272 217
204 107
74 526
298 158
182 17
220 670
29 377
106 337
204 89
90 700
292 828
101 196
81 529
144 829
305 947
375 404
344 834
179 54
224 462
112 175
125 739
37 257
349 603
113 200
205 158
400 970
348 992
15 97
82 466
245 11
227 10
239 249
298 680
77 393
33 710
249 927
322 284
88 304
5 485
150 160
7 66
349 410
283 311
137 306
309 190
368 636
313 538
345 345
190 731
92 585
221 312
312 637
205 705
380 756
346 535
120 108
188 841
24 1
246 584
349 136
28 732
397 105
382 404
144 925
116 36
368 907
18 776
127 127
334 789
218 14
341 867
363 907
150 990
46 455
117 772
163 53
379 472
68 749
344 24
72 181
350 927
175 11
169 647
248 50
399 702
256 42
69 128
157 573
164 762
287 286
230 96
111 811
96 765
300 880
50 127
106 295
212 604
251 26
400 455
218 360
103 880
376 191
79 582
117 784
213 556
51 172
144 35
371 876
83 500
305 527
39 659
89 780
163 169
331 436
196 431
303 341
29 480
352 293
1 795
185 734
261 263
294 750
