1600
272 790
174 241
51 742
116 188
340 754
157 661
175 866
106 139
158 8
249 683
365 894
242 448
75 436
185 224
215 969
229 330
352 462
260 590
257 855
351 632
349 863
17 552
130 351
10 809
155 509
141 627
244 874
143 592
197 333
77 906
3 724
98 184
108 935
92 84
256 255
182 747
110 357
166 825
25 999
53 390
218 339
199 129
245 912
248 289
357 53
51 678
63 701
134 278
204 340
157 897
162 509
358 583
231 269
163 372
224 746
234 513
237 201
154 545
160 19
73 337
385 853
342 722
287 219
305 114
310 895
183 773
92 75
330 985
49 547
320 375
91 211
221 571
280 195
182 135
85 833
248 471
291 78
138 123
82 56
276 509
222 802
278 835
49 10
260 179
382 411
128 323
176 466
398 909
7 235
172 875
398 809
177 784
197 267
304 375
213 851
364 78
80 426
254 631
302 207
115 951
385 23
203 58
169 24
280 644
262 919
176 866
221 132
35 549
184 813
114 586
32 492
300 803
75 669
260 900
28 429
239 569
299 324
303 237
42 220
293 688
11 756
242 393
293 821
101 432
190 695
161 138
275 147
384 221
388 173
176 383
180 403
11 14
65 37
109 131
32 791
304 179
127 144
62 338
147 319
150 867
103 598
115 379
306 717
65 490
348 656
187 915
89 780
348 691
384 587
356 604
326 658
232 859
139 811
210 559
378 335
357 315
342 69
79 689
277 953
356 726
399 913
32 170
154 235
212 446
157 679
194 773
326 969
398 355
276 801
166 670
38 288
170 837
235 304
400 771
243 302
203 654
70 28
32 385
343 488
80 221
230 790
249 502
80 940
145 264
171 737
217 868
361 497
122 255
236 630
361 661
65 505
283 355
234 562
196 362
276 51
283 112
98 533
84 453
301 389
302 160
43 765
202 216
323 500
116 433
18 50
373 627
43 809
336 918
359 461
246 315
103 111
23 379
334 10
330 697
71 688
81 878
257 335
231 770
80 386
305 100
70 150
46 463
347 376
355 131
70 690
208 659
67 223
335 21
232 8
289 756
391 913
111 990
1 776
196 341
190 452
269 888
242 584
49 484
350 973
264 625
320 98
209 914
282 544
349 600
129 837
165 820
41 960
136 439
398 855
92 334
35 971
252 788
102 329
107 632
70 943
242 349
197 811
90 722
349 837
379 297
154 275
115 580
359 646
109 569
383 530
370 170
129 197
120 42
137 625
273 331
160 218
264 769
340 286
199 360
57 2
221 785
222 548
212 701
283 828
5 535
267 267
234 778
275 887
228 515
377 948
351 163
117 979
220 53
379 350
258 434
107 684
21 738
250 200
279 115
225 932
221 228
338 671
319 15
214 108
34 62
240 603
168 396
397 525
319 684
199 746
331 804
152 412
26 838
119 478
387 463
5 486
31 76
12 520
196 526
51 691
138 542
187 612
275 877
234 367
344 412
209 579
55 526
59 169
284 623
24 83
21 177
86 9
352 502
36 687
17 473
168 367
237 204
254 984
248 529
227 311
50 252
105 944
93 61
181 727
114 411
161 713
342 79
168 866
183 338
284 596
166 462
275 644
280 131
248 923
29 159
336 936
190 42
201 205
309 135
392 825
398 201
265 411
77 169
214 862
327 927
294 848
395 105
319 132
298 723
231 531
23 955
96 899
267 264
113 379
128 184
256 955
320 415
278 982
22 10
121 316
380 351
108 283
252 469
321 116
279 626
362 373
45 96
362 280
168 785
350 931
82 792
130 746
392 346
221 200
122 591
320 449
29 403
166 868
75 654
145 550
29 700
356 494
31 979
317 491
381 705
88 87
252 603
263 821
154 203
133 755
228 874
124 981
43 96
334 854
336 437
122 342
319 52
373 366
334 888
301 515
184 291
71 521
288 612
85 572
245 645
373 889
385 7
375 916
10 697
9 452
163 174
54 304
55 970
84 847
118 664
161 947
207 485
68 861
363 831
339 531
241 501
98 218
190 438
296 166
29 603
19 294
7 345
11 387
394 134
293 612
307 6
9 665
32 606
291 343
318 66
237 933
246 785
185 766
337 867
150 333
155 296
130 231
323 426
79 953
363 308
366 999
26 496
207 508
388 382
95 697
134 706
220 43
17 921
327 68
390 498
138 463
385 984
331 231
366 716
301 848
76 530
217 490
260 928
195 293
126 196
36 60
309 138
234 768
212 583
328 2
48 104
223 78
357 45
306 622
380 325
280 118
5 372
82 143
36 136
340 92
50 286
343 821
334 978
184 247
59 57
21 548
88 259
387 836
265 152
307 992
184 896
253 880
255 622
140 899
324 602
110 185
55 182
162 696
286 441
178 275
121 389
266 817
157 517
359 762
327 854
165 262
383 450
212 672
358 702
100 623
113 248
364 875
396 605
164 875
236 25
358 113
356 780
368 499
207 162
329 834
61 950
167 92
151 938
181 468
91 644
14 143
50 991
55 674
371 470
267 634
45 475
292 398
273 851
389 423
275 349
118 531
295 735
350 212
213 318
185 42
282 109
20 606
291 178
193 845
361 217
380 440
187 643
150 775
232 286
298 45
208 28
289 510
309 176
66 769
53 921
302 171
387 446
115 145
287 559
42 77
5 155
364 319
125 772
294 11
366 760
53 719
244 226
217 511
192 990
360 414
359 943
100 286
5 907
134 388
173 220
310 537
14 446
107 767
266 396
355 873
40 119
42 770
98 999
128 704
354 454
91 503
311 110
239 587
114 264
235 170
258 11
332 582
98 636
357 904
258 953
274 376
173 559
235 431
191 727
236 857
96 608
237 302
285 276
170 224
278 956
67 898
155 803
149 439
311 734
132 636
22 369
354 621
184 862
151 726
161 687
101 253
21 467
290 801
241 986
70 199
317 134
264 844
211 370
329 622
386 219
390 841
368 758
280 528
326 540
11 726
251 661
78 652
188 959
251 775
356 207
304 269
214 769
329 470
247 116
181 118
392 892
246 754
15 325
173 766
223 900
293 535
341 76
193 954
285 812
254 618
298 587
167 121
67 672
184 215
29 934
42 584
214 622
105 783
102 859
202 456
222 922
159 584
91 64
332 616
289 507
79 803
266 697
310 776
307 46
90 717
299 535
57 674
101 562
377 959
267 805
264 184
222 67
250 298
143 960
299 742
224 736
121 787
206 501
141 221
180 682
20 417
58 262
158 94
290 846
102 48
70 322
257 578
139 903
261 626
32 676
14 286
284 442
164 687
319 1000
49 376
64 771
68 592
77 601
70 825
32 427
233 597
329 831
300 519
115 979
209 617
197 709
240 492
228 982
214 624
392 867
316 753
169 746
266 335
384 544
385 400
33 762
248 258
109 23
60 911
148 943
151 18
198 114
357 817
276 767
319 744
330 606
142 967
342 79
290 278
7 979
331 2
83 926
265 108
66 383
87 600
62 753
287 865
100 755
141 315
220 762
46 787
374 861
180 488
180 755
126 535
18 79
231 36
86 100
75 644
153 974
143 983
108 247
58 603
368 938
330 888
150 3
69 763
223 600
45 65
233 120
138 671
192 265
203 383
172 957
184 671
88 890
358 468
103 69
328 500
128 743
18 454
39 611
364 452
292 287
354 566
35 652
54 873
180 15
265 141
254 574
338 488
27 474
233 720
314 569
252 812
297 42
249 634
173 789
86 683
191 990
180 881
298 525
79 938
4 983
144 141
311 467
370 84
199 103
24 804
103 65
387 728
97 838
141 417
179 924
126 718
94 691
280 730
359 772
138 493
395 989
379 298
174 819
137 592
249 442
158 604
29 872
153 589
23 625
184 99
49 257
301 21
203 524
123 669
317 319
162 487
141 615
5 853
59 649
163 230
255 57
267 92
146 525
231 317
201 681
36 51
318 354
160 268
104 635
341 159
162 900
190 246
74 330
327 663
323 803
319 20
379 918
135 651
382 834
86 98
397 777
120 317
266 542
61 607
149 387
135 235
157 733
292 786
75 310
393 429
132 833
61 864
361 227
87 261
131 689
319 83
248 721
78 746
400 9
233 869
350 22
170 684
356 531
191 635
113 636
315 54
143 272
54 842
12 343
106 293
195 457
260 622
103 346
373 961
203 577
94 273
314 991
183 93
88 117
31 217
193 976
52 790
308 267
358 661
390 350
81 955
33 657
400 87
109 266
133 790
102 972
173 436
316 547
240 23
392 114
400 249
260 320
47 390
203 317
382 141
255 278
237 596
320 34
255 240
395 494
318 156
224 858
242 68
14 925
283 607
4 323
266 190
136 80
372 951
125 845
318 371
101 980
184 943
163 991
1 865
77 292
334 973
191 339
5 409
187 447
34 482
214 31
257 316
316 543
74 898
53 144
273 647
245 467
276 232
81 858
200 395
4 508
181 77
173 662
64 32
277 799
54 27
262 600
196 352
9 186
220 427
143 305
325 987
367 185
65 685
386 46
30 106
4 200
240 854
133 576
14 839
45 415
96 817
305 106
313 710
114 272
7 528
209 135
69 373
286 44
332 612
297 879
285 779
384 358
71 659
383 354
49 690
257 53
301 459
264 750
221 722
299 887
346 468
110 767
307 700
384 526
351 656
377 166
184 977
354 585
300 863
121 969
140 965
71 882
165 270
21 385
283 426
338 866
289 108
73 498
78 121
20 741
5 201
383 781
16 906
14 641
307 658
183 295
164 81
321 810
385 688
234 110
342 227
264 761
321 119
251 245
266 301
128 446
235 207
322 680
48 963
88 599
256 601
100 603
205 699
213 920
342 479
279 32
204 173
131 985
55 667
280 33
154 699
66 804
170 171
255 554
31 726
238 959
337 514
173 862
59 285
219 62
366 51
137 121
368 756
82 957
320 261
343 77
183 242
164 859
308 803
108 517
19 29
46 746
315 563
14 361
129 567
332 552
74 213
133 583
105 884
283 69
256 367
137 107
357 773
304 232
226 316
308 377
181 313
325 567
196 590
119 772
6 658
277 858
362 953
319 86
365 974
271 653
104 297
361 478
170 313
243 929
296 614
148 627
149 770
159 819
280 106
301 253
158 514
27 570
193 669
392 51
20 613
134 79
232 650
329 558
180 175
361 104
25 466
255 392
152 61
142 781
203 537
169 574
32 440
134 984
340 902
283 788
248 478
64 86
93 308
147 71
299 492
83 705
389 261
274 854
106 902
297 335
387 849
203 525
84 155
375 413
276 407
361 642
328 690
228 854
235 435
107 61
53 664
49 166
356 654
278 777
396 329
12 12
274 750
118 201
82 472
102 694
132 850
2 677
91 718
356 146
354 600
30 35
399 583
168 186
245 582
268 837
2 27
134 585
198 481
322 52
313 227
17 780
268 331
300 949
282 847
216 825
65 553
106 728
78 522
248 255
166 410
71 585
310 218
389 244
291 426
171 26
198 875
209 225
140 791
388 668
144 688
153 257
107 594
174 758
231 215
129 490
115 24
79 25
341 701
209 113
266 70
233 571
192 531
243 321
196 240
138 12
375 669
281 919
158 200
282 912
68 768
49 481
342 646
63 860
53 27
72 972
332 255
289 112
299 709
372 717
321 201
80 268
389 291
356 188
132 732
323 230
330 811
174 140
103 152
218 777
320 499
307 238
295 913
371 115
112 793
59 346
356 269
58 49
286 92
15 564
146 638
83 73
109 107
82 122
336 633
169 105
227 773
45 416
41 70
325 988
40 425
389 510
124 95
332 319
132 18
131 457
126 759
224 207
166 462
38 601
175 84
385 505
313 56
176 856
29 499
348 139
258 918
169 251
236 945
95 72
313 446
250 631
242 847
341 520
92 119
230 782
217 383
193 313
199 533
277 857
21 347
23 750
365 830
302 299
221 74
256 648
257 294
252 152
222 965
264 599
371 598
184 137
260 989
314 418
20 573
340 840
123 574
62 630
339 43
17 735
362 112
131 470
123 374
219 78
14 182
338 40
181 789
301 768
196 230
284 661
357 718
196 975
14 86
217 953
321 297
90 64
341 707
304 550
38 994
222 543
372 121
195 421
271 605
256 754
365 98
218 704
309 84
184 322
84 724
187 886
327 893
180 468
143 818
112 101
65 4
76 950
317 590
322 412
114 259
189 148
25 157
335 974
250 744
299 965
134 707
248 902
154 990
351 610
211 680
57 503
190 708
266 740
210 672
347 587
44 329
73 611
328 101
263 755
231 760
58 803
373 631
283 41
312 866
191 188
95 172
332 303
191 797
291 845
271 552
12 69
340 346
314 500
296 556
206 865
329 62
211 636
316 156
322 862
314 918
69 689
34 113
326 592
185 271
239 857
63 546
19 892
111 895
319 114
97 440
221 260
204 713
177 584
151 607
358 862
212 534
305 676
40 216
356 639
343 406
278 889
28 594
380 151
271 11
94 422
107 330
108 399
254 807
79 125
24 694
162 387
359 307
43 712
327 142
163 263
320 514
316 304
201 71
84 15
193 133
171 855
252 406
333 909
298 535
84 626
310 314
84 486
33 603
58 797
337 881
252 507
147 830
79 535
309 823
35 313
56 631
265 297
155 7
341 965
134 979
104 825
261 853
179 603
150 895
233 722
390 872
68 189
316 943
38 353
124 311
388 641
240 423
152 734
345 119
5 388
58 619
299 885
19 244
387 4
47 135
159 11
77 992
145 455
219 748
376 317
230 19
233 827
197 827
308 665
2 177
254 459
338 873
224 803
296 905
252 65
343 186
359 358
93 455
135 626
87 717
350 656
337 237
63 424
201 794
361 658
386 437
145 956
318 215
151 346
388 262
388 226
352 748
285 94
361 6
9 651
24 65
96 810
20 456
213 142
214 787
133 390
73 445
13 715
99 10
258 688
201 224
91 67
132 17
166 531
80 465
222 643
36 468
222 817
214 646
287 216
85 310
213 433
255 672
332 836
334 632
231 107
50 876
321 57
38 380
295 435
140 984
323 440
316 524
29 545
195 450
32 257
266 849
230 592
63 605
342 626
327 278
157 829
96 96
246 10
367 755
398 57
259 999
253 71
309 386
23 748
239 822
12 488
148 20
248 101
364 943
79 450
142 609
382 354
201 854
250 456
118 640
135 825
95 209
23 465
234 544
362 189
63 610
111 840
270 126
334 246
395 806
266 192
286 892
153 926
267 176
218 174
349 416
345 470
90 243
254 276
356 494
103 27
356 246
374 570
252 911
47 760
297 254
6 912
369 784
240 628
1 699
52 461
190 792
141 512
88 918
361 596
145 148
186 126
369 30
73 471
