1700
277 770
133 551
284 103
280 557
71 51
375 406
402 879
224 622
231 456
311 290
190 766
331 133
163 245
293 988
103 500
255 215
10 87
148 727
346 21
63 667
149 450
24 780
52 571
1 471
8 85
346 822
16 83
357 628
359 483
235 408
81 434
30 265
332 698
416 355
155 576
27 731
371 898
214 11
339 400
325 833
99 431
140 792
343 24
421 545
213 985
35 618
238 790
189 354
234 736
342 10
94 742
361 153
321 61
249 45
167 281
378 114
61 208
390 294
186 797
383 723
415 475
224 104
171 828
256 662
295 790
103 548
280 917
235 307
215 687
99 851
54 882
184 882
252 554
69 605
152 888
129 441
200 621
344 800
41 334
201 889
323 714
129 787
166 6
277 201
320 26
212 940
270 231
338 336
200 918
101 440
270 628
195 614
104 556
291 204
364 363
273 853
354 607
16 125
17 511
159 991
180 164
170 472
263 687
239 487
67 47
223 828
360 205
405 312
375 742
243 864
46 836
72 784
63 530
66 495
199 577
204 598
421 842
42 134
326 379
258 43
93 629
326 511
308 576
100 575
282 812
20 801
243 169
289 420
137 614
214 103
241 12
412 289
406 814
330 417
269 523
177 873
311 119
322 438
117 217
66 408
112 982
303 638
269 853
180 411
191 176
181 850
89 209
56 81
239 624
32 76
415 654
152 66
295 743
385 680
14 887
61 160
185 795
32 992
96 125
132 851
382 343
319 582
352 829
340 382
420 394
309 231
405 271
378 353
12 790
163 275
351 750
238 216
409 402
44 479
392 495
361 607
283 947
291 862
195 858
301 170
231 320
307 178
45 375
79 117
182 143
184 454
360 274
415 543
10 530
65 473
116 673
261 634
122 45
347 226
258 924
331 117
131 853
125 705
65 809
45 323
33 204
196 364
413 234
191 888
43 12
148 896
190 519
201 61
279 786
159 725
66 93
113 904
357 24
246 410
343 840
135 770
246 258
390 196
64 702
373 980
412 97
292 361
194 613
415 452
376 627
366 587
324 401
259 523
149 194
79 239
4 146
261 677
278 603
250 633
402 184
406 455
424 545
306 241
128 77
379 804
419 436
63 327
326 17
314 478
200 664
205 869
290 729
9 985
45 606
171 641
23 862
142 304
80 557
403 753
111 177
365 33
283 574
330 647
380 404
102 982
214 997
166 69
94 384
14 979
8 156
73 957
252 773
49 428
27 471
130 219
361 838
49 724
422 597
51 449
184 612
283 459
316 737
329 987
81 473
389 884
150 78
82 907
238 58
118 238
193 435
130 991
80 591
290 655
372 176
258 900
112 136
157 555
244 480
279 671
221 546
43 78
245 795
216 634
2 54
204 60
193 773
82 426
41 716
320 51
2 633
261 16
329 671
140 207
181 840
378 639
381 393
197 277
327 257
327 79
50 775
353 535
184 364
288 677
46 90
230 14
2 492
366 63
201 603
310 272
376 604
187 799
415 191
316 428
218 290
300 121
223 740
250 392
109 450
121 345
351 252
107 473
178 848
279 253
108 751
37 723
3 461
115 401
291 889
394 583
184 800
77 380
199 14
354 944
166 918
289 440
200 245
106 349
113 559
139 477
146 269
386 345
189 575
156 366
378 823
353 181
304 921
121 239
156 187
29 794
52 78
247 399
356 63
296 524
87 222
94 131
151 559
361 213
85 144
383 547
151 210
275 699
351 903
96 837
117 558
164 552
315 806
204 861
74 179
410 966
312 972
390 42
143 769
9 270
260 5
115 570
338 390
64 30
46 656
182 483
190 627
328 233
35 476
49 127
405 855
376 654
240 505
13 265
49 27
151 537
193 335
400 256
81 909
342 71
321 530
151 529
1 500
165 938
366 29
294 419
125 509
32 340
425 985
194 846
341 986
123 938
336 459
211 580
126 982
81 172
200 694
307 800
284 26
124 336
232 984
99 762
258 988
296 685
298 187
253 21
254 14
238 958
73 393
331 65
391 629
126 257
42 104
414 388
321 203
114 675
334 962
316 732
58 228
161 862
329 240
276 406
173 346
364 912
47 491
300 983
118 31
285 933
113 302
120 336
180 59
276 898
24 736
60 365
203 941
213 922
109 6
7 338
320 142
192 445
377 395
179 992
331 527
96 691
219 738
405 392
318 998
416 548
250 761
151 305
385 621
141 738
319 832
345 499
389 144
126 652
95 197
84 846
68 894
18 783
8 419
298 15
270 74
323 182
335 518
140 707
343 396
154 657
198 904
227 159
357 918
15 809
224 476
202 547
272 460
280 112
64 93
29 141
22 895
198 732
279 36
324 729
267 405
48 758
33 876
249 264
210 819
373 820
48 707
289 997
321 201
120 837
68 716
420 43
273 567
58 598
31 313
381 785
271 466
113 840
133 20
135 660
102 622
38 713
49 762
174 399
85 910
180 757
8 317
13 242
145 885
212 497
85 420
380 298
141 7
94 711
402 696
317 573
55 874
220 34
306 515
413 800
94 794
282 505
20 71
301 964
160 375
164 962
61 389
411 317
194 899
258 475
303 718
62 523
45 879
51 175
316 702
332 284
288 591
147 986
417 620
64 318
22 370
194 491
215 214
360 251
356 145
174 376
7 674
54 267
413 978
88 478
335 683
369 846
396 510
35 172
11 738
273 474
103 90
341 4
382 338
399 614
101 273
47 850
205 562
327 228
58 834
100 854
151 430
351 452
132 128
147 257
129 358
411 303
390 857
12 924
98 969
374 651
74 750
397 449
339 658
329 768
415 459
323 215
74 192
263 999
175 658
211 335
338 476
123 406
288 947
372 632
34 744
185 367
200 752
51 240
183 66
32 146
323 53
179 26
112 929
222 876
298 447
90 60
242 109
257 421
364 526
39 300
114 822
352 351
173 380
16 500
318 554
85 194
407 834
140 809
257 627
335 594
157 268
304 823
17 612
392 355
413 120
376 999
417 1
244 853
143 854
408 619
337 32
202 32
111 547
381 310
98 984
109 308
101 624
284 912
39 914
273 556
394 246
74 49
112 48
71 905
218 26
325 775
115 630
273 784
316 218
88 635
145 269
5 543
353 447
268 447
162 869
193 566
345 729
398 691
323 346
350 54
343 593
144 511
180 579
352 357
161 730
356 244
329 694
383 426
29 208
117 342
158 586
23 267
159 110
155 558
322 522
106 843
140 864
346 129
95 690
1 505
82 872
76 644
283 719
290 174
21 77
420 688
346 811
3 640
131 310
152 237
370 82
12 238
219 596
148 440
56 665
205 494
145 316
153 974
60 160
61 955
112 380
177 143
346 740
190 330
34 513
33 829
352 832
253 384
265 799
119 978
316 796
216 281
307 318
358 601
403 911
383 655
12 564
275 427
314 426
220 993
424 622
276 759
385 529
311 409
170 835
37 302
45 910
133 577
35 838
150 489
113 205
349 856
323 631
415 178
198 780
5 741
162 515
80 464
275 636
16 958
261 667
236 354
381 39
60 444
102 216
301 800
180 469
361 341
49 477
109 767
112 914
368 258
129 97
163 64
51 142
186 668
343 434
186 646
164 508
162 820
301 165
137 740
129 163
410 362
34 816
383 463
301 385
315 666
117 27
425 781
149 4
390 491
134 619
399 898
354 519
72 510
282 863
45 817
179 68
276 252
350 72
268 439
50 875
200 964
4 301
74 547
416 178
164 680
376 480
314 522
282 618
419 793
186 628
358 647
21 188
350 502
197 800
27 570
269 926
243 348
400 914
29 831
411 882
88 347
114 47
175 638
61 508
355 649
340 523
85 699
317 749
165 203
305 37
15 342
117 407
192 69
278 764
309 563
83 698
64 624
392 562
285 625
76 456
41 737
354 382
85 570
178 951
183 544
47 538
90 675
61 998
316 564
234 299
386 762
19 152
335 327
168 517
263 786
418 204
105 410
160 502
102 655
79 200
149 81
18 759
167 265
204 574
48 476
305 298
224 599
18 389
189 64
71 856
7 149
214 32
276 813
104 127
270 102
167 512
352 798
413 175
417 445
127 863
207 961
310 388
115 946
278 24
203 185
116 146
256 276
128 68
334 49
371 320
204 666
348 727
135 266
274 559
351 451
284 744
132 188
411 178
99 243
109 565
375 241
18 377
210 129
153 124
87 912
41 686
35 925
249 595
409 584
367 148
295 824
132 570
424 435
210 683
315 728
350 345
300 294
348 873
356 637
392 918
112 770
357 908
200 697
121 142
41 98
179 697
133 619
51 217
354 94
419 53
116 343
18 908
204 5
339 715
19 696
202 273
201 350
195 862
347 749
168 639
353 4
404 191
2 489
319 629
413 589
396 871
153 351
71 124
242 926
327 245
227 76
328 850
227 173
191 954
385 609
98 146
204 5
368 820
380 964
423 945
272 255
221 433
150 4
341 346
31 234
142 463
46 651
13 977
370 478
366 202
194 23
194 865
260 132
38 108
383 398
231 973
328 251
56 886
293 296
188 686
174 887
314 367
304 846
95 591
322 310
13 305
140 224
408 339
20 856
408 208
107 293
132 782
56 491
123 519
225 111
286 289
202 767
69 782
311 506
101 479
328 923
361 420
352 903
138 88
357 619
305 967
332 935
349 614
360 414
244 715
30 638
419 415
166 756
178 227
234 198
43 458
116 495
45 313
222 741
238 929
320 610
29 991
357 635
355 895
214 36
216 929
5 683
268 997
113 909
312 270
353 725
384 923
392 722
363 686
343 700
201 984
326 440
361 950
205 378
253 422
235 741
313 427
302 216
219 85
281 153
70 533
125 121
145 746
417 242
149 635
321 713
6 803
399 274
265 681
239 273
363 517
90 48
51 961
254 861
149 824
149 99
271 391
398 126
246 269
230 568
116 87
149 480
402 58
101 743
367 751
71 230
166 342
274 511
363 863
196 557
118 386
291 877
106 920
180 2
37 898
285 927
170 831
126 388
131 27
219 460
419 454
383 198
372 405
301 430
178 309
103 732
6 300
215 256
258 797
58 64
118 957
323 494
200 679
371 237
57 835
366 294
81 307
36 54
275 548
80 593
175 37
390 565
124 585
29 161
332 878
262 272
58 876
269 298
157 942
195 947
75 656
199 274
152 422
26 786
89 330
293 231
49 708
414 359
3 76
362 638
334 954
202 44
419 433
263 35
338 221
159 271
110 433
77 339
125 650
180 766
23 340
13 688
262 310
48 783
33 401
140 446
245 318
131 863
385 915
367 457
232 900
394 990
422 278
67 915
47 39
314 986
387 626
392 919
348 23
140 736
73 979
3 814
271 725
117 974
416 87
22 449
56 423
264 614
328 279
377 142
48 808
399 674
267 922
56 170
282 112
288 279
65 33
348 299
243 591
325 205
127 958
379 302
286 834
194 821
151 709
164 213
116 521
154 173
146 863
89 886
36 527
291 503
81 209
167 168
152 915
149 904
78 866
169 838
135 756
34 377
208 285
365 601
372 833
178 185
69 508
148 873
222 895
99 863
229 470
291 270
217 207
229 634
309 762
396 108
182 555
169 973
279 170
220 39
255 508
274 26
252 128
316 573
195 489
47 233
237 707
320 708
242 784
352 604
313 924
402 511
326 722
297 743
298 13
77 31
31 717
118 727
319 579
401 482
407 533
350 253
104 723
92 910
1 857
172 63
240 998
377 381
378 509
399 44
89 614
57 398
88 925
192 628
158 628
145 359
251 923
402 743
365 791
55 589
342 365
345 310
4 817
319 698
163 184
51 851
395 791
46 987
97 862
149 296
58 569
211 235
174 724
119 445
204 373
322 20
188 777
48 8
125 271
234 667
256 507
117 281
347 426
194 553
399 354
321 493
149 864
390 827
403 410
290 913
126 600
219 760
157 513
130 776
250 629
239 321
198 26
218 345
320 7
141 361
247 675
207 800
57 34
236 271
299 185
351 271
405 849
29 623
165 120
115 486
70 644
342 487
130 496
107 356
371 682
22 990
131 534
410 828
59 92
221 361
187 616
108 966
311 354
198 499
303 51
150 481
287 447
43 822
148 882
92 706
241 857
172 259
181 431
387 789
408 289
344 786
87 777
290 32
175 239
38 114
268 587
229 589
417 345
338 354
250 209
359 524
291 825
9 280
376 514
91 305
255 24
189 999
198 444
134 516
119 946
62 883
99 699
108 711
352 149
3 32
119 723
89 843
404 912
399 246
75 387
107 429
256 338
332 239
143 182
178 824
54 85
242 308
245 642
394 70
411 498
190 423
365 347
127 627
58 595
352 525
75 172
317 610
227 202
158 777
348 935
238 24
396 797
52 334
142 197
286 141
82 915
72 32
345 278
41 640
257 964
96 488
234 826
148 826
212 488
265 891
334 629
327 991
48 63
22 814
324 133
102 347
10 539
100 256
116 522
317 76
300 164
188 747
78 943
141 557
143 910
239 360
229 934
39 730
255 686
13 882
383 414
325 941
22 760
333 155
167 936
62 512
264 571
18 396
281 196
388 88
264 818
94 818
246 970
160 655
85 177
273 85
193 976
338 587
380 526
72 318
87 866
42 35
71 119
100 737
5 629
329 988
256 159
87 365
37 276
364 678
349 786
145 642
164 474
102 717
117 375
255 982
196 148
345 328
36 337
106 908
131 94
2 506
11 224
145 350
140 107
320 743
334 103
168 678
346 466
403 83
357 328
353 340
90 499
208 97
419 508
303 508
265 965
67 340
364 205
210 222
72 362
263 224
111 354
311 434
202 901
232 414
71 162
237 70
251 43
154 823
399 2
243 745
333 345
117 489
26 747
259 592
78 775
221 277
224 198
339 225
353 1000
188 485
337 305
380 723
181 429
192 545
355 846
87 66
230 221
85 536
264 496
254 114
381 333
185 456
116 812
412 578
236 14
328 96
419 52
193 819
382 474
340 792
76 269
360 677
31 193
360 866
270 599
166 288
394 918
216 275
29 409
207 268
208 797
378 771
62 768
343 498
244 733
423 559
197 245
415 225
11 359
186 864
422 810
374 444
340 429
386 382
219 383
351 399
141 303
211 404
85 804
370 922
134 22
75 930
72 819
153 748
308 464
214 191
237 131
335 628
237 419
271 54
161 522
292 728
338 708
88 424
21 744
147 852
154 88
200 22
349 918
407 334
127 292
99 575
183 117
358 103
420 767
368 661
213 19
376 946
99 818
84 792
341 969
326 575
212 863
347 976
419 650
118 932
377 256
214 34
360 527
300 486
12 772
212 245
395 738
124 84
150 861
332 70
15 146
167 184
354 400
264 783
385 751
297 280
291 698
95 551
253 591
332 419
111 45
98 212
58 354
277 988
90 316
237 14
151 378
379 631
369 321
72 40
72 945
261 685
39 449
378 665
273 661
219 988
114 307
168 155
98 158
25 289
253 587
388 901
422 251
148 43
173 156
412 837
388 550
158 46
349 33
271 224
154 47
40 89
100 252
78 160
268 172
418 764
416 168
377 312
57 464
300 391
310 277
131 276
54 556
148 74
399 697
223 521
118 928
235 269
284 147
91 420
356 553
44 15
204 489
337 66
127 300
364 131
33 91
130 120
421 178
216 197
195 428
21 593
49 830
31 869
136 730
337 40
345 306
46 155
339 375
59 553
174 323
161 74
91 812
409 432
309 359
288 71
161 430
139 289
200 707
360 653
416 958
423 601
155 606
108 495
197 85
219 657
353 104
286 265
57 311
96 765
