1800
3 893
387 72
85 942
143 296
104 437
48 578
107 543
300 191
121 973
233 826
354 681
435 762
165 816
180 400
253 401
58 36
359 433
134 657
412 581
74 871
437 542
91 231
221 840
324 87
116 427
424 770
125 845
157 332
368 980
126 64
314 239
407 592
269 737
214 34
192 843
191 444
421 489
4 490
271 419
258 222
432 926
376 295
155 68
111 61
281 690
131 517
19 469
108 838
275 411
295 941
341 285
292 816
23 605
88 224
284 540
241 387
297 115
142 931
324 138
74 905
2 91
173 477
118 294
18 982
52 697
330 308
80 900
446 740
126 303
224 381
87 104
447 353
316 828
417 24
271 254
234 782
305 990
95 679
446 616
393 419
319 28
159 887
444 505
105 308
333 107
44 304
322 359
410 295
138 570
310 500
286 767
440 14
19 19
336 258
359 439
431 285
234 854
151 895
5 817
341 779
85 708
300 432
312 274
260 784
62 397
230 26
304 200
131 113
169 658
341 759
255 652
273 321
220 175
402 755
39 484
358 985
52 24
43 379
431 355
132 44
423 294
398 693
413 552
187 126
296 619
351 738
404 3
316 934
232 95
326 144
164 572
39 806
235 505
375 900
21 863
425 546
347 341
218 307
277 246
417 774
426 140
118 80
123 768
81 411
258 331
347 746
316 465
42 379
3 525
441 113
66 944
438 642
104 521
305 366
180 182
270 385
178 26
88 521
443 511
431 816
17 19
219 20
13 385
99 956
350 48
59 509
444 555
154 180
155 276
194 930
80 438
84 415
33 420
238 763
104 286
259 713
60 530
171 131
143 445
189 597
52 26
246 851
86 71
291 427
393 902
219 820
28 721
77 176
333 704
72 950
431 645
313 185
86 845
145 86
52 145
172 898
245 420
123 272
301 952
143 838
412 574
395 163
432 39
264 220
294 5
410 50
28 225
410 939
122 332
60 235
249 511
34 644
211 435
361 212
217 816
147 837
323 795
282 756
99 187
73 360
276 151
214 489
197 669
436 491
108 453
111 631
53 647
321 93
316 791
384 133
426 104
404 811
292 636
355 515
99 705
241 100
266 996
214 604
3 834
290 633
175 283
271 652
178 108
25 331
366 602
440 837
286 424
21 312
181 244
330 375
189 398
281 740
197 566
63 300
276 755
266 722
210 694
127 65
406 285
274 205
101 511
322 217
445 605
379 530
157 465
104 879
215 637
221 29
449 697
445 421
329 301
123 387
279 322
174 28
20 855
64 515
74 620
101 389
90 898
5 88
416 254
81 900
352 968
121 899
433 988
147 108
131 528
308 468
85 583
408 715
47 771
157 363
262 668
109 238
313 156
433 735
198 940
232 778
220 871
201 437
131 100
151 837
330 782
3 192
96 167
246 461
32 591
267 336
378 313
164 935
308 618
351 563
147 708
398 3
226 625
431 159
265 193
225 74
69 232
269 913
221 187
61 15
324 430
233 181
147 738
158 22
424 603
448 253
76 668
310 655
401 967
112 290
83 441
108 866
288 250
168 665
231 492
142 796
281 471
211 858
337 804
83 968
280 332
96 640
140 142
394 306
128 522
258 438
139 740
71 716
393 172
39 898
219 885
19 605
432 992
17 752
257 650
250 351
185 734
196 466
110 756
275 822
127 570
15 876
242 91
321 932
260 515
392 716
438 56
196 103
409 690
449 117
399 584
165 464
111 427
177 644
392 638
51 404
140 221
156 685
297 483
361 719
88 145
312 579
305 231
220 509
108 357
263 249
220 578
255 913
336 174
159 586
241 377
28 13
152 56
305 860
35 689
276 207
176 316
67 400
65 162
37 165
384 346
221 436
265 509
121 140
143 726
247 146
106 627
95 462
115 396
46 630
276 846
103 363
62 906
11 857
217 4
358 532
269 838
64 613
106 845
424 553
295 328
122 32
238 872
387 545
308 654
245 446
385 143
228 800
263 664
120 495
80 607
386 656
439 702
43 393
162 891
346 868
203 850
224 976
36 800
80 533
128 569
279 132
188 70
305 124
90 642
54 878
175 259
4 9
150 28
126 665
427 725
197 548
46 88
262 429
172 12
45 6
185 25
2 250
416 927
325 44
319 816
25 944
180 133
106 842
247 617
277 287
230 88
102 557
20 896
383 82
45 150
166 530
92 593
28 74
315 720
14 54
418 736
310 309
306 283
430 496
113 241
190 407
233 910
433 823
211 940
279 448
373 482
321 519
114 116
142 83
288 226
22 835
187 609
167 592
397 313
190 680
221 380
137 669
4 739
186 912
154 890
287 409
232 982
325 890
442 905
97 346
238 896
203 37
338 334
389 421
235 584
149 615
396 247
299 541
374 550
116 510
344 790
384 207
117 805
87 186
175 876
291 176
368 661
132 692
150 619
276 764
346 188
99 741
432 763
283 914
413 189
274 34
213 600
107 799
401 673
89 460
196 914
26 624
241 627
197 621
73 279
223 230
347 919
213 152
78 602
418 243
98 508
403 1
38 508
193 647
236 665
72 564
253 43
135 323
268 524
403 866
149 415
407 140
162 781
194 604
88 355
16 875
127 411
39 112
204 658
242 910
250 980
64 911
28 278
256 874
217 473
173 795
448 387
167 611
310 330
260 169
355 779
400 886
246 323
163 260
344 531
251 399
267 394
433 362
242 675
244 960
78 768
75 367
358 634
343 373
373 863
394 168
90 373
19 717
87 371
365 728
345 175
241 509
338 330
345 56
49 995
441 269
69 770
159 418
319 188
240 301
379 291
310 587
124 838
358 673
417 956
243 412
287 888
86 626
28 553
323 156
122 356
225 889
88 680
419 669
185 913
335 550
407 140
14 625
207 530
151 189
228 743
273 148
258 996
286 359
332 616
295 748
85 8
35 516
82 452
329 888
429 278
354 689
17 353
72 762
197 130
384 766
246 733
103 464
248 48
316 374
119 339
136 936
266 576
178 134
389 407
275 159
423 241
149 935
248 469
274 343
278 155
115 63
236 526
368 494
336 921
222 795
23 279
364 277
85 679
12 395
297 350
228 47
156 851
322 58
102 291
87 952
17 614
172 650
98 282
5 515
219 653
160 357
325 434
447 832
158 517
298 944
101 474
162 890
192 44
111 324
58 100
223 844
226 306
259 243
43 139
65 153
222 655
8 730
126 566
352 181
129 268
344 411
144 477
223 194
296 300
239 783
421 476
276 782
355 115
110 743
63 383
215 823
280 976
334 922
214 285
118 161
6 581
141 218
307 534
413 250
157 731
438 198
13 81
402 718
373 206
450 727
388 667
82 34
139 943
69 463
441 81
125 569
306 214
434 283
440 911
4 35
350 295
83 639
1 684
137 4
444 624
243 615
231 978
317 372
109 900
242 563
18 860
175 379
196 818
73 317
326 516
194 656
326 523
272 350
383 748
125 910
313 260
289 969
75 352
35 965
193 427
50 776
230 669
390 608
162 973
137 791
396 105
327 392
143 504
24 518
114 881
72 230
438 48
198 465
432 906
39 163
34 877
127 51
119 624
332 624
7 424
394 465
245 285
66 904
174 506
436 995
171 913
443 583
171 222
386 500
319 919
60 884
207 128
42 697
323 522
346 342
113 784
267 195
64 990
395 694
69 446
272 718
284 561
74 424
201 248
435 390
163 185
174 670
407 103
50 892
215 76
311 159
208 784
269 312
427 903
144 48
213 433
394 534
156 39
385 393
137 7
200 542
334 822
102 71
37 1
65 39
356 805
79 653
330 919
205 666
144 38
236 954
186 621
292 593
264 452
283 364
252 584
176 763
87 464
212 247
11 341
147 525
15 546
173 332
320 104
127 207
204 947
371 983
140 363
177 155
99 467
318 365
308 528
24 361
73 740
86 866
203 297
99 707
360 9
443 560
400 999
162 622
180 251
295 93
321 862
136 388
363 847
249 744
251 21
117 94
1 627
316 566
28 690
188 811
80 205
280 925
356 361
16 375
15 870
407 497
66 540
296 451
366 89
415 646
385 903
369 684
42 944
360 239
388 545
279 949
424 709
421 92
139 856
162 279
225 560
210 509
277 63
47 356
243 699
230 647
85 654
272 383
395 428
332 969
420 461
408 262
151 616
436 68
119 300
208 567
403 732
329 758
254 930
125 384
347 921
252 473
301 975
13 283
320 459
237 40
133 116
174 162
412 302
78 49
125 108
281 912
100 285
343 991
415 832
339 491
54 800
74 130
368 464
410 222
420 564
93 821
24 825
312 521
421 555
430 719
381 990
224 779
369 914
336 507
313 243
103 462
67 996
21 473
4 444
160 300
59 109
2 82
30 121
298 300
89 599
246 674
400 770
162 703
447 975
200 530
169 415
367 860
287 782
142 718
89 972
125 37
10 500
379 712
365 483
355 692
195 550
200 885
147 964
145 971
407 219
383 911
413 537
34 338
1 171
173 807
241 498
100 423
291 2
248 758
238 686
437 589
172 222
322 269
436 853
349 871
170 349
129 675
170 54
161 533
316 458
360 260
331 951
20 355
141 877
391 888
397 93
83 695
146 824
426 386
103 128
369 244
303 791
79 954
250 191
268 639
429 397
122 326
384 387
90 65
328 9
144 917
89 96
79 98
214 802
138 612
16 539
346 480
128 82
140 665
110 17
155 977
227 920
435 716
50 951
350 951
67 244
255 793
59 214
68 788
327 611
266 511
148 159
213 257
449 369
118 510
21 709
258 585
97 436
387 75
46 179
333 342
418 618
68 878
113 67
103 200
77 633
233 324
86 138
325 860
177 571
382 992
224 555
35 862
301 261
107 304
363 907
117 672
37 898
182 542
444 792
278 428
318 777
109 939
48 826
202 493
102 763
397 952
85 916
72 51
231 79
384 298
406 594
166 920
445 725
346 606
231 114
198 665
47 126
1 44
54 37
277 18
316 40
212 514
71 909
258 854
258 743
34 828
158 79
37 408
204 405
192 878
446 970
186 887
97 541
238 907
398 712
160 52
247 743
242 148
159 957
90 206
378 933
394 202
21 828
381 936
250 322
124 94
50 947
163 371
30 31
111 348
43 590
380 319
225 957
19 337
145 8
390 412
34 263
418 509
81 969
324 597
1 882
218 880
362 305
30 842
126 841
267 23
89 675
353 320
214 621
240 233
215 635
363 777
174 897
184 366
404 420
405 311
276 501
223 22
123 143
305 610
356 654
365 94
325 892
404 519
229 945
167 486
232 458
97 584
239 144
6 354
48 266
107 903
349 594
100 630
155 307
334 343
293 86
156 410
53 586
325 739
65 166
99 384
368 945
211 599
193 607
167 158
211 948
274 959
237 434
263 806
7 751
212 164
143 836
26 582
408 279
187 299
323 627
439 835
362 204
330 153
64 968
380 604
384 677
129 501
196 813
243 254
441 954
341 439
447 161
328 377
363 15
38 406
117 342
227 837
291 241
433 313
167 994
188 82
38 712
154 645
67 808
263 686
148 151
327 492
352 19
395 757
408 52
307 691
171 292
241 259
192 782
180 206
179 500
116 596
151 939
336 484
396 90
330 307
219 336
239 526
369 76
282 519
130 715
179 727
226 50
21 791
82 591
294 469
212 95
190 660
226 861
54 107
207 325
151 73
331 262
395 285
360 118
8 809
246 767
81 314
243 402
164 235
246 302
288 883
56 592
37 1
325 577
419 493
115 565
4 138
202 400
166 172
142 230
237 430
370 371
257 870
292 212
236 879
100 628
224 523
432 505
204 526
400 750
51 855
289 818
349 377
183 172
327 732
25 24
355 740
353 690
421 945
415 674
168 576
171 115
338 310
302 491
282 883
226 544
105 354
435 196
130 906
102 836
220 543
110 775
142 605
179 258
69 731
27 847
385 82
345 682
144 165
339 886
322 206
233 734
58 93
251 610
288 949
168 762
235 535
114 695
181 717
69 734
373 22
345 380
272 181
450 382
424 762
396 682
427 852
51 250
392 907
294 783
305 713
428 406
71 593
320 124
117 88
187 683
167 538
163 902
163 312
362 722
119 498
270 553
426 444
54 522
223 629
198 182
211 758
371 526
270 784
18 219
263 184
81 699
182 798
175 762
373 173
239 989
333 925
317 5
417 581
116 733
79 788
210 669
314 606
263 776
192 519
123 710
297 764
380 523
378 622
8 724
3 478
291 282
192 634
353 648
10 318
18 348
401 296
206 325
330 58
78 899
39 82
270 514
191 898
111 634
113 419
156 453
88 397
84 998
78 693
234 890
81 594
385 944
198 456
434 490
14 240
395 307
77 844
20 848
360 652
282 165
218 357
402 140
25 19
71 757
188 621
116 736
171 884
420 125
375 791
297 743
112 482
80 505
251 629
152 523
436 777
18 724
318 219
9 28
433 335
292 117
328 819
1 25
392 704
54 7
45 855
336 24
209 396
144 338
294 665
335 283
42 117
349 366
436 239
83 319
351 56
101 211
129 921
221 328
146 208
181 319
140 148
367 25
270 358
450 3
318 795
198 256
372 444
415 838
374 847
246 221
398 911
421 215
156 162
360 713
255 182
430 514
29 863
90 342
237 636
213 634
357 290
46 716
369 391
72 678
160 329
360 534
165 725
338 842
209 410
306 350
309 694
171 928
270 401
103 877
301 154
115 254
254 47
426 364
232 145
409 908
17 818
224 456
275 245
185 538
98 936
126 526
142 940
34 24
200 211
228 713
440 365
421 501
210 247
445 580
40 951
331 294
259 168
23 326
335 109
329 691
319 331
36 329
60 975
267 744
338 416
283 515
426 195
401 838
448 776
270 544
295 901
185 731
384 460
114 369
23 828
8 833
91 786
206 940
147 253
378 610
210 206
376 530
161 806
1 976
339 190
403 474
142 648
333 992
270 369
361 99
231 156
25 310
320 256
413 197
412 501
142 246
186 9
377 599
81 2
184 828
307 655
105 19
311 82
296 657
56 45
2 459
258 664
5 814
7 501
279 762
6 894
40 354
335 188
319 113
169 379
389 194
192 760
172 361
76 904
248 615
334 436
364 400
206 710
378 63
207 50
226 983
281 307
90 840
185 812
305 230
223 632
392 824
288 282
327 995
93 43
119 583
161 979
247 902
53 694
25 355
353 574
272 582
262 870
322 59
136 956
54 397
422 982
248 76
252 769
54 766
368 716
323 154
155 421
227 575
142 520
208 220
415 3
353 375
37 742
181 153
285 729
419 849
367 114
303 379
444 216
271 129
209 475
447 703
392 808
130 490
305 429
433 504
46 408
218 302
139 720
277 622
165 685
357 773
116 216
113 247
273 455
7 852
240 268
155 529
197 250
301 145
404 615
75 762
51 562
22 863
102 529
354 417
66 874
403 40
250 571
239 322
129 528
329 967
362 226
381 729
80 168
13 736
368 206
45 670
223 390
17 566
447 890
437 872
448 952
4 975
338 73
256 44
156 607
399 794
311 743
129 421
226 287
444 376
212 825
221 591
258 712
40 154
285 36
7 199
313 885
421 600
148 776
49 405
105 604
136 788
346 773
40 68
68 579
21 200
13 900
248 891
369 316
227 789
172 670
21 243
29 349
42 64
395 311
250 259
206 197
85 976
369 630
414 405
237 12
308 491
66 26
310 924
314 599
16 644
318 54
424 17
397 592
29 293
441 768
430 677
14 14
29 60
296 167
195 61
89 340
433 2
103 682
185 622
398 876
97 485
131 955
109 700
170 389
415 772
358 313
394 958
25 288
60 231
138 547
120 424
269 630
132 890
298 398
376 854
355 988
50 103
192 410
269 415
424 843
54 912
21 193
145 135
77 85
291 920
77 48
241 22
444 45
278 315
55 119
119 889
436 739
441 373
308 234
175 555
16 804
395 11
86 8
79 472
380 673
13 82
172 418
377 418
150 757
425 721
93 186
387 538
364 87
429 845
222 112
329 596
330 683
214 847
293 183
31 455
158 379
214 751
266 766
449 498
262 347
434 421
365 210
59 576
249 59
258 367
54 706
308 143
34 663
348 426
66 324
334 107
431 626
320 200
151 896
431 901
258 454
331 97
305 475
40 299
285 446
149 837
216 783
156 845
430 578
269 798
307 557
59 297
355 957
196 59
94 217
240 257
34 73
29 271
425 87
384 427
163 505
419 892
408 190
249 275
176 939
292 984
418 63
181 932
309 550
