1200
92 893
281 724
46 893
271 202
157 7
224 714
21 601
229 747
87 952
273 185
285 832
295 185
77 477
206 310
241 996
160 218
81 501
115 130
119 347
63 509
151 741
168 602
233 761
64 418
40 656
60 354
205 531
174 491
224 644
23 657
206 607
265 68
17 665
35 124
179 573
50 846
138 704
99 452
88 954
266 712
264 882
53 276
23 855
108 787
254 276
21 967
52 206
203 730
16 427
296 876
201 381
251 899
34 71
245 401
91 196
266 428
296 589
207 649
110 755
32 792
26 769
63 913
195 72
226 495
33 519
179 463
37 353
56 185
272 896
264 236
86 190
7 899
87 298
184 947
194 777
170 531
148 444
155 741
298 220
231 952
269 533
22 87
210 269
146 822
120 654
33 551
247 409
51 67
229 576
162 48
145 498
70 82
233 711
113 599
99 72
205 567
140 732
194 241
47 500
200 252
105 627
35 800
243 791
207 219
70 483
281 934
4 974
150 61
249 342
187 172
163 297
192 800
136 556
148 770
107 928
188 935
86 508
196 273
126 636
20 791
189 725
240 21
55 890
72 231
49 310
153 184
280 368
2 996
198 604
243 183
183 673
218 28
177 888
229 441
93 297
9 691
154 388
108 478
282 440
275 549
133 182
124 912
173 348
237 114
198 479
235 505
217 418
224 48
68 954
44 132
92 468
264 118
194 709
159 652
60 989
176 678
39 954
287 248
258 304
173 411
52 982
139 372
121 929
175 132
108 969
177 572
92 569
18 5
176 893
176 170
191 229
257 547
33 991
104 17
195 268
292 464
25 970
54 324
209 948
112 313
257 490
269 318
248 429
118 927
34 318
28 818
221 243
99 497
35 711
271 665
4 87
242 153
46 973
173 328
262 429
263 915
90 628
144 608
76 678
223 846
33 548
144 948
216 159
169 193
275 993
244 490
104 790
79 296
267 765
37 209
272 16
98 877
62 894
39 219
200 830
133 900
58 793
96 679
251 465
227 712
264 399
71 767
213 433
171 961
90 876
51 629
62 516
178 514
290 297
252 464
25 740
15 365
242 667
200 116
204 941
198 726
122 846
143 355
107 992
70 702
23 248
9 195
144 99
281 560
34 956
185 90
59 160
65 965
79 812
251 917
73 607
199 867
49 496
15 898
121 335
294 500
236 287
264 578
257 863
235 79
292 414
241 841
240 989
173 6
89 128
73 794
118 82
13 538
106 560
153 462
191 516
240 772
286 225
35 703
198 677
118 732
79 41
300 181
83 650
295 692
260 86
286 766
131 415
266 933
58 148
69 281
262 865
294 835
228 818
163 720
294 499
129 843
158 544
278 899
194 348
291 596
255 296
139 941
51 177
87 918
199 446
89 390
29 829
161 635
55 485
54 807
212 38
92 641
192 972
110 110
151 944
268 322
135 623
81 350
131 565
206 175
220 902
123 205
13 994
227 295
252 765
152 771
161 113
178 299
106 292
248 818
262 952
261 379
4 883
274 99
38 603
60 228
268 522
274 338
286 588
102 859
222 292
64 117
90 767
33 894
289 566
298 585
23 416
128 207
299 494
160 315
8 875
37 403
242 375
239 286
131 211
45 322
198 805
200 337
24 250
9 275
185 789
165 55
217 241
254 644
271 256
235 603
120 549
91 311
96 720
100 981
291 427
63 920
214 462
167 145
81 150
171 504
179 985
170 6
184 998
46 91
39 808
83 917
14 302
53 714
130 632
250 744
205 48
292 232
262 651
73 599
34 695
191 475
273 795
114 121
269 476
111 965
199 536
190 358
5 219
256 754
138 264
82 58
14 259
168 559
127 932
216 302
219 547
11 898
253 981
91 254
114 532
138 491
178 656
287 745
78 255
49 881
254 162
282 34
131 618
44 444
108 77
295 155
49 797
10 716
8 615
72 656
86 264
262 483
34 630
290 798
56 769
254 958
160 731
68 245
202 723
194 463
215 709
257 835
223 509
152 384
102 401
106 912
260 540
289 960
132 906
201 811
57 329
92 53
143 670
283 889
64 196
167 87
100 67
152 922
139 486
196 92
238 766
237 273
264 242
99 252
131 284
89 355
82 218
50 673
201 526
226 362
266 966
170 181
287 13
209 493
257 750
40 253
55 149
79 492
75 760
89 423
254 196
268 653
60 170
219 353
99 848
168 836
125 719
139 185
141 316
34 453
234 761
25 314
231 776
19 616
13 661
115 338
84 693
131 896
4 285
100 674
222 484
201 336
150 199
100 546
131 84
262 138
286 147
198 698
22 112
46 756
278 691
28 10
47 910
98 647
84 40
282 7
255 179
80 216
226 625
251 701
244 418
104 203
15 902
65 873
165 993
25 544
165 905
292 537
147 873
165 137
169 73
236 165
41 693
132 85
23 715
174 997
238 413
163 85
284 71
110 141
110 701
150 750
53 597
166 261
265 742
296 340
153 971
184 985
178 672
64 335
36 53
297 249
12 285
230 221
137 834
202 397
265 869
176 524
182 7
34 700
233 31
18 531
124 281
132 63
194 604
128 189
142 532
26 205
123 82
261 546
147 406
268 756
150 966
125 780
169 281
39 78
253 863
76 789
68 860
65 532
85 284
82 874
74 46
269 188
41 680
201 427
153 670
202 848
223 306
237 383
100 403
159 305
128 681
85 467
269 757
288 140
105 524
111 367
84 710
130 166
79 431
96 998
105 672
108 633
183 784
64 368
92 673
83 844
288 732
19 550
252 451
76 129
44 746
228 782
225 913
167 295
275 384
206 61
110 503
197 347
13 204
234 378
148 665
160 427
18 296
155 511
115 510
239 598
34 903
252 432
12 415
162 160
278 564
91 151
185 778
137 99
244 247
52 428
61 938
167 402
297 568
131 510
148 518
272 387
55 109
43 355
280 342
283 711
191 349
166 568
151 444
54 346
117 992
190 458
245 797
221 430
199 982
125 137
10 274
180 215
4 503
20 139
197 918
192 632
111 381
19 115
96 695
89 909
106 813
266 827
235 74
272 225
44 565
2 342
52 396
198 558
145 195
169 335
237 862
142 392
8 292
22 497
162 719
182 725
278 455
156 390
296 52
222 535
237 711
103 450
60 122
231 841
189 228
16 110
44 540
3 2
172 353
287 414
204 792
170 910
221 283
173 337
39 952
94 584
187 548
129 330
32 299
41 40
76 693
1 839
182 146
271 782
155 733
174 448
225 867
4 541
108 656
256 299
213 354
147 931
25 200
121 129
136 858
262 356
17 831
88 69
224 372
202 326
112 716
148 384
51 755
13 196
90 640
61 643
117 371
241 655
31 538
164 874
86 393
5 389
293 796
46 607
222 624
199 685
42 374
228 410
130 445
180 468
207 285
117 992
44 538
235 867
41 374
8 664
19 14
204 362
21 664
193 321
260 662
130 364
71 326
41 59
186 996
105 773
235 10
246 474
172 299
29 810
50 510
19 879
10 400
127 628
47 936
112 295
126 928
117 374
197 239
260 239
169 718
4 433
57 600
274 131
102 444
248 87
146 5
37 269
255 800
273 25
211 98
114 214
18 905
180 101
276 172
198 666
81 23
12 980
170 314
244 534
27 619
170 380
66 510
58 456
92 381
9 6
112 616
143 64
34 266
220 666
175 283
254 484
184 998
145 981
211 595
75 458
69 375
166 255
32 828
24 314
114 656
153 38
58 23
233 801
268 215
56 693
85 348
216 130
152 251
200 567
141 2
280 706
145 612
104 142
117 754
199 831
243 601
72 14
91 608
261 945
35 364
40 990
72 679
125 952
92 278
102 816
222 155
225 201
78 320
252 624
185 570
283 835
48 411
111 346
92 543
266 812
190 226
233 530
152 264
20 58
43 162
42 551
89 655
121 392
216 508
187 163
232 365
214 3
296 540
113 968
225 39
183 950
76 492
229 719
77 114
122 43
135 592
35 630
119 779
28 874
137 135
115 554
142 883
43 274
190 299
275 25
65 817
281 544
299 240
16 863
170 749
85 772
208 446
187 756
196 704
112 165
235 857
293 901
125 995
152 339
94 253
138 182
193 817
55 501
113 304
19 235
138 208
256 172
206 317
105 739
216 318
212 675
267 268
131 230
96 703
22 867
198 593
151 941
163 471
200 276
176 895
269 756
253 954
51 380
36 821
296 397
280 644
49 674
298 524
293 651
177 508
242 341
274 471
199 879
202 220
40 331
149 391
2 678
117 83
22 674
273 847
146 227
31 503
95 108
229 795
98 571
273 432
193 280
200 169
191 911
34 64
252 33
191 960
192 718
160 218
14 268
33 20
127 704
134 477
229 497
230 7
73 56
275 170
137 350
188 74
47 345
59 172
145 772
195 628
224 567
16 813
276 113
271 477
145 499
273 11
286 485
171 241
31 281
205 363
22 906
262 66
257 144
43 131
3 42
20 448
209 397
20 626
38 74
50 369
7 291
80 893
37 638
56 230
298 354
10 978
293 714
14 19
18 652
5 252
207 702
197 871
271 6
216 329
40 379
201 773
274 37
90 433
31 832
181 812
76 281
259 975
233 253
96 468
177 499
235 765
221 78
52 521
276 820
294 605
148 351
136 645
55 136
192 879
164 456
175 728
35 12
59 139
187 291
138 867
11 983
270 736
275 315
8 979
241 786
6 591
42 209
296 823
159 208
251 191
67 743
211 280
287 999
211 372
56 777
192 751
1 798
13 813
84 693
7 757
252 312
112 177
158 692
121 345
85 12
251 475
14 832
300 646
235 941
186 761
47 749
116 483
62 140
214 290
114 678
170 829
264 460
235 636
90 965
293 78
12 943
288 866
139 140
227 970
156 94
217 610
15 915
53 344
268 614
11 20
233 328
21 48
225 126
18 264
108 364
96 696
235 660
85 716
202 53
149 52
29 464
236 894
122 862
3 905
231 92
43 229
90 86
41 642
280 639
37 760
252 416
201 396
52 336
238 475
240 172
187 97
200 491
255 484
155 659
144 72
102 446
246 202
51 694
4 564
102 254
284 495
179 271
227 512
45 866
116 342
116 24
103 111
287 340
173 151
84 735
265 506
36 154
251 938
52 177
21 317
100 567
192 946
226 361
15 886
141 958
34 176
231 880
133 925
4 406
255 73
145 489
49 228
244 985
214 559
116 872
12 127
38 119
33 600
226 663
27 264
146 670
239 768
153 867
158 997
285 259
274 157
257 585
146 280
12 828
281 343
69 744
279 830
109 505
283 960
73 346
48 332
162 815
254 158
80 582
145 31
43 761
164 695
11 689
129 353
250 760
257 810
193 492
184 477
90 715
52 969
294 77
12 473
41 912
58 94
81 94
49 33
143 823
184 959
282 977
192 136
44 822
241 605
20 430
62 568
292 78
89 58
49 224
259 17
220 72
14 365
284 516
29 86
244 855
57 982
63 430
212 756
220 427
215 52
37 808
121 305
122 907
