2000
128 384
377 401
175 430
261 222
213 562
2 775
234 275
408 755
435 842
498 541
315 245
51 110
203 448
390 994
285 496
423 842
115 737
383 865
488 661
4 166
73 971
240 963
131 712
40 601
221 424
413 72
391 756
470 762
217 873
325 756
353 979
213 268
12 268
4 128
191 99
23 585
160 876
385 161
110 598
247 643
176 405
375 694
332 364
90 623
494 688
365 860
360 776
143 938
403 87
167 860
364 145
216 253
191 696
334 267
455 277
253 851
257 493
104 163
157 90
359 861
382 810
439 942
479 892
186 243
173 322
231 868
486 764
468 916
126 769
123 522
438 241
15 585
472 264
400 142
220 987
288 196
405 262
471 907
495 375
366 791
449 796
472 330
84 322
361 687
483 413
377 638
272 129
295 716
149 982
312 441
452 96
163 844
22 24
311 296
305 399
273 750
182 519
429 145
42 420
239 163
480 269
473 360
176 471
177 68
430 8
418 452
428 282
92 525
6 399
413 951
296 293
393 893
352 2
395 632
352 891
204 775
354 697
161 969
162 266
151 715
496 218
47 856
252 756
76 417
229 964
67 182
18 714
166 991
479 406
344 477
129 597
411 619
486 240
40 986
428 56
414 152
163 117
21 888
448 978
443 309
406 354
21 247
94 724
65 126
390 437
113 251
335 714
122 583
305 148
227 512
171 144
31 837
133 419
27 344
445 51
401 545
478 766
318 159
45 845
450 575
462 956
326 891
347 316
308 433
282 624
132 525
400 29
434 441
10 747
77 63
392 408
313 798
53 519
348 757
403 655
412 444
153 706
250 178
480 769
171 653
235 442
332 308
348 323
91 270
401 809
260 382
185 661
143 713
488 437
212 952
305 929
377 627
29 955
227 382
402 462
330 472
212 685
436 352
329 394
37 288
164 197
228 644
291 773
381 347
487 903
71 163
326 773
248 597
28 202
495 117
107 433
325 476
441 977
403 282
159 631
407 786
290 610
320 605
300 737
77 606
327 225
482 6
250 281
208 929
9 257
168 935
193 806
92 347
430 686
183 383
147 420
297 859
271 328
236 767
110 184
295 882
284 692
275 249
70 88
136 392
112 324
321 583
460 983
201 659
482 651
35 401
239 834
188 909
276 262
419 474
286 143
314 527
447 536
88 151
305 591
257 499
218 953
216 548
14 37
119 152
238 112
97 513
82 208
174 594
425 409
251 577
447 13
389 121
85 837
322 373
337 219
483 309
406 875
424 386
44 669
103 559
226 102
389 375
149 24
429 513
59 88
423 90
409 705
5 167
113 350
109 348
386 944
94 741
387 715
435 624
254 950
185 519
494 637
359 126
497 89
216 811
139 937
138 988
495 553
371 609
431 798
260 402
89 691
59 607
410 39
211 22
329 410
488 396
263 88
310 759
258 114
27 367
438 321
238 648
279 817
417 962
281 733
257 60
369 942
57 140
387 535
445 345
6 794
286 202
37 73
396 313
123 105
315 142
273 178
221 943
496 186
396 109
245 259
393 495
305 502
334 207
99 520
25 853
460 155
445 853
385 370
465 594
74 805
363 204
62 417
140 143
106 804
181 719
308 374
181 363
300 461
362 576
90 323
41 592
319 862
24 684
373 142
454 193
273 226
327 93
376 411
131 778
69 604
454 456
352 592
206 935
302 95
312 850
225 916
338 134
29 104
379 405
374 586
122 165
182 681
269 943
251 714
165 406
488 942
109 546
173 315
369 879
414 181
483 579
474 30
449 852
369 405
205 633
481 43
473 763
68 473
51 194
431 89
395 240
39 362
456 124
29 603
211 939
336 152
170 12
22 311
53 725
7 330
43 404
399 952
362 450
407 16
288 312
376 497
257 484
386 542
406 468
83 217
126 125
23 364
123 908
87 548
135 594
383 569
482 332
50 864
33 515
177 77
35 125
431 25
500 192
172 178
170 941
361 952
394 416
10 60
493 328
409 984
216 34
489 594
198 815
140 878
52 919
288 812
150 978
44 456
440 977
258 144
460 835
33 661
457 689
368 929
486 563
284 412
404 935
136 231
447 738
353 606
454 677
24 199
386 268
276 762
300 715
201 982
178 323
356 383
483 689
254 392
134 527
63 793
120 66
131 244
322 30
184 424
433 541
45 964
305 925
47 604
189 956
26 746
179 261
145 334
432 86
260 807
10 839
298 733
179 786
163 495
214 379
114 548
380 952
487 579
459 471
97 546
161 673
442 981
218 833
182 873
151 778
408 152
202 971
451 726
125 202
459 717
260 612
242 768
78 415
27 141
36 250
349 483
187 632
405 879
173 991
23 100
481 107
94 730
335 322
312 143
270 845
296 106
197 676
112 101
479 780
475 218
304 415
491 813
115 939
248 777
4 986
298 969
457 893
6 417
18 783
341 543
62 799
138 430
380 882
124 322
120 455
370 548
482 945
298 388
14 191
399 546
231 805
195 740
407 917
476 541
255 32
309 396
175 51
270 352
390 428
161 555
484 52
281 578
135 792
395 978
121 129
158 342
463 774
323 122
127 968
110 742
352 213
324 72
411 310
16 971
83 661
177 906
55 776
49 770
303 883
344 506
394 455
55 115
208 567
140 464
29 379
418 613
277 739
347 253
470 921
472 593
448 560
442 479
399 241
201 139
240 908
181 534
48 154
209 526
298 75
339 683
200 34
488 55
106 944
259 187
223 467
378 720
78 717
470 249
168 704
211 958
288 609
402 931
124 535
104 309
339 527
39 820
469 973
28 138
165 494
250 65
346 756
76 759
402 118
192 5
376 361
394 281
62 107
310 688
29 983
276 511
9 866
376 234
138 619
330 152
468 336
337 606
153 579
62 99
379 143
5 54
463 649
410 967
301 737
183 846
497 593
219 500
234 519
34 99
469 253
10 706
131 135
296 137
208 508
272 329
212 296
63 315
402 364
8 910
137 997
442 747
90 222
177 597
26 927
283 999
106 649
498 449
355 460
70 293
149 558
194 72
298 474
254 653
200 244
238 490
97 92
290 354
199 156
37 664
454 235
202 754
332 554
232 532
488 206
391 700
312 656
71 633
294 479
169 758
222 189
106 73
55 345
476 181
183 828
240 515
239 190
96 230
328 297
356 169
402 204
484 643
401 100
120 881
134 109
478 356
334 959
415 525
112 388
255 897
427 502
29 959
51 90
411 149
374 480
7 963
203 523
315 967
446 951
110 830
60 807
300 974
57 252
368 74
182 551
432 483
120 780
228 197
108 81
183 710
364 960
447 116
221 881
232 174
172 901
157 898
113 37
137 675
175 804
283 606
474 88
354 22
88 170
184 235
109 782
343 496
324 665
273 974
385 196
130 661
69 648
396 429
293 107
491 306
164 621
338 542
70 144
328 336
3 485
478 321
266 939
79 77
62 487
236 123
242 229
409 582
412 905
7 698
329 868
64 898
6 126
223 889
14 736
31 443
368 411
48 188
492 618
483 674
312 971
166 366
246 761
396 347
171 496
67 828
1 74
411 456
318 702
331 312
14 430
31 108
234 535
489 388
368 572
5 200
382 347
201 722
174 68
128 692
456 66
484 710
434 729
18 103
73 622
424 450
238 390
326 79
317 122
237 940
288 148
484 913
434 169
243 947
463 656
9 239
495 310
339 586
298 797
450 812
425 352
109 27
403 442
413 584
329 456
233 490
288 898
251 905
306 605
31 389
12 724
38 493
134 928
312 491
420 302
479 936
106 527
300 735
150 226
208 168
136 189
230 166
459 639
94 559
157 915
181 561
25 302
59 448
428 435
171 451
125 406
33 799
60 709
172 456
344 870
231 757
115 101
261 866
385 613
163 406
143 888
27 895
500 469
211 830
450 488
346 184
398 940
45 196
239 422
57 274
425 318
7 425
265 805
325 153
213 2
197 779
4 524
431 566
240 838
35 340
436 454
34 823
122 330
298 109
312 502
81 552
204 598
24 103
434 388
403 32
378 41
300 276
173 847
262 459
255 652
426 620
262 428
376 655
239 1
372 333
495 777
298 970
363 560
140 808
314 260
83 767
332 429
316 291
110 365
259 490
175 28
304 724
166 537
497 433
271 740
117 476
345 266
316 663
104 517
130 217
142 347
81 181
416 723
385 810
62 849
121 277
460 210
419 596
479 336
82 104
87 42
357 37
422 399
295 92
261 724
366 953
102 811
428 492
333 452
227 918
463 546
217 83
340 532
39 21
91 628
454 748
25 766
249 792
203 964
45 150
468 994
252 386
496 912
148 691
10 300
425 693
310 24
95 245
80 607
285 548
128 412
18 741
300 432
336 694
432 592
430 367
82 468
210 65
151 235
109 831
310 15
350 335
88 362
43 979
417 968
179 786
337 785
252 963
319 834
194 806
253 553
66 683
136 783
131 894
489 881
340 424
166 433
133 710
340 431
376 706
406 971
18 807
162 173
263 627
92 821
290 343
201 474
402 493
127 838
450 680
358 992
60 618
155 253
276 59
430 965
356 618
164 289
270 715
136 197
487 800
478 979
3 102
318 699
480 712
326 749
289 434
422 252
438 241
168 672
49 477
86 984
94 798
106 59
460 892
319 245
383 235
220 455
489 713
212 363
227 783
472 534
125 136
361 24
137 89
434 367
372 796
464 390
20 407
497 858
229 599
500 876
474 96
12 399
91 64
467 485
365 654
379 660
188 827
268 373
10 700
377 502
444 51
195 535
366 617
137 79
183 346
340 658
70 233
124 734
299 903
56 362
294 753
136 375
314 859
304 781
405 390
96 657
226 357
473 700
259 341
13 590
9 118
107 883
270 78
255 27
15 578
50 393
458 666
214 347
473 773
347 297
51 317
260 507
148 507
123 796
37 360
327 192
488 792
444 318
96 535
92 542
310 445
326 22
112 981
330 369
47 61
33 331
477 851
154 201
373 871
423 530
118 761
265 161
304 349
116 282
180 458
298 388
357 59
153 495
408 786
385 824
55 832
397 250
148 953
462 418
399 237
31 674
394 528
223 765
409 698
35 695
23 72
334 349
176 167
8 157
451 565
326 511
427 244
5 721
43 978
188 487
156 487
30 943
405 909
376 28
109 846
25 701
118 738
184 671
344 873
22 494
348 379
169 156
435 724
269 458
448 38
136 778
262 934
326 967
215 8
202 389
113 793
149 830
225 436
124 332
479 728
82 406
459 831
485 115
263 799
476 212
94 813
204 929
318 587
462 594
296 395
74 283
315 757
305 118
6 110
407 881
360 960
311 414
344 517
9 764
98 378
333 969
381 214
287 485
245 211
363 321
168 430
230 708
266 909
32 377
219 296
181 572
395 907
428 176
354 975
413 799
103 655
305 52
104 338
38 15
330 919
239 909
263 144
189 850
117 921
261 646
355 848
343 659
182 167
263 17
489 464
453 840
474 956
34 330
209 997
260 263
366 425
291 141
457 196
410 910
150 36
376 470
172 41
162 366
486 39
99 254
431 788
25 107
234 968
76 956
343 989
220 355
182 874
249 606
296 202
266 491
461 319
157 645
474 492
106 296
294 939
485 444
440 635
383 862
405 71
324 848
64 661
14 585
192 175
197 101
141 868
180 570
103 345
351 842
90 177
148 136
451 570
123 901
241 740
310 330
457 857
379 343
7 94
237 61
189 622
243 755
315 525
278 732
111 382
435 603
338 396
262 533
271 663
466 328
240 97
44 221
95 652
284 805
266 283
337 189
415 731
346 327
490 144
158 777
277 179
183 685
177 276
187 924
404 209
490 979
37 312
488 945
381 590
147 244
328 835
486 816
131 78
292 741
49 920
497 10
302 585
361 715
493 674
153 139
195 603
173 430
4 613
416 835
353 755
472 411
26 536
379 518
38 586
72 795
256 82
138 4
4 133
475 41
465 110
481 216
173 783
37 541
75 226
308 789
447 45
28 969
264 804
313 4
370 867
274 608
430 739
225 625
63 115
50 972
212 625
266 437
454 880
341 736
295 731
470 330
478 107
204 529
182 242
482 224
449 994
352 754
219 583
207 454
80 430
404 884
94 968
471 169
440 779
185 771
334 109
4 929
227 418
11 618
388 430
144 513
337 682
479 56
401 182
484 570
372 667
94 926
263 551
130 248
217 962
176 600
59 181
66 919
452 863
486 976
221 679
179 830
268 674
247 109
11 307
327 831
202 898
316 546
133 964
213 978
194 190
342 124
269 760
193 411
226 545
419 643
188 891
333 610
307 1
164 92
469 872
462 425
380 275
78 20
372 325
344 572
279 921
391 542
403 593
116 501
437 258
145 106
80 102
194 410
117 290
264 636
66 52
29 585
445 972
239 89
251 673
433 169
29 831
160 935
327 714
251 622
500 654
276 850
269 716
283 193
470 910
375 10
174 180
411 255
147 24
72 773
38 812
445 506
217 264
482 623
119 305
17 991
56 368
347 941
316 641
67 270
187 174
168 717
111 60
492 577
289 890
337 780
492 55
97 736
81 365
314 462
395 312
439 260
233 37
80 257
341 165
454 595
255 543
384 667
228 502
318 734
270 437
357 596
108 770
205 967
44 557
176 667
26 503
258 786
127 159
36 4
60 275
248 667
99 899
158 277
316 409
323 232
27 780
438 92
262 322
10 495
185 13
317 644
197 971
26 967
213 895
221 87
464 389
261 833
249 392
1 315
462 292
163 27
407 722
201 318
5 162
345 131
226 188
232 809
45 278
409 829
120 833
98 868
170 555
436 438
183 825
36 315
192 814
324 859
363 813
70 706
118 439
499 426
466 181
492 812
459 865
382 853
68 748
75 977
395 392
220 591
312 382
310 328
309 743
395 65
437 608
51 254
36 595
39 466
440 555
167 597
486 3
157 563
47 636
52 616
95 33
226 281
482 887
499 723
154 235
25 100
324 114
440 695
97 736
232 52
98 24
18 343
372 691
53 664
105 877
318 972
456 437
449 552
335 100
284 291
232 111
344 527
493 43
219 324
54 622
480 113
399 178
91 749
8 520
9 781
122 832
29 924
481 503
163 366
274 723
328 468
231 947
414 698
222 407
466 799
81 80
205 452
435 710
32 969
156 78
415 948
482 559
273 870
365 983
301 196
450 201
17 90
341 19
242 423
77 967
5 38
276 534
52 258
199 780
412 825
44 870
482 294
77 925
20 586
352 960
430 693
489 371
392 623
210 148
67 177
207 664
396 425
235 849
115 619
84 227
175 261
426 201
284 603
94 225
192 778
328 72
195 920
123 265
411 498
211 791
38 201
352 712
343 571
61 268
325 24
358 264
42 405
303 609
208 351
221 542
357 528
395 118
469 792
342 768
344 910
102 652
406 605
338 980
193 786
30 100
135 666
343 517
34 606
338 571
403 498
337 783
62 548
345 38
268 478
318 477
19 389
241 279
412 304
427 800
475 183
106 117
346 380
220 212
452 622
383 584
435 768
323 825
49 621
378 831
484 937
496 981
339 890
436 732
419 26
84 426
455 208
306 171
224 819
456 996
342 109
300 820
95 562
181 960
67 894
132 338
412 628
323 251
170 371
125 798
429 503
459 142
471 463
133 497
409 20
480 696
399 422
158 987
203 378
365 908
438 200
151 733
142 679
399 420
112 915
289 363
199 837
84 208
221 65
20 713
319 557
6 664
274 799
253 639
265 390
332 595
31 198
306 71
68 693
391 1
259 775
431 806
427 335
25 54
290 31
85 433
54 412
191 993
209 728
169 32
287 552
387 611
399 599
317 987
96 68
139 748
426 715
370 835
331 501
287 308
186 390
276 778
486 476
81 123
145 700
205 457
498 781
371 127
110 716
32 370
264 612
54 420
328 808
495 356
155 475
316 468
21 795
121 681
338 632
443 337
381 921
295 841
95 171
477 637
245 98
439 512
146 472
112 21
235 631
498 237
142 15
29 571
149 196
79 644
392 992
155 418
126 204
235 173
399 283
78 601
212 677
108 15
173 874
12 465
417 276
58 350
101 380
456 650
31 324
258 681
180 486
106 564
266 79
77 902
499 99
184 378
395 620
481 826
479 423
191 108
450 982
406 284
143 525
309 99
207 301
43 551
442 754
382 47
240 295
118 653
362 189
75 541
307 200
30 990
221 210
86 345
144 691
349 687
83 568
242 131
218 864
62 627
387 949
87 112
262 4
416 997
8 333
492 936
202 661
377 414
254 181
327 850
85 248
8 599
5 768
131 110
410 396
303 353
81 886
244 226
352 471
56 677
468 490
140 512
409 337
362 790
482 176
259 574
447 578
432 895
88 609
499 819
44 139
470 94
353 474
190 97
319 151
225 266
492 806
399 735
30 112
89 951
183 149
324 680
256 240
69 154
274 965
263 501
371 210
184 896
226 638
93 186
13 773
405 492
478 520
350 540
210 709
54 234
428 873
88 885
423 148
357 260
41 43
188 668
451 169
66 974
83 567
114 42
122 652
334 833
10 396
89 870
65 943
279 41
180 542
457 2
421 265
146 964
266 737
321 365
30 27
367 984
408 860
137 174
192 76
416 300
140 997
290 1000
499 219
28 638
248 249
108 329
13 155
367 110
474 653
100 825
233 509
162 444
162 526
15 497
219 797
320 497
383 408
38 458
492 853
59 280
215 158
322 753
495 337
464 450
1 625
191 149
229 778
8 457
342 289
287 67
462 391
342 677
113 492
93 299
127 155
83 882
493 945
407 355
72 645
369 597
323 952
21 523
434 502
402 985
136 766
338 16
467 681
438 398
365 495
201 809
214 413
251 136
339 55
3 972
455 924
438 552
211 524
384 453
85 173
140 780
475 473
187 348
245 885
105 607
225 159
345 769
55 966
383 149
271 884
39 338
468 294
409 32
428 338
216 575
400 399
258 464
472 913
208 712
329 778
351 951
459 772
340 910
231 4
358 432
255 768
370 663
148 170
490 511
224 402
457 458
468 690
298 678
469 518
341 239
104 148
306 877
54 921
329 550
364 435
479 175
438 956
88 613
155 991
270 455
352 325
279 30
272 967
34 31
203 582
34 738
431 268
61 448
229 955
270 901
318 468
347 316
297 696
487 842
31 756
365 219
328 406
