1200
20 744
242 132
237 976
245 237
244 664
294 921
94 586
53 422
178 643
265 669
128 740
152 308
62 265
230 274
62 331
77 256
19 271
67 293
25 29
231 567
202 40
102 372
269 975
109 659
88 113
291 924
200 293
232 993
36 116
77 679
299 162
174 914
288 583
261 426
161 919
252 977
58 667
169 594
170 339
136 300
221 194
6 136
251 930
78 29
238 136
282 628
238 349
207 829
80 713
131 29
3 482
12 159
47 609
281 943
225 502
242 336
232 546
287 289
90 814
284 393
156 610
296 680
119 238
46 517
128 391
73 422
26 152
64 853
175 541
298 199
29 417
23 257
247 236
86 708
236 456
226 962
269 246
127 600
148 163
168 894
204 350
49 684
5 651
280 704
211 232
119 775
231 135
137 333
286 203
228 149
25 183
257 747
198 447
155 942
51 649
169 51
65 191
221 121
33 847
135 751
144 830
104 690
62 307
20 843
285 382
26 317
99 1
139 229
163 28
172 558
11 297
49 255
242 143
144 798
50 734
181 626
215 355
64 915
220 552
41 953
181 294
105 600
116 769
11 589
137 237
83 28
208 48
145 276
33 195
107 729
297 925
26 771
216 873
23 868
85 913
156 714
193 56
68 735
195 866
293 798
27 597
250 914
222 730
14 918
32 520
217 137
85 322
207 423
63 297
50 856
74 264
2 736
275 624
299 866
195 200
130 212
134 547
257 973
244 364
20 906
24 292
291 693
192 95
178 407
281 384
241 840
211 32
93 22
59 424
68 185
109 640
295 449
77 243
253 68
76 789
283 254
146 320
238 80
66 208
203 403
176 843
279 853
155 843
189 907
284 128
261 554
158 830
186 520
204 924
230 453
106 22
106 599
241 350
121 103
208 138
93 736
69 925
5 572
97 270
16 259
204 821
18 596
136 472
184 901
100 856
150 803
83 921
288 818
43 360
230 194
18 873
180 753
38 324
274 295
280 911
77 926
62 221
32 620
197 719
27 948
289 973
139 992
197 425
263 454
55 458
190 722
268 274
156 636
54 798
110 127
129 317
154 661
164 966
277 198
147 220
154 516
19 49
109 219
279 652
251 483
211 575
64 209
239 200
39 691
163 912
73 11
232 972
136 260
36 647
261 383
236 597
258 521
79 12
99 77
80 623
287 354
264 320
40 1000
117 766
120 518
96 687
191 284
177 165
132 89
141 838
92 712
33 778
136 488
283 142
27 201
126 951
84 211
223 221
69 655
253 838
2 979
107 892
111 547
187 504
265 395
129 763
197 830
118 900
6 79
5 38
154 505
254 618
189 429
112 982
162 470
43 259
111 341
86 775
228 519
291 768
220 258
136 294
214 997
245 174
57 538
83 391
48 143
47 167
112 655
5 719
118 340
21 554
93 897
39 727
208 129
126 980
228 581
113 743
220 30
119 874
78 912
19 315
227 320
255 480
265 31
35 610
171 223
191 120
146 114
101 497
256 451
169 37
203 980
85 239
72 983
95 787
105 492
189 659
167 508
6 86
8 97
186 952
126 750
202 551
151 778
128 77
133 21
24 636
121 439
103 825
203 274
270 68
6 939
47 548
239 86
6 590
113 435
272 731
268 166
185 935
127 632
89 684
41 80
50 296
4 304
224 543
113 446
228 139
47 286
111 974
241 633
26 254
35 834
4 611
238 442
117 667
110 907
191 508
166 37
56 62
276 279
39 196
223 730
172 777
222 532
174 364
190 340
108 795
39 5
145 226
216 26
248 427
189 691
47 752
287 280
225 347
131 188
5 416
66 267
188 710
215 407
104 557
270 233
244 846
288 772
110 769
156 74
134 483
250 15
52 324
26 611
51 687
227 601
117 839
293 105
278 569
126 122
13 739
165 840
148 281
74 876
52 302
130 60
64 878
13 555
300 305
91 696
126 533
209 675
206 686
272 119
133 541
228 3
209 371
288 990
235 328
148 945
254 10
280 122
17 350
180 362
80 330
156 889
214 383
74 903
20 694
244 421
229 91
49 343
181 423
279 759
68 889
24 722
47 549
165 154
267 352
141 506
15 21
170 13
111 923
240 287
24 708
292 28
251 750
123 831
2 84
83 459
122 182
91 484
213 40
99 708
193 171
273 288
299 57
8 362
229 58
10 810
288 957
214 347
188 580
246 825
121 746
123 780
79 208
117 187
251 622
65 160
57 34
271 200
248 202
76 176
35 926
129 396
275 368
199 982
51 229
110 990
260 517
208 781
249 221
235 246
49 603
114 943
106 679
103 496
26 537
150 691
249 234
229 730
2 571
270 754
160 969
209 860
64 851
181 653
148 957
293 448
165 395
85 841
86 377
146 676
64 787
289 909
86 311
181 476
159 929
216 785
52 112
132 873
234 463
129 572
19 549
274 445
98 398
68 358
184 190
221 719
286 521
49 531
54 56
170 967
295 422
158 118
224 775
164 789
174 652
141 940
297 58
79 703
74 684
100 452
268 1
299 802
126 664
288 575
266 592
273 8
254 781
161 890
44 299
230 513
168 391
129 634
100 963
106 589
98 799
167 301
160 784
29 596
226 818
187 568
233 276
63 287
45 257
278 996
257 299
182 33
241 233
167 78
255 889
65 92
50 636
77 595
136 458
204 506
257 167
183 802
44 408
300 763
59 636
225 353
194 24
171 904
187 674
206 338
94 699
277 66
74 837
152 115
251 788
21 907
42 385
13 789
199 355
17 870
1 961
275 487
121 701
179 206
189 27
139 5
58 21
185 859
118 82
24 994
141 711
216 361
92 328
262 780
47 1000
208 901
31 544
207 299
74 257
91 631
194 77
3 192
104 44
188 196
95 494
251 933
8 419
75 970
124 348
12 878
295 807
82 870
273 677
45 793
88 665
114 936
291 640
38 494
194 195
95 720
299 535
20 668
88 348
175 514
261 520
209 277
129 811
217 807
100 761
51 754
13 244
59 860
129 83
126 521
2 590
170 720
209 218
199 334
137 26
45 909
21 751
41 27
56 92
98 878
10 752
7 424
257 35
101 945
67 1
278 571
291 176
295 394
110 352
187 285
266 235
113 849
48 86
70 364
50 916
125 809
68 191
131 468
2 996
187 483
258 565
60 939
201 597
22 844
136 635
251 230
160 57
29 358
102 640
107 105
87 385
246 894
101 827
193 776
157 986
134 218
286 407
298 526
180 957
2 338
296 438
223 354
81 482
147 761
181 909
80 148
296 650
164 168
126 510
67 678
132 538
99 658
47 754
294 219
206 632
125 404
51 171
134 292
188 69
42 249
243 12
130 769
251 778
46 794
156 492
92 104
119 41
149 852
237 753
292 730
149 3
145 993
108 435
292 200
196 70
276 861
202 455
208 23
154 681
203 333
103 683
95 925
165 630
4 605
167 17
76 714
97 266
19 571
30 181
89 977
36 393
37 477
285 91
175 75
105 604
52 403
122 366
96 331
184 289
111 673
193 998
172 269
64 134
228 301
13 316
288 5
38 692
5 612
280 684
188 876
218 942
282 426
154 204
46 520
153 152
93 380
102 360
185 693
250 497
290 904
82 664
97 956
256 602
33 578
180 538
54 370
287 76
249 741
268 583
146 332
70 956
283 213
55 297
107 672
270 389
66 426
167 279
91 893
191 941
262 742
79 270
238 98
35 882
29 150
282 249
114 754
280 181
216 301
30 292
13 517
210 361
247 30
31 72
261 789
109 128
151 225
38 27
75 917
186 183
259 208
61 174
115 433
64 292
26 141
213 817
204 627
18 51
9 817
40 392
188 588
298 405
204 473
277 649
180 289
101 500
50 680
99 153
20 410
291 887
109 165
110 611
205 452
278 621
174 800
215 890
197 213
290 562
173 896
141 163
218 540
207 258
99 721
278 296
281 312
66 526
69 910
292 230
167 55
67 184
69 613
269 697
252 803
131 640
194 520
201 761
286 575
103 475
270 569
51 536
96 368
40 451
260 829
60 183
1 116
61 706
97 489
128 348
37 818
237 385
191 564
257 423
143 487
56 346
178 196
210 500
103 92
15 88
140 782
294 737
181 459
264 394
103 647
297 746
280 171
84 730
74 395
113 532
200 829
59 790
276 617
157 538
143 358
209 281
297 757
38 824
170 431
207 978
196 82
40 433
21 914
269 775
151 353
25 654
183 666
4 483
71 916
141 466
195 872
280 494
152 295
73 766
292 957
159 834
126 980
18 515
16 323
190 917
226 611
235 228
39 97
181 977
120 620
10 130
108 470
217 222
99 396
295 339
171 433
28 662
212 574
147 916
85 267
242 721
123 771
166 7
298 379
101 719
113 478
100 837
62 803
24 101
81 577
51 484
87 512
7 36
272 406
276 815
7 481
260 532
156 625
57 929
57 753
103 249
2 126
7 10
146 19
106 558
144 720
131 916
61 201
25 169
89 862
4 531
48 893
124 393
51 664
299 947
31 149
251 424
161 349
229 525
263 595
12 61
43 11
158 717
118 431
211 922
200 443
142 365
13 709
23 147
235 903
270 142
138 70
183 574
211 636
140 494
282 914
105 687
153 962
191 473
296 21
201 808
138 232
265 682
133 904
61 154
231 84
214 715
17 916
290 406
148 940
26 812
196 305
140 423
170 976
183 363
288 36
235 466
293 859
194 598
216 469
85 212
12 209
172 539
164 552
209 452
282 882
215 740
205 71
279 666
222 751
45 220
261 992
128 176
289 517
10 520
237 288
144 519
96 889
199 59
26 437
124 794
140 141
69 719
74 747
172 438
289 363
170 937
113 883
146 336
299 286
286 718
7 252
85 322
140 3
89 830
58 259
153 617
108 959
55 423
168 553
280 888
23 291
230 548
149 76
111 264
25 285
262 217
79 83
261 79
223 153
123 712
221 644
99 87
177 602
235 189
15 658
262 108
5 639
280 787
240 825
130 911
266 946
109 399
46 166
220 343
95 264
213 673
78 696
109 893
57 358
148 776
264 33
6 331
86 645
254 422
139 444
101 419
128 723
202 68
130 655
175 672
266 766
272 167
225 849
256 210
245 398
160 680
48 467
143 995
190 202
40 507
98 313
159 253
286 348
86 864
23 940
27 969
33 28
115 407
298 534
138 156
153 687
291 440
220 34
121 556
80 500
183 336
145 20
247 980
68 238
275 261
18 13
228 227
176 363
117 687
236 982
165 959
51 636
14 889
45 747
173 617
11 602
220 802
274 355
253 349
170 345
63 643
77 161
146 759
33 944
176 24
22 857
100 998
13 58
72 84
154 842
100 10
270 490
298 87
132 467
95 391
82 886
5 828
14 442
266 375
183 234
213 138
22 405
40 171
19 416
76 363
237 924
142 367
36 363
140 765
12 917
198 582
43 31
261 592
252 90
297 521
60 918
60 312
110 438
40 67
187 929
285 391
138 849
179 710
272 705
67 744
87 312
92 379
72 159
