1000
211 680
41 17
200 451
195 255
119 934
215 429
180 230
177 497
182 590
101 30
118 386
145 44
135 742
183 705
202 110
136 949
9 217
107 370
159 362
214 316
249 976
126 634
23 359
174 525
127 805
36 449
102 707
57 513
38 471
238 200
101 209
69 354
136 696
32 642
15 68
172 219
41 3
156 211
42 433
216 863
82 304
238 602
194 513
170 504
153 131
168 648
244 668
150 668
166 178
230 639
85 263
34 421
230 410
201 288
137 783
157 925
10 524
56 832
199 778
4 419
221 74
112 91
146 395
100 405
95 992
45 342
77 799
46 577
60 73
87 276
18 797
185 207
227 289
224 133
167 192
151 178
1 116
182 571
197 728
121 350
141 577
13 963
229 559
166 813
34 754
206 847
153 270
81 803
47 423
31 434
142 654
133 791
244 665
81 150
34 682
135 16
205 139
209 426
134 511
92 984
73 695
240 671
101 488
6 731
87 648
46 353
161 520
202 832
54 164
23 370
105 466
41 675
32 155
243 161
227 473
40 658
80 823
104 54
199 218
80 468
216 451
67 620
239 89
35 605
111 180
114 608
210 213
226 116
45 924
122 362
181 798
78 129
36 393
34 411
172 766
203 576
152 291
208 552
157 466
85 129
7 529
190 655
94 949
2 893
32 519
192 908
18 475
193 15
91 722
225 61
216 483
9 239
151 8
128 140
85 1
23 204
101 751
126 186
152 857
237 926
232 599
127 360
58 688
221 216
21 60
140 425
28 707
158 447
66 763
128 972
161 392
168 916
77 468
1 257
166 709
13 544
203 451
93 323
198 736
12 120
136 21
41 527
212 909
230 401
48 337
81 840
43 619
250 806
186 574
143 841
175 108
116 746
141 306
193 282
99 192
131 734
117 589
148 928
172 807
21 410
146 898
77 83
140 515
8 819
91 653
138 116
14 543
196 497
240 1
146 625
216 221
207 583
46 716
70 377
56 594
6 658
43 459
197 743
204 183
6 797
169 548
59 884
139 310
127 43
108 230
223 679
192 684
25 432
33 967
59 303
110 409
7 253
54 243
83 11
53 16
169 224
75 475
24 711
145 158
178 439
96 627
153 716
246 536
200 869
80 540
247 844
207 225
163 324
241 416
238 703
110 742
94 925
93 992
122 596
118 939
101 353
226 583
158 866
226 470
163 810
245 190
185 64
223 305
41 748
219 191
165 227
208 804
176 145
182 346
37 539
116 273
246 425
76 511
248 185
199 6
109 756
89 597
62 76
116 964
209 628
58 676
198 998
123 184
195 105
238 812
55 710
249 288
136 124
205 694
131 778
100 901
153 973
25 149
101 36
175 757
111 974
35 635
29 89
173 232
27 979
220 931
70 669
42 667
102 492
250 734
110 321
86 507
186 647
136 710
232 187
11 893
163 392
191 715
73 914
43 255
184 666
72 181
219 739
244 976
116 878
161 692
161 611
185 813
153 479
85 38
196 170
25 77
94 488
176 639
118 517
37 251
157 91
188 410
19 152
190 658
235 230
189 930
180 954
86 626
55 870
94 217
105 229
147 705
137 853
236 338
83 368
37 645
159 764
249 133
28 415
248 918
250 281
43 964
166 476
4 210
69 79
126 907
63 135
36 510
241 326
129 534
2 932
39 836
94 908
218 420
219 798
93 692
218 686
111 594
66 19
40 559
59 889
138 876
20 585
135 500
84 677
87 490
11 660
100 252
143 296
202 576
196 60
77 774
187 256
136 660
171 340
131 155
212 913
231 124
63 966
211 419
128 586
164 764
85 932
191 222
209 76
78 168
64 450
189 196
62 818
25 803
66 457
153 219
80 880
115 703
66 829
144 187
26 977
142 930
226 609
127 313
177 168
237 36
56 820
94 152
186 460
51 220
14 404
222 938
173 198
184 510
86 702
17 362
221 343
93 307
198 499
245 226
126 123
220 700
45 157
158 572
115 279
229 801
159 525
210 434
235 972
103 402
150 628
142 71
109 131
16 322
35 388
187 367
197 683
198 58
165 845
23 685
216 534
67 274
29 911
57 291
135 746
103 606
250 485
46 681
144 408
60 785
40 946
32 290
161 981
146 566
61 29
133 288
84 102
136 518
8 929
148 863
42 53
60 148
128 946
157 825
235 384
217 425
98 728
244 844
122 536
218 88
26 478
16 548
205 504
230 521
89 945
194 144
153 970
75 643
191 969
45 820
195 861
143 222
73 778
47 673
146 861
38 703
18 875
99 917
74 108
83 717
180 947
34 613
249 943
124 147
201 385
240 28
109 45
109 677
65 567
28 318
51 348
4 110
168 795
78 905
77 7
57 111
45 907
58 515
142 670
12 339
217 2
113 861
63 488
215 388
81 953
138 711
128 113
53 810
52 488
197 117
135 610
152 11
94 168
230 210
133 214
62 312
1 166
190 102
117 383
180 705
207 887
112 358
217 815
109 506
25 367
205 420
61 621
102 730
247 545
116 931
97 931
87 524
73 343
95 703
77 388
211 60
205 682
248 958
78 836
235 901
55 122
200 187
229 97
140 329
118 204
8 654
62 702
149 861
175 859
225 235
135 525
42 597
230 291
17 509
31 325
126 762
105 473
186 339
74 814
63 865
250 956
31 826
142 509
181 513
103 277
212 166
186 569
201 355
92 302
135 125
225 615
19 625
109 638
130 233
26 570
92 397
123 120
153 269
170 883
245 228
220 166
153 112
5 812
87 521
227 646
250 12
74 718
180 809
219 731
190 209
133 323
100 178
216 401
10 370
103 231
91 743
206 756
152 219
9 832
112 209
247 660
233 679
1 428
219 1000
45 330
182 834
103 783
126 130
92 325
202 819
74 402
21 162
128 305
187 240
159 959
58 498
45 53
55 968
144 178
225 615
128 292
232 821
32 416
108 589
162 3
23 206
136 974
10 598
66 137
30 742
100 133
246 691
148 451
194 623
213 692
8 252
102 670
80 218
226 963
148 336
235 677
110 779
112 595
20 760
47 851
164 573
205 302
143 706
249 420
55 88
153 176
220 117
150 716
92 177
196 440
145 923
234 658
56 276
187 806
65 521
142 833
31 111
117 987
154 389
180 346
36 573
159 409
231 36
99 936
131 98
65 524
100 719
238 6
114 632
153 949
108 41
213 74
4 314
114 754
11 752
86 80
165 204
99 499
247 731
159 285
208 999
168 943
184 680
178 349
158 477
14 547
152 167
186 435
246 917
247 493
132 821
127 50
120 33
205 189
35 116
225 914
88 935
51 480
195 362
114 243
85 221
92 625
92 358
190 965
129 127
35 825
132 290
47 282
114 796
120 63
215 959
242 129
98 44
109 562
98 344
16 311
194 755
72 666
233 447
199 49
60 48
103 462
81 338
60 911
148 975
222 820
141 418
120 255
62 630
13 170
224 43
227 404
207 16
153 440
248 675
37 245
46 49
90 942
71 629
218 18
45 254
137 182
231 651
129 663
245 608
198 352
123 15
202 871
139 595
48 330
42 175
230 553
104 615
108 123
56 7
170 152
92 292
91 892
98 710
54 396
149 288
51 543
250 140
160 798
231 300
2 305
61 604
97 164
225 951
10 713
66 346
82 724
163 365
55 410
23 835
207 6
158 688
115 731
208 415
225 969
193 684
198 42
47 196
94 703
206 222
35 561
7 3
151 217
136 439
157 498
61 382
242 30
7 130
160 348
192 897
165 1
111 47
190 907
157 60
156 761
14 119
163 104
193 438
146 648
98 14
62 414
120 5
84 693
58 100
242 640
94 188
242 766
109 31
193 920
76 593
86 197
238 479
189 427
82 539
156 330
93 843
123 521
236 172
170 349
6 983
202 108
126 51
136 299
155 496
182 317
205 602
245 220
195 823
19 896
46 161
240 503
194 57
85 653
243 486
82 109
108 72
55 491
29 950
183 825
240 617
117 374
139 298
194 392
175 301
172 8
50 602
113 247
172 453
103 488
22 632
88 305
25 25
200 271
208 73
197 791
146 33
90 987
10 66
123 709
244 597
53 331
37 44
96 452
167 869
25 830
219 789
85 746
150 858
213 335
19 451
70 255
158 428
141 55
238 148
206 703
111 997
194 527
182 196
249 748
171 166
239 378
217 319
199 358
208 370
20 449
36 659
25 860
173 933
83 267
143 302
101 233
63 789
129 371
86 267
213 759
228 539
44 925
167 663
98 43
85 618
25 901
125 187
17 784
106 263
106 190
192 878
78 686
233 751
139 224
29 99
140 427
64 251
169 358
129 505
1 991
18 924
110 886
20 69
186 661
135 228
74 601
121 338
3 757
114 16
206 730
177 658
99 397
136 884
163 30
107 474
118 194
225 654
71 104
136 892
153 92
133 932
114 250
29 607
105 793
136 856
94 63
116 339
176 425
240 817
90 903
13 4
216 462
236 416
82 149
213 600
114 329
174 166
127 131
249 853
84 53
47 236
60 217
11 133
16 494
68 946
212 561
218 220
128 965
213 322
98 917
131 339
239 20
217 273
225 738
170 473
157 41
84 21
4 140
