1500
32 575
331 442
215 724
147 762
201 110
311 341
44 739
134 130
62 663
164 708
176 628
71 166
206 525
228 772
346 190
273 149
203 508
130 147
342 71
295 593
157 608
8 464
300 796
275 153
307 394
346 669
375 550
187 618
190 245
205 639
97 974
152 764
372 809
284 470
370 541
278 950
219 636
83 493
323 740
368 37
352 613
3 702
173 743
15 894
261 38
213 244
121 604
294 35
347 779
254 568
106 381
178 614
358 970
286 720
265 658
231 617
38 290
361 469
186 77
346 30
258 448
321 580
69 173
19 723
268 427
3 27
47 534
215 761
246 507
25 848
358 202
21 602
235 670
307 809
198 234
97 129
373 127
83 419
239 801
110 379
26 667
311 707
206 698
225 321
165 984
115 772
201 266
244 543
199 997
114 749
31 429
200 671
191 295
356 97
355 167
286 309
319 147
66 87
22 124
94 286
255 966
54 70
181 511
154 626
301 76
8 560
320 435
246 832
307 631
29 326
108 289
180 932
346 26
96 924
31 613
148 82
26 91
159 690
352 342
346 695
246 831
23 840
3 231
113 710
96 103
238 166
119 228
348 498
8 48
231 748
70 799
298 802
93 78
268 28
235 796
130 190
305 397
238 338
346 511
143 599
369 488
275 975
115 813
234 769
233 768
168 379
151 749
147 89
359 24
80 974
47 783
190 880
248 489
322 646
159 162
370 557
110 422
54 517
143 61
237 59
299 270
224 230
372 183
64 141
47 654
222 470
303 937
85 991
213 290
152 986
208 651
116 319
329 225
101 615
99 226
287 830
349 856
355 309
189 185
171 812
11 33
253 311
5 429
175 206
202 9
70 901
213 928
267 92
225 188
124 726
311 332
85 722
206 246
105 365
132 586
53 141
82 225
310 733
321 630
294 584
114 279
91 184
110 349
14 460
158 695
67 198
301 936
33 259
28 867
231 941
324 735
179 425
314 790
281 744
101 643
6 635
169 383
102 746
225 825
196 716
27 341
229 414
243 286
285 690
33 18
157 582
105 321
127 250
33 785
30 865
111 377
372 266
59 226
216 773
279 368
126 821
263 582
8 442
129 475
59 829
126 585
49 893
233 673
159 620
275 846
290 631
174 129
292 921
80 141
24 76
269 836
14 622
56 376
106 278
12 203
158 72
42 396
90 743
325 340
290 937
325 358
371 803
33 761
42 207
226 952
206 591
197 887
95 841
213 433
85 315
193 768
127 183
285 564
114 604
30 573
357 609
249 594
321 159
104 983
156 75
118 829
42 17
234 204
337 889
98 632
200 924
63 453
360 832
253 90
107 302
244 129
136 31
280 941
243 255
163 920
197 381
322 842
257 73
64 261
194 563
299 498
86 591
88 437
233 24
213 326
164 931
121 625
146 501
29 501
104 626
375 890
102 379
73 73
157 399
142 822
160 419
266 903
197 470
34 434
124 690
155 178
184 56
244 397
359 483
227 974
190 480
247 25
103 961
98 341
360 802
352 395
170 428
302 946
42 281
294 683
236 567
284 68
173 357
154 321
190 553
20 57
37 531
293 164
204 875
224 995
236 885
14 386
277 583
130 916
230 479
107 55
60 423
213 479
321 920
156 572
125 92
55 255
111 271
110 841
112 264
243 527
316 916
255 97
41 944
174 619
182 242
230 462
168 697
88 825
264 142
232 991
268 451
127 350
55 896
196 837
151 146
171 91
238 144
235 960
311 340
333 35
92 632
318 479
215 189
43 157
159 174
349 505
57 569
67 276
136 456
298 978
228 132
263 618
280 998
121 941
37 544
176 175
348 960
146 268
371 677
163 799
367 976
353 933
13 700
219 386
72 429
106 350
145 277
184 751
268 455
64 591
1 415
257 43
375 791
13 622
326 470
279 448
313 175
64 158
227 459
246 425
309 361
192 632
249 404
233 826
99 206
54 436
117 784
360 438
340 334
327 445
184 732
178 484
280 108
151 839
266 855
126 926
220 176
238 480
238 77
14 35
50 835
172 373
167 438
99 572
180 521
24 936
373 456
318 891
219 777
71 272
161 104
355 836
273 803
334 869
192 204
371 934
195 208
52 978
17 716
345 876
222 610
170 776
124 139
270 138
190 630
121 857
326 25
312 853
152 510
347 73
234 882
32 178
15 130
116 23
208 705
332 152
105 152
179 371
159 79
225 60
94 696
174 115
144 932
190 301
105 756
135 566
107 13
230 175
341 445
90 92
295 282
250 769
336 418
102 289
309 714
14 197
276 585
205 316
153 898
172 831
193 926
188 515
129 323
313 841
272 201
237 765
32 709
228 249
267 229
343 920
307 767
105 446
226 942
64 769
173 483
31 891
359 829
16 610
271 518
214 810
308 997
47 232
333 865
81 172
151 261
325 898
154 83
133 714
107 518
39 149
345 541
272 303
89 779
265 270
366 197
336 138
221 830
370 452
65 36
223 65
256 709
21 537
338 882
105 433
305 240
348 64
365 671
333 990
99 365
102 390
4 631
223 84
149 767
323 997
228 754
297 397
240 588
261 762
317 737
295 262
339 96
338 106
74 216
201 456
80 839
95 153
1 159
214 459
169 787
352 621
145 923
345 129
288 475
220 867
343 812
191 81
52 863
172 336
191 250
328 295
340 205
1 404
158 559
122 320
252 254
41 228
67 699
213 961
137 544
220 902
295 825
164 375
148 558
320 411
51 36
199 711
206 316
298 58
91 967
292 837
61 464
61 599
296 125
47 209
144 160
247 885
213 621
135 690
322 819
36 498
251 150
313 126
367 624
138 154
366 757
143 671
317 245
164 227
251 270
2 684
289 949
292 245
299 470
292 991
257 185
283 366
290 291
276 154
133 586
212 181
265 992
81 772
142 301
224 78
207 599
152 89
161 746
259 922
36 890
83 101
143 808
302 743
208 426
64 682
134 525
99 907
99 290
102 490
184 739
209 57
43 51
72 356
363 137
21 855
29 202
279 829
280 806
215 868
67 135
188 305
64 724
151 886
262 891
291 355
64 482
167 657
249 465
350 25
355 664
282 458
22 216
169 151
221 608
266 180
146 940
309 873
250 466
112 219
353 575
332 232
168 46
74 837
107 474
116 950
118 293
97 599
283 430
253 488
242 607
184 477
239 792
362 652
79 677
108 550
217 69
70 66
95 846
152 415
332 337
16 533
287 769
71 260
257 898
183 587
141 866
10 155
270 558
180 249
158 4
106 125
121 36
303 498
177 757
344 252
350 702
64 982
362 753
257 349
13 860
231 243
345 843
139 572
235 510
265 83
223 984
52 748
20 529
263 138
165 62
367 734
10 238
309 685
302 322
298 763
166 273
18 570
52 321
10 707
354 865
358 675
125 931
278 548
24 231
13 375
69 234
232 529
375 84
92 830
371 301
324 851
323 966
311 99
61 416
185 518
53 82
69 505
43 988
365 147
58 294
79 994
218 930
260 483
91 656
18 139
272 511
279 604
375 914
366 79
289 871
187 869
101 637
176 516
302 775
240 846
37 955
183 196
176 620
5 72
274 890
121 359
192 855
348 239
257 338
215 714
136 41
143 555
222 481
371 29
22 619
271 54
195 31
159 299
73 644
133 625
23 781
283 468
51 111
118 160
92 101
162 245
222 872
15 383
33 922
302 187
279 237
255 996
187 451
339 844
278 648
276 57
193 298
77 2
216 339
321 894
15 441
197 187
69 94
4 406
201 978
122 393
174 168
164 840
322 766
46 22
230 203
137 824
158 170
297 378
210 969
170 561
328 389
373 744
56 692
165 258
363 234
246 117
92 44
357 725
62 884
170 325
272 368
52 922
282 909
160 729
163 596
136 427
261 362
88 860
257 379
41 904
312 590
150 578
133 179
334 755
27 815
106 40
277 291
6 496
155 414
34 946
204 174
341 172
312 815
50 687
162 841
212 948
123 850
342 870
81 304
266 489
303 769
327 494
213 398
274 185
333 166
138 645
104 893
173 843
32 793
283 229
165 325
336 286
291 517
69 407
266 592
50 595
235 364
306 56
172 255
69 830
283 565
91 505
302 54
262 548
99 139
28 646
288 319
55 721
289 683
198 685
346 830
220 723
1 978
34 100
221 201
8 177
8 51
277 850
340 995
173 729
96 893
12 621
234 627
196 852
12 316
306 792
147 365
242 91
343 632
62 730
346 502
31 337
144 592
90 786
194 248
58 822
311 907
138 953
37 432
285 479
322 281
215 292
5 921
258 205
248 927
122 370
226 309
279 688
157 638
137 153
329 649
95 14
299 767
318 491
3 627
61 439
95 316
302 905
251 683
300 68
229 708
66 270
215 214
125 399
351 943
118 855
330 906
227 546
55 958
204 654
10 205
99 831
305 842
286 947
119 603
306 825
171 509
221 171
367 824
15 593
85 630
174 622
238 822
185 263
282 85
343 408
69 286
58 801
291 954
100 860
233 390
74 616
370 62
335 395
91 443
314 158
245 891
329 743
270 647
375 258
324 389
13 556
22 568
217 982
80 327
367 423
211 879
77 365
344 76
356 65
214 670
181 707
112 675
266 196
211 330
335 496
258 467
222 513
220 555
185 221
211 170
310 82
367 124
328 826
156 314
185 283
153 570
93 472
333 920
29 648
238 572
4 120
152 138
14 723
75 965
186 643
111 616
239 230
156 336
190 188
120 918
145 921
291 778
181 207
359 548
205 230
30 485
359 697
308 678
292 376
85 456
250 552
284 77
67 349
64 512
274 751
69 62
66 452
196 109
102 730
43 971
88 559
230 786
140 936
175 246
212 238
111 642
185 492
169 583
207 954
288 77
298 780
162 905
133 915
58 870
127 832
42 616
41 825
300 197
189 208
284 183
335 95
173 518
111 636
279 638
17 966
2 170
100 37
27 783
153 952
275 19
84 971
19 670
259 333
96 930
155 942
210 734
286 13
352 436
126 754
228 314
27 606
121 562
83 915
185 239
111 941
121 497
50 120
359 307
116 62
282 377
90 3
122 502
76 37
214 550
262 239
329 226
58 534
16 720
282 422
67 418
240 306
159 29
335 518
150 572
194 817
199 993
158 165
179 550
332 769
150 820
71 923
375 444
252 795
328 217
23 563
224 256
114 419
308 850
233 646
10 539
311 46
163 515
212 771
198 103
335 248
170 746
196 426
5 862
334 432
219 608
139 692
90 503
176 700
366 985
177 74
200 671
141 789
159 666
329 44
126 135
327 757
230 860
308 48
42 644
62 511
366 58
331 175
131 503
313 558
359 23
261 677
312 721
245 341
215 90
23 822
146 723
368 434
307 156
185 523
172 581
12 178
258 53
305 492
210 717
209 866
256 386
355 883
219 252
253 359
214 623
9 206
250 494
158 476
99 486
79 183
196 184
367 859
99 953
127 545
238 604
278 486
175 762
134 530
210 300
225 525
178 567
143 978
86 505
296 253
221 814
50 197
306 268
57 819
353 829
346 695
346 61
196 148
217 2
191 536
153 995
355 893
122 316
43 589
157 871
201 277
188 568
317 397
175 401
97 856
133 60
259 788
303 434
129 39
50 541
99 615
145 799
242 764
181 999
217 744
285 904
44 140
363 876
187 788
68 558
200 984
102 517
212 27
89 506
7 706
69 857
186 300
281 26
141 976
109 663
234 485
331 360
137 798
107 909
172 312
149 760
73 877
157 658
163 131
160 980
190 377
351 565
166 122
292 41
95 604
44 243
263 635
177 327
331 163
169 301
79 693
7 222
305 620
311 885
298 955
168 692
13 716
328 622
353 464
209 134
292 321
73 122
229 98
315 293
22 417
109 922
158 686
107 844
274 270
242 133
64 89
62 878
156 263
374 192
155 594
340 931
351 706
156 974
241 857
168 676
358 459
226 43
197 664
371 487
164 526
25 654
168 334
192 933
372 867
205 309
84 389
118 833
149 989
336 714
299 975
74 539
136 658
107 377
142 733
333 472
91 996
148 436
34 912
284 911
316 991
223 501
330 115
252 972
231 231
247 721
161 487
328 805
193 521
30 240
121 791
87 332
295 905
8 759
73 872
245 233
286 69
141 691
333 787
182 581
350 529
359 431
125 659
257 734
247 841
86 874
182 17
33 260
45 984
317 878
309 156
217 679
93 599
34 725
219 136
366 980
59 506
149 931
270 818
365 897
296 704
282 80
106 89
202 721
80 347
161 382
175 206
207 435
186 930
293 176
229 75
292 187
133 606
291 901
278 442
101 70
298 160
310 170
121 80
351 611
202 649
159 315
347 781
187 787
306 869
304 269
85 304
335 972
221 705
299 575
72 527
15 182
85 696
328 786
90 90
301 865
255 370
60 547
272 752
86 90
314 676
301 256
352 951
370 555
374 266
155 583
180 358
119 920
213 317
103 695
47 734
181 328
283 760
329 735
228 264
180 842
169 278
200 699
205 870
21 91
1 515
327 870
70 397
218 105
296 100
211 38
280 688
237 479
186 388
13 865
48 613
99 47
116 896
244 406
60 606
241 222
343 184
203 622
18 900
182 175
110 923
245 540
96 611
7 967
332 227
324 57
80 98
96 87
68 79
247 218
27 298
211 12
189 893
69 910
311 698
147 390
15 527
98 271
322 777
22 912
54 792
339 188
270 926
374 7
173 264
30 178
305 30
98 245
91 943
93 441
144 773
74 769
33 831
248 126
242 101
142 21
214 299
274 409
6 153
130 848
235 492
281 304
364 554
352 870
45 831
68 549
43 528
218 946
202 306
122 404
138 893
357 744
31 288
113 733
99 208
66 382
14 782
195 962
83 683
276 331
