1800
430 760
290 295
38 92
23 708
32 321
18 31
268 264
219 250
171 180
324 88
127 813
345 210
407 428
281 667
27 279
214 24
444 243
330 182
203 423
38 117
111 970
117 145
191 965
16 725
116 296
393 733
247 80
71 438
118 570
112 386
155 24
241 388
270 770
138 49
107 124
367 39
112 912
15 916
438 993
307 195
322 843
42 206
87 492
192 807
190 747
77 761
190 559
343 407
63 984
259 634
6 568
170 959
361 176
421 628
195 459
195 76
404 747
413 17
269 668
92 222
210 342
272 255
92 701
98 282
200 394
28 989
387 848
301 593
217 106
386 520
79 673
198 691
239 228
176 784
257 660
64 71
137 158
37 717
15 5
287 66
17 553
391 970
425 397
62 303
435 692
3 674
139 232
32 644
377 352
120 654
368 699
105 300
107 6
201 160
188 298
89 687
300 521
164 353
350 717
319 52
433 506
182 160
247 873
429 548
108 624
400 920
352 693
426 497
43 123
434 547
294 656
122 464
22 606
283 404
145 987
254 185
20 431
137 604
398 721
424 990
144 261
406 919
271 475
60 945
147 428
262 620
166 774
126 159
91 388
366 697
412 106
282 380
271 41
363 396
299 701
109 354
184 381
431 219
166 530
65 119
147 586
108 821
52 939
328 585
431 475
42 242
299 121
31 526
216 516
304 717
415 72
55 989
341 789
221 581
312 409
164 768
304 797
441 702
281 802
238 853
333 539
14 376
384 606
408 737
349 717
7 234
125 823
245 460
166 349
445 939
60 945
13 403
420 174
60 231
312 789
206 980
281 802
184 320
346 681
328 728
27 537
358 272
334 831
283 424
410 722
256 463
203 141
215 989
324 465
325 242
236 635
336 746
259 496
260 617
244 350
263 768
397 511
38 879
97 483
137 140
119 464
87 410
138 300
187 320
20 938
341 326
313 664
262 489
238 622
312 318
150 224
215 8
152 313
413 204
325 340
343 996
3 489
375 994
351 202
102 623
444 834
58 263
374 636
280 734
187 552
2 492
262 149
221 496
444 146
220 534
327 478
173 4
382 177
306 879
209 587
77 955
154 269
403 144
398 412
186 495
426 750
426 887
216 101
93 458
188 243
229 225
26 367
30 362
99 610
46 944
397 425
109 588
439 778
425 287
106 849
308 790
110 870
242 972
438 869
208 60
410 856
186 477
340 848
187 976
147 305
111 598
53 713
221 319
351 206
441 892
445 207
234 862
241 683
301 454
226 130
281 388
140 340
407 187
180 600
248 701
425 95
82 336
448 374
59 994
101 840
137 754
83 249
239 428
391 870
50 126
227 885
65 835
285 427
157 339
57 231
148 352
180 990
10 692
355 711
256 55
71 56
443 833
341 704
112 110
438 284
337 149
349 483
281 506
248 485
356 973
337 286
320 188
107 845
329 926
250 694
450 584
245 679
162 693
177 939
254 700
336 50
322 299
285 373
265 230
368 466
254 779
134 470
220 745
137 913
49 763
85 449
273 168
80 39
189 318
424 697
300 81
281 582
327 643
238 967
394 426
322 930
209 992
241 619
137 816
254 24
436 500
134 121
450 757
69 398
190 736
69 489
59 189
154 802
42 534
348 803
323 242
320 738
164 9
285 117
370 949
84 226
29 838
159 17
335 181
162 710
179 247
2 507
55 80
185 249
353 549
60 962
325 140
434 972
18 323
49 424
381 229
433 165
100 310
123 968
182 1
225 478
99 962
236 307
43 256
260 55
328 100
377 4
355 511
271 105
280 39
352 97
4 939
95 269
431 541
85 119
111 491
236 46
410 272
66 367
136 835
421 215
265 720
236 308
102 799
126 73
379 521
177 248
65 52
190 180
386 403
254 746
191 856
166 491
132 666
356 819
36 317
215 146
328 568
314 815
420 389
51 264
349 136
131 348
134 460
255 262
8 237
61 916
168 634
222 559
413 913
431 473
279 591
368 148
122 336
377 839
418 913
307 57
201 323
356 201
227 358
388 426
235 75
40 5
35 110
447 188
33 637
160 141
179 78
399 325
50 172
366 464
370 731
269 735
265 302
171 844
101 94
35 810
93 947
114 330
64 715
265 144
31 365
180 754
402 216
200 504
201 959
271 182
119 292
163 303
89 679
435 660
100 91
306 62
104 585
323 592
175 262
71 219
334 752
24 994
299 623
79 28
46 109
131 527
63 421
190 930
246 890
113 62
58 992
86 358
249 692
347 335
324 588
257 916
243 851
44 788
259 373
100 892
106 587
295 734
210 291
167 33
441 94
300 310
85 96
121 131
432 597
229 938
70 183
383 444
386 413
110 533
57 273
144 18
205 988
414 943
273 569
65 317
153 995
344 85
108 593
38 27
287 157
272 106
395 191
295 538
189 198
255 564
30 414
39 659
58 854
427 671
297 528
94 251
208 133
298 255
294 293
239 389
102 881
148 804
137 159
66 500
370 807
348 866
414 952
122 119
16 524
202 697
276 834
112 580
3 571
392 711
225 955
19 137
227 865
5 111
297 483
88 328
20 778
136 116
374 637
422 900
189 562
102 752
114 435
318 126
307 217
168 934
379 401
129 277
386 325
11 394
252 692
109 567
306 699
117 942
105 655
305 346
436 432
443 61
84 978
160 655
253 811
399 839
315 992
6 238
301 905
224 142
362 152
156 26
20 599
286 100
293 795
69 383
374 530
362 616
429 962
170 267
108 576
99 409
421 453
113 566
208 663
104 270
132 424
133 774
21 882
2 850
56 491
164 517
40 387
398 682
296 832
269 428
249 919
71 816
121 925
385 875
254 512
189 768
182 311
119 463
42 535
168 678
342 814
42 40
33 384
397 859
117 557
176 374
45 400
154 919
421 865
429 894
93 72
299 976
133 760
12 267
189 770
361 79
389 557
60 888
15 70
379 977
279 397
396 810
41 689
203 147
213 301
252 781
10 55
415 881
284 265
332 757
424 77
320 469
253 521
337 90
353 381
265 855
220 157
47 715
194 545
115 422
274 950
310 719
94 991
194 54
254 883
212 267
228 532
330 344
329 509
97 671
442 288
328 805
131 520
172 495
319 538
59 662
254 737
219 747
265 376
32 1000
71 708
229 229
371 380
165 33
186 30
165 687
369 402
116 967
142 494
268 289
170 273
255 178
288 337
184 78
121 801
16 118
357 952
408 10
385 657
228 214
100 815
376 66
170 883
269 241
7 704
368 770
66 399
182 462
208 37
410 961
420 406
404 262
414 346
16 312
384 709
389 671
74 588
172 370
392 989
104 902
46 677
81 681
130 189
31 491
144 509
267 244
17 875
413 889
371 279
388 722
306 588
14 85
206 710
247 613
81 879
240 662
21 86
275 779
29 117
119 690
73 755
94 333
316 541
359 898
88 17
245 701
392 516
121 429
246 263
127 75
436 854
439 535
375 721
245 291
447 972
148 150
180 482
37 554
168 14
180 444
62 626
100 628
77 174
365 931
60 868
89 576
261 160
200 190
24 251
58 726
308 930
16 982
112 816
5 424
309 344
434 187
257 172
378 1
288 790
47 610
181 110
345 774
111 339
171 868
395 831
267 356
253 34
304 246
282 516
359 881
442 57
416 464
239 974
103 787
121 40
116 760
377 446
338 203
441 15
317 168
416 855
446 767
438 891
238 333
21 442
341 745
93 261
158 825
91 564
309 198
403 173
358 959
317 564
325 110
395 927
125 492
276 685
282 595
33 802
69 330
356 502
105 462
223 879
229 198
362 621
263 959
413 752
111 709
355 68
181 205
200 172
39 478
232 202
412 196
112 562
27 125
375 386
254 972
179 74
304 553
274 185
313 331
204 554
222 886
198 424
62 145
414 365
287 412
67 122
245 500
41 821
60 781
355 639
189 901
228 1000
444 8
102 809
170 554
274 447
159 711
179 449
295 43
154 367
134 210
436 528
154 552
377 685
367 906
299 799
45 574
170 276
211 148
113 29
281 981
449 497
208 301
241 828
389 763
228 422
190 362
418 370
255 70
146 432
353 283
266 438
64 461
364 479
106 620
121 261
407 995
31 682
404 575
244 309
62 310
319 584
194 151
249 851
244 113
172 622
118 425
203 585
42 794
235 258
175 740
436 449
87 531
221 765
334 785
1 476
445 58
427 872
202 716
61 554
234 848
266 346
273 444
169 406
419 890
199 961
66 494
189 565
220 439
313 5
135 783
218 984
173 33
156 257
30 599
184 309
263 974
433 708
147 864
338 98
313 867
284 241
101 229
152 52
339 902
45 294
71 954
28 281
266 500
379 935
87 94
60 429
386 784
19 999
347 652
260 618
219 202
340 836
439 962
54 955
308 761
34 135
242 886
117 247
394 37
376 975
249 651
349 887
242 664
164 832
139 176
225 638
411 333
382 280
275 265
119 732
182 482
161 820
59 306
274 712
23 215
17 435
243 555
447 766
335 941
132 57
408 503
219 518
322 558
146 984
98 737
49 712
64 202
394 566
268 238
116 1
398 149
69 546
291 80
2 774
33 841
41 799
349 429
241 381
427 763
101 342
384 345
33 525
114 490
372 144
294 726
164 755
80 908
446 705
206 51
98 538
354 622
52 540
219 660
51 284
85 81
153 241
303 562
312 811
448 321
213 303
371 192
14 710
430 676
360 41
326 974
414 90
164 404
16 928
329 390
440 549
48 16
377 384
264 676
267 525
91 919
252 688
258 940
69 299
184 556
195 228
11 370
136 931
444 791
247 899
407 619
291 247
339 303
139 787
204 504
115 213
275 186
169 373
49 837
253 651
234 876
304 336
346 687
310 567
317 361
293 424
422 430
334 936
232 224
222 792
133 3
131 814
1 904
317 871
172 866
4 492
277 929
448 301
98 9
405 834
131 597
307 949
16 221
118 60
324 962
39 538
284 161
85 559
30 288
355 237
56 267
138 382
203 711
390 41
101 726
167 545
91 242
93 948
76 459
219 865
185 427
2 260
226 617
337 731
219 856
360 416
262 394
53 448
407 553
361 487
407 69
156 988
272 652
74 714
238 962
209 807
184 60
28 230
121 252
167 755
117 278
340 489
361 278
404 918
433 288
303 924
335 349
269 342
376 219
357 828
165 110
207 633
273 972
134 445
4 850
123 458
30 384
261 513
160 333
97 764
439 964
223 337
302 787
247 257
226 815
142 139
127 263
210 256
143 57
142 604
262 941
52 560
196 612
124 903
228 104
35 512
158 122
72 222
79 30
445 219
116 665
160 506
11 694
156 241
410 555
122 222
162 302
122 672
146 281
231 251
438 76
328 883
199 898
281 145
96 965
176 42
2 941
218 981
238 874
198 98
309 328
380 612
366 462
27 756
111 567
75 563
281 584
111 621
168 103
216 260
126 551
376 118
399 115
5 831
94 816
399 198
198 925
211 4
436 519
385 928
406 587
202 197
150 928
61 197
7 117
410 11
22 398
380 349
11 461
58 573
124 900
40 351
346 156
281 208
284 915
323 98
99 59
345 419
137 231
440 994
355 855
42 369
243 159
254 931
229 269
24 481
126 941
114 703
58 697
240 646
137 99
253 388
391 130
227 441
217 239
217 718
299 990
284 686
64 775
403 390
99 871
444 85
415 963
92 62
290 970
278 572
286 825
103 473
402 958
67 77
422 299
198 443
353 109
270 31
15 819
79 347
445 884
38 828
60 311
268 800
202 624
276 152
118 611
64 542
156 669
200 582
36 777
50 596
419 797
214 116
1 17
389 137
265 913
144 690
73 101
263 757
97 618
93 101
399 627
355 796
83 693
422 293
120 949
290 361
390 550
40 210
367 778
61 252
372 69
175 555
12 956
236 768
220 819
245 898
290 809
259 641
266 822
424 461
172 772
101 556
114 181
228 511
153 842
159 626
167 204
323 476
198 774
102 411
210 596
208 731
444 852
431 575
276 435
257 26
331 819
141 119
433 264
69 531
369 57
218 560
428 73
248 246
75 168
237 692
370 109
305 308
321 634
62 527
28 851
404 797
404 291
143 632
54 415
353 656
84 324
187 38
333 348
293 804
70 397
362 468
369 764
351 843
218 751
312 626
400 142
40 395
143 559
40 100
256 380
11 81
15 573
105 725
265 302
148 282
325 61
319 554
430 302
75 37
2 89
364 802
289 156
275 133
43 41
446 921
40 139
103 877
414 385
226 193
316 63
415 757
231 26
107 516
355 674
341 588
164 932
124 95
224 640
317 341
47 233
334 978
276 576
112 453
412 474
297 337
208 120
187 400
393 835
50 28
187 149
58 14
445 208
242 859
152 428
46 98
203 662
38 587
202 174
152 622
233 969
127 262
34 635
30 877
175 467
138 447
81 442
140 278
441 31
275 951
185 634
394 371
447 23
407 398
439 316
84 294
370 400
130 881
341 921
208 451
250 583
43 346
237 672
217 896
174 31
405 621
240 234
220 195
401 570
59 697
408 392
262 725
399 816
16 987
96 42
88 367
265 630
353 584
240 729
282 111
375 175
253 557
118 425
73 333
276 763
230 99
131 644
22 657
410 821
12 479
294 535
395 619
19 63
412 899
29 31
329 478
312 139
96 377
12 430
335 700
93 312
274 93
173 762
50 14
59 830
265 534
47 691
309 391
235 4
173 717
403 474
228 1000
113 789
166 121
409 311
269 942
268 371
44 758
249 288
434 875
401 690
30 497
96 139
433 251
181 339
301 595
280 655
428 738
404 139
321 248
207 597
449 869
272 899
14 19
356 688
137 27
108 591
133 802
46 6
43 257
303 187
183 326
125 247
217 261
165 717
29 441
187 815
157 65
145 684
167 841
324 693
392 574
289 639
393 189
273 412
118 979
252 886
235 694
106 838
352 58
395 782
210 159
192 334
225 787
224 758
61 573
11 75
339 121
30 134
312 906
292 40
236 586
238 740
135 458
266 81
198 12
425 722
111 597
2 513
138 162
189 1000
340 96
376 582
225 363
247 503
424 290
332 306
146 312
363 418
9 56
82 87
427 384
191 9
416 174
356 19
306 200
274 891
257 958
449 244
76 809
44 792
131 508
307 820
362 709
270 928
326 155
422 388
103 725
261 542
134 926
168 970
445 829
430 238
258 827
417 317
146 985
385 43
204 302
329 647
435 910
101 786
160 276
52 911
329 980
51 870
325 90
449 357
198 13
311 644
389 613
442 266
98 526
268 468
72 103
26 75
88 817
44 400
88 931
428 212
439 677
413 444
113 1000
153 697
43 388
295 223
149 125
371 475
373 195
64 201
222 370
102 372
137 248
373 37
386 258
117 621
450 194
337 374
45 753
441 844
57 145
273 874
93 86
419 646
101 1
42 971
258 274
112 992
368 27
227 639
79 927
368 351
437 962
236 55
437 467
320 653
282 421
280 418
50 426
196 855
247 358
158 661
445 368
241 5
92 964
53 701
299 369
166 28
41 180
52 993
3 221
36 299
51 194
73 179
401 703
14 742
442 980
388 973
44 939
256 635
398 366
184 683
102 522
315 454
133 607
256 562
21 462
289 82
191 613
249 117
428 73
41 811
114 411
127 385
239 610
210 814
85 652
85 600
373 322
204 584
79 794
184 89
414 358
242 760
382 438
176 272
413 901
142 735
168 848
145 521
225 466
251 869
403 366
24 708
410 797
155 411
278 684
113 858
365 183
40 500
19 640
362 131
340 90
123 512
86 728
360 755
206 195
11 941
142 357
372 338
332 956
208 23
120 311
30 737
234 579
213 601
446 886
263 359
236 357
341 896
343 345
344 167
299 790
286 365
113 945
171 868
228 334
207 43
376 811
373 185
208 312
187 11
6 440
337 125
236 561
223 959
240 62
33 802
355 463
96 435
103 97
233 370
432 302
253 356
169 658
400 381
57 612
333 266
369 331
257 995
156 602
171 239
200 298
119 34
212 250
252 965
99 954
2 927
369 918
98 729
1 252
82 18
355 66
416 761
231 723
48 130
425 331
304 983
160 871
111 521
429 919
189 115
123 773
135 69
44 598
436 79
324 330
14 473
386 452
412 428
171 870
201 195
93 685
358 941
425 835
20 464
146 674
14 13
6 874
354 364
414 414
178 18
397 664
131 981
332 452
165 16
218 205
77 235
307 184
59 695
124 156
14 872
288 541
163 558
199 42
193 67
399 26
