2000
146 469
394 661
20 362
470 988
221 133
326 363
238 970
189 334
184 67
427 412
97 631
155 805
248 836
443 518
401 291
319 513
496 815
141 338
412 230
251 678
378 867
23 414
163 21
181 751
370 66
229 667
350 713
295 571
379 820
256 886
53 357
261 428
87 833
257 842
216 743
37 605
254 436
144 693
37 376
100 765
281 499
298 961
124 92
331 853
131 144
344 726
9 250
121 741
467 14
111 385
439 659
486 676
316 32
390 157
411 935
133 252
246 52
322 403
426 289
205 794
8 844
158 989
305 539
490 188
430 391
35 461
423 938
41 341
384 238
268 213
290 124
20 351
296 812
308 758
235 287
380 187
277 4
69 724
322 268
474 992
223 774
408 357
440 133
67 357
377 811
197 566
80 563
437 905
299 664
30 655
370 864
30 165
385 53
233 790
86 104
406 428
54 148
470 363
143 281
218 918
274 675
223 345
164 101
228 303
159 517
92 261
196 58
283 315
427 231
8 391
381 774
232 492
430 315
400 812
342 873
280 548
244 147
25 737
389 962
303 934
106 313
202 783
72 760
461 659
119 190
345 659
299 629
23 279
423 740
350 404
67 799
180 79
203 752
81 205
41 446
380 582
382 934
58 818
419 283
137 391
409 893
173 58
104 124
264 101
61 744
392 768
431 229
73 623
418 5
153 658
91 816
371 421
276 695
308 30
383 155
334 384
274 993
278 580
325 27
231 63
148 727
13 791
177 440
270 973
28 521
198 45
473 555
9 904
45 502
486 248
472 782
473 919
23 948
378 742
263 792
141 101
116 503
42 490
370 479
99 937
495 603
148 820
144 183
322 435
223 769
280 1000
454 254
174 344
205 644
493 341
275 196
136 940
99 444
320 254
278 375
232 358
217 772
1 50
182 253
161 921
15 972
233 994
460 354
402 95
50 644
286 908
212 176
187 248
198 288
123 189
298 776
300 613
202 497
217 768
397 494
254 381
164 579
37 53
436 127
271 523
261 869
37 434
276 237
426 604
422 895
371 870
297 263
171 156
488 787
164 668
282 821
116 519
351 809
307 971
371 276
11 859
273 640
279 738
170 94
157 127
484 329
368 743
272 472
396 374
7 164
93 957
268 859
29 67
261 730
201 768
465 762
155 219
462 947
208 942
496 103
396 214
125 895
337 882
337 283
334 256
333 472
26 77
106 339
157 870
147 628
4 693
270 674
23 821
454 619
41 940
481 775
267 95
269 579
497 675
31 806
423 143
215 628
41 436
499 331
407 639
235 953
455 846
115 379
336 137
494 483
483 542
65 663
69 146
479 361
362 682
189 411
432 778
422 230
17 940
218 49
266 107
232 68
422 662
8 961
65 577
440 554
206 420
352 418
212 359
28 324
330 634
438 767
172 268
290 427
258 130
267 308
371 247
275 694
165 634
87 471
80 128
333 114
219 150
24 472
19 852
403 425
421 437
471 44
230 232
356 411
277 380
125 739
466 419
193 195
446 576
448 960
378 685
40 771
46 447
404 287
314 743
145 585
56 241
358 649
482 18
305 352
42 398
159 470
422 570
164 449
348 615
51 915
320 296
7 220
181 371
123 373
449 751
296 372
134 316
32 333
301 10
297 733
199 685
288 304
293 207
478 998
136 717
132 131
211 335
30 451
18 373
457 537
297 644
146 130
424 682
319 415
107 278
302 881
13 172
188 240
476 352
209 602
231 828
403 703
333 154
154 136
138 293
48 361
293 475
189 454
357 902
376 824
96 117
325 324
248 795
254 489
350 294
414 489
347 175
392 529
149 414
285 188
47 173
142 411
428 569
441 979
287 540
53 547
452 570
278 995
94 245
258 342
383 499
351 396
111 577
276 789
348 707
419 210
289 859
453 92
309 217
112 736
129 784
408 103
178 144
352 811
449 698
438 903
286 823
200 300
9 324
447 737
27 512
40 81
77 42
321 983
143 879
468 387
289 829
69 640
299 587
12 760
84 780
157 933
198 187
241 701
483 361
382 340
71 410
470 320
73 383
470 483
479 478
487 955
475 731
66 746
26 478
190 458
45 300
367 400
412 962
259 541
29 775
352 515
384 692
463 241
459 65
429 664
498 163
422 166
146 69
400 353
254 755
316 405
350 226
304 945
95 500
44 9
411 801
273 205
248 297
477 447
244 377
269 17
222 394
96 150
342 436
383 27
435 447
21 580
75 481
15 944
8 644
35 355
193 95
30 290
316 875
253 949
132 486
364 185
423 997
113 468
326 700
352 855
152 13
77 64
270 10
86 429
296 687
125 970
100 100
23 495
216 973
111 113
270 139
358 730
126 312
266 491
221 690
163 864
343 924
298 272
488 748
179 943
59 48
461 147
131 188
37 775
302 916
218 698
183 572
475 916
353 75
406 743
149 138
82 837
71 870
247 996
358 314
151 889
479 81
392 347
245 315
96 225
425 955
233 876
297 51
38 120
213 513
66 764
441 240
312 17
59 269
447 58
174 604
27 16
193 394
117 4
211 56
177 9
91 28
17 249
375 258
16 241
33 857
365 22
135 835
474 831
116 876
92 595
470 516
446 666
46 296
236 822
473 417
94 272
167 256
261 135
119 147
370 484
124 300
321 117
78 676
41 812
347 876
299 631
222 773
296 110
327 174
75 433
270 863
212 899
484 220
296 965
100 130
381 738
206 454
76 123
83 616
97 350
284 895
246 788
88 487
313 325
497 936
307 354
313 825
405 938
398 77
161 986
296 965
161 813
238 273
500 629
197 967
275 352
465 701
22 378
425 456
196 569
73 150
20 574
75 601
86 353
418 44
253 32
351 361
354 791
67 4
182 26
360 875
74 462
174 342
154 883
169 133
457 273
308 963
477 333
406 724
233 697
68 896
261 981
91 879
125 595
177 908
282 399
292 718
378 431
240 750
381 261
103 987
465 468
312 935
410 143
396 926
291 58
25 141
195 262
247 510
469 102
406 261
60 478
104 475
383 729
236 791
255 525
424 494
301 881
100 330
430 129
128 494
16 763
88 240
359 464
157 634
484 513
254 648
56 472
270 27
256 902
495 280
456 673
154 484
358 241
79 27
296 373
211 679
150 30
216 107
382 5
282 81
196 795
11 385
349 705
380 106
313 883
280 344
52 687
18 837
4 357
65 222
474 186
306 970
196 344
169 928
174 87
416 540
485 739
239 442
411 742
477 978
14 437
344 641
234 311
496 52
421 192
233 86
417 42
114 618
241 929
39 142
402 105
30 658
219 912
21 541
400 257
324 396
457 423
208 871
474 838
243 393
488 388
482 995
3 151
132 725
188 170
260 88
87 679
264 702
493 754
375 480
293 200
218 916
418 103
39 842
261 842
317 103
480 398
18 190
177 122
350 754
385 620
91 810
139 182
320 89
195 480
66 476
452 438
100 405
166 799
304 732
278 484
67 850
120 280
217 365
52 307
47 939
481 970
182 216
401 256
493 14
124 324
192 277
467 108
276 326
354 764
126 146
273 571
3 781
409 94
381 63
499 80
372 161
144 263
491 448
21 489
299 292
27 393
192 583
199 611
58 560
214 940
134 323
181 340
23 262
181 944
72 647
47 629
70 945
48 646
84 152
481 334
469 728
298 464
204 120
93 630
191 981
238 340
207 251
381 858
96 69
33 757
331 131
9 785
242 660
496 477
488 775
477 613
259 351
304 689
335 356
324 223
8 402
45 206
352 37
220 403
21 72
202 255
206 953
224 348
201 835
337 981
470 241
457 68
130 387
492 422
48 396
265 432
499 970
403 945
492 74
321 358
214 729
481 513
420 539
98 18
239 438
303 441
151 370
282 192
465 306
113 93
134 145
152 453
422 426
95 715
261 874
367 578
199 397
211 649
475 255
442 945
367 248
244 177
69 94
389 606
336 56
99 834
371 569
461 170
189 77
39 768
416 566
340 766
56 486
280 778
421 448
495 735
186 143
497 307
395 412
480 661
196 812
64 183
94 374
27 41
300 749
18 334
383 439
118 626
107 132
205 78
32 319
30 41
44 55
42 126
473 802
87 142
315 257
321 631
190 1
240 600
115 297
444 749
37 630
193 671
483 965
91 533
463 781
305 903
37 302
255 457
221 583
304 809
201 178
172 534
29 866
95 348
120 495
429 11
378 887
68 978
378 961
180 649
232 721
114 24
237 148
464 922
243 695
392 185
16 784
310 523
449 97
248 549
7 817
184 104
200 500
97 669
299 389
387 479
12 100
210 538
182 960
144 775
300 982
23 457
231 225
139 621
495 735
112 104
76 477
227 472
488 476
293 161
168 264
53 628
388 828
393 359
233 151
455 475
125 892
183 324
140 558
41 69
59 574
423 281
158 64
110 694
440 594
147 385
259 822
68 230
373 100
274 814
72 994
467 890
310 189
377 662
448 168
160 838
257 5
315 869
349 285
389 440
14 297
50 412
317 799
237 21
418 190
17 360
415 211
364 124
462 692
54 148
244 236
304 377
59 941
491 16
240 206
233 671
325 917
176 971
201 864
331 180
79 976
186 584
446 956
68 711
162 962
350 600
230 509
454 775
71 244
64 669
161 577
86 388
225 140
449 179
148 777
151 198
282 436
213 675
86 773
351 992
315 550
430 774
220 709
158 966
282 545
62 914
498 623
158 674
353 585
196 320
15 765
218 159
68 596
206 359
293 802
245 147
91 579
349 501
99 500
289 15
228 21
94 969
368 285
149 345
85 633
389 549
182 359
312 209
101 195
343 122
461 486
362 4
373 269
49 296
342 565
422 515
345 216
389 617
322 204
302 301
84 326
318 434
322 131
322 928
271 852
145 770
9 951
101 872
413 752
334 979
97 653
69 462
178 845
266 118
429 963
170 707
109 771
259 461
143 613
101 8
388 322
87 130
322 46
212 814
362 790
125 5
114 397
51 766
99 69
224 244
381 20
352 839
445 890
99 617
170 962
490 233
328 242
33 863
398 620
490 450
82 421
482 168
382 54
111 584
200 700
131 154
333 594
147 104
11 491
202 972
31 135
138 199
93 408
406 661
164 36
440 237
200 195
377 343
90 172
341 878
262 235
8 945
462 17
129 81
188 814
62 989
368 499
71 714
55 637
209 568
101 749
68 589
434 630
182 541
140 76
445 659
477 981
206 950
166 633
87 429
302 20
128 190
216 574
432 208
379 214
234 615
62 885
495 849
450 547
221 636
56 158
41 886
330 217
407 348
180 47
204 331
466 175
212 430
323 90
265 796
26 425
72 288
54 21
340 722
170 584
284 196
11 90
480 17
290 529
291 241
166 543
285 243
499 262
25 618
212 827
161 339
486 334
168 561
55 552
321 84
277 937
11 934
38 209
1 304
494 71
258 948
409 290
123 897
29 415
244 828
438 290
337 888
498 628
161 858
366 439
482 303
144 545
1 307
152 648
316 644
107 800
129 605
474 49
277 768
18 250
414 847
144 723
57 218
233 250
41 691
462 789
296 131
388 442
494 726
209 828
421 47
434 755
191 99
288 325
387 657
98 172
23 399
232 425
173 981
136 485
362 599
127 49
51 77
315 629
261 886
296 696
401 214
23 317
370 446
101 212
226 476
383 431
111 760
375 577
45 173
17 299
72 369
311 466
441 107
146 577
385 908
22 428
124 146
238 817
90 191
116 30
232 362
7 565
143 911
191 974
473 384
3 285
271 684
453 387
214 794
363 949
186 999
283 883
304 582
239 562
410 987
32 863
118 991
270 69
335 34
215 821
173 178
284 237
373 592
124 904
93 367
52 15
446 359
152 445
285 474
416 745
187 316
32 276
297 334
393 439
279 498
329 441
285 654
311 873
205 568
368 35
192 369
472 160
18 657
251 197
442 100
360 897
298 657
425 46
278 973
29 605
227 196
15 741
301 196
298 443
22 856
220 400
358 726
222 717
165 360
443 835
49 790
50 666
388 831
472 911
141 973
240 832
290 738
273 286
160 147
460 911
300 917
57 353
307 323
251 92
396 324
31 496
93 223
441 111
182 952
258 269
286 79
40 932
484 9
100 697
338 230
376 617
303 894
109 363
100 484
202 110
291 386
254 843
151 401
156 498
16 941
396 134
436 465
237 556
333 861
466 768
465 555
73 915
440 183
37 426
269 462
39 677
228 479
148 138
479 338
296 517
484 998
329 902
264 190
185 403
92 404
319 282
205 745
189 340
144 416
421 759
88 972
485 722
137 955
125 740
46 879
146 926
300 43
474 330
307 448
163 842
388 352
147 536
315 61
269 846
88 139
490 465
39 860
346 342
500 689
463 676
20 288
260 357
238 415
24 114
386 855
326 217
469 76
83 547
419 990
381 955
448 113
13 742
313 460
365 629
397 526
56 588
319 922
4 324
352 200
177 819
220 217
338 191
298 703
242 459
455 998
75 320
247 712
215 389
280 994
48 453
161 577
107 473
67 448
398 380
9 161
395 530
253 454
204 783
79 651
156 926
43 530
166 566
461 455
494 961
469 759
200 274
465 822
340 711
35 791
224 56
150 103
206 900
406 368
227 879
188 374
417 480
115 414
338 246
76 251
218 843
229 642
90 735
487 881
239 533
277 598
154 692
331 95
306 76
59 439
322 826
405 913
170 436
355 813
149 744
216 570
77 328
52 104
268 717
346 581
192 572
185 177
329 393
285 552
178 232
347 148
353 105
301 181
178 736
310 350
300 148
105 792
161 22
440 36
196 813
350 327
287 894
178 365
93 778
183 541
88 704
98 798
326 51
387 703
200 764
270 225
74 479
223 884
434 28
170 736
235 278
84 571
427 775
210 437
32 555
151 394
52 373
116 126
316 475
214 421
372 241
168 642
366 612
295 681
113 44
34 656
319 997
237 1000
2 5
289 609
308 788
100 462
16 581
122 894
430 611
28 429
41 493
403 206
389 633
154 344
236 67
340 811
115 353
295 474
41 889
139 210
124 31
324 645
301 313
306 872
274 292
111 448
73 942
313 310
291 864
138 766
461 728
116 677
438 935
310 62
275 843
470 900
296 924
162 583
130 936
493 715
297 38
156 725
16 989
488 704
35 492
111 716
134 983
404 359
355 15
369 93
473 622
65 530
373 982
57 183
269 331
23 36
252 467
430 137
340 194
166 750
255 852
162 76
68 617
411 637
359 816
434 155
253 642
415 44
19 727
235 49
472 55
467 961
122 254
313 885
285 13
208 113
473 110
10 686
249 134
239 20
124 812
164 638
497 173
478 586
259 549
269 416
333 379
182 125
170 757
402 628
406 747
388 936
354 528
226 769
81 404
394 75
203 172
433 282
33 54
365 145
25 64
200 565
443 502
190 683
307 229
244 667
10 427
170 113
404 673
259 497
294 426
260 911
240 94
481 200
59 234
484 474
451 486
374 250
69 422
107 613
126 19
252 975
285 266
225 803
85 902
201 558
422 50
184 30
125 443
44 282
351 913
406 820
114 595
23 726
298 879
68 333
23 126
358 437
142 971
279 520
27 502
144 461
367 280
457 755
380 426
200 655
261 79
249 509
475 977
4 573
38 454
143 973
232 953
434 946
446 462
226 483
414 364
419 263
464 19
5 946
115 214
54 156
85 499
107 163
85 470
473 147
398 653
424 306
261 52
364 89
123 607
209 149
148 867
109 393
284 600
162 767
310 891
249 739
383 80
435 299
212 221
367 21
153 208
210 89
108 538
225 190
285 427
7 419
492 676
474 647
68 138
344 920
423 30
247 768
54 376
400 150
495 779
149 230
269 649
258 74
498 493
18 514
257 851
322 38
98 321
45 345
144 387
66 998
388 410
156 412
116 736
351 15
136 128
466 855
24 209
194 112
204 699
272 519
294 945
57 669
341 202
451 732
42 625
217 714
405 567
208 758
407 766
238 174
285 83
398 556
120 405
243 329
441 514
480 292
461 324
53 102
255 132
274 343
107 275
24 653
118 901
12 111
415 372
45 272
45 414
214 658
249 863
155 824
113 355
496 247
209 359
20 990
231 166
286 8
84 32
196 686
285 200
458 272
192 981
1 546
445 177
487 511
334 315
272 936
366 857
370 198
498 289
251 403
456 20
375 400
197 40
283 98
251 45
45 660
273 233
270 516
444 398
66 23
394 325
241 168
231 100
247 492
483 369
201 257
126 77
469 264
366 39
118 48
274 804
467 424
372 167
190 176
160 384
321 120
80 673
349 328
435 139
414 56
422 915
450 830
398 966
494 64
349 548
248 612
334 296
422 1000
63 228
167 337
455 330
66 135
256 274
186 758
59 248
334 969
425 313
49 65
348 674
455 464
306 842
371 104
392 850
183 252
350 638
426 885
263 305
468 835
387 600
44 814
50 237
164 179
197 8
264 838
265 148
105 683
19 564
133 966
421 382
24 201
313 958
210 935
122 855
184 64
248 158
246 358
197 546
55 70
348 1
480 382
374 416
55 463
482 671
418 24
377 202
486 916
182 662
301 647
498 463
29 559
54 355
204 215
39 153
471 575
392 477
282 238
117 141
316 701
270 491
266 249
212 416
311 758
159 196
188 671
142 283
164 726
34 505
290 722
464 817
423 431
467 159
110 970
218 951
301 231
479 159
387 95
243 260
341 506
288 678
101 996
127 526
390 778
469 767
92 260
88 174
461 40
156 269
462 887
454 844
381 1000
236 306
248 577
428 657
365 326
263 833
265 373
499 223
402 199
336 724
453 435
280 349
398 661
360 815
254 793
179 702
52 199
315 360
381 821
218 389
34 629
36 212
212 92
333 745
481 166
331 825
66 74
326 909
18 912
499 933
45 13
431 755
205 545
118 695
108 253
378 467
39 184
415 374
261 396
459 741
35 362
122 89
464 405
235 211
327 568
171 364
98 504
315 266
118 712
307 893
81 598
373 153
196 738
7 448
229 667
258 985
256 883
468 894
199 760
106 823
481 289
13 374
131 832
32 273
37 309
255 563
409 385
196 127
221 601
454 784
428 376
77 638
162 226
278 873
367 631
214 756
292 511
27 971
417 975
59 827
123 776
191 656
462 279
67 650
364 822
382 554
495 217
218 571
