1400
309 236
86 180
91 603
252 893
218 427
318 176
234 163
173 239
165 999
303 826
41 176
164 864
217 47
305 645
33 833
266 246
236 586
318 756
280 625
13 755
287 902
317 560
113 477
72 461
33 79
25 29
301 14
242 353
29 934
213 487
57 649
52 433
48 686
192 702
257 597
95 802
309 430
122 535
268 980
180 355
219 209
213 648
297 925
225 138
89 912
104 452
94 431
189 639
55 967
210 582
215 615
205 852
282 203
21 669
329 537
91 722
287 217
337 38
284 855
233 515
2 124
287 533
301 7
278 229
94 42
269 152
260 529
167 808
346 553
97 143
206 927
144 569
96 938
49 376
312 457
98 259
65 300
261 304
140 740
110 122
342 386
202 572
163 572
121 672
297 297
247 679
174 266
201 828
227 386
338 344
265 3
241 728
314 822
175 72
89 194
110 113
318 606
330 174
288 674
309 969
116 398
134 474
32 743
340 700
317 529
58 509
61 429
209 214
196 106
55 302
303 634
299 935
67 275
329 353
289 55
226 749
172 446
108 112
336 368
79 458
119 32
276 762
105 776
266 322
280 81
208 911
87 834
246 308
66 553
340 236
165 31
43 974
141 830
24 266
111 71
228 300
304 367
258 829
189 485
99 326
44 931
223 931
310 567
241 636
99 552
84 879
305 935
284 80
272 142
10 158
75 793
17 522
172 393
187 895
90 720
39 660
36 272
215 803
243 12
211 195
137 456
26 199
102 667
150 549
267 640
44 152
213 483
157 852
227 572
329 829
343 380
77 71
155 337
157 634
187 597
319 185
210 456
220 117
108 427
293 584
162 949
56 982
348 391
30 545
247 58
125 942
332 188
303 984
122 64
143 450
147 18
321 266
50 259
232 152
118 670
179 144
268 718
279 144
325 590
177 177
129 941
13 124
129 71
99 786
37 831
320 207
240 283
135 237
112 188
221 395
131 119
207 616
314 787
318 768
91 438
327 586
282 420
325 964
250 537
329 712
199 498
95 907
137 342
179 808
318 32
193 243
36 494
311 72
175 843
105 244
50 820
119 705
242 817
138 720
181 230
43 325
255 124
302 312
121 381
3 1000
262 955
173 183
244 984
37 619
99 102
233 944
207 573
287 134
259 78
327 152
90 257
63 425
190 364
314 402
201 837
188 906
338 652
125 780
246 673
167 160
249 82
2 641
114 627
269 924
162 976
129 348
214 642
29 510
27 520
245 491
32 464
29 345
138 768
338 179
292 424
343 268
234 817
150 502
196 601
256 676
91 609
194 780
26 207
15 503
61 210
65 833
102 430
280 419
99 984
271 884
192 153
68 5
63 178
330 32
316 106
343 175
303 730
334 18
202 388
84 958
14 693
298 739
262 422
126 717
250 489
158 21
244 285
48 340
142 916
107 343
186 171
80 564
136 443
101 40
253 480
248 461
68 331
211 451
214 785
279 386
163 694
99 177
347 221
297 289
158 305
219 518
10 534
84 331
39 845
286 166
336 78
73 844
261 135
192 225
151 405
24 836
186 122
314 239
144 676
234 226
259 144
296 420
13 791
112 526
237 945
250 485
24 790
51 138
23 633
114 136
202 202
175 474
180 851
257 288
208 914
200 973
144 735
1 754
318 557
147 874
196 138
89 756
242 298
291 163
204 956
116 716
172 685
231 30
203 999
225 890
309 453
137 877
325 854
289 615
211 209
29 524
49 442
12 631
309 529
334 238
47 548
277 374
14 572
327 914
178 68
272 346
83 707
259 66
107 680
180 376
257 24
193 700
262 342
311 438
242 858
43 781
225 399
206 14
27 730
64 673
114 392
292 173
130 430
239 531
86 905
243 298
335 685
42 725
45 985
274 546
317 148
68 804
3 950
7 518
314 84
326 898
82 940
130 956
334 150
61 393
231 809
157 583
206 943
320 412
335 319
43 410
131 620
12 42
61 549
57 225
340 332
323 392
172 194
336 894
254 740
11 316
281 125
264 919
156 851
113 885
241 917
202 313
71 41
195 649
180 331
273 923
82 934
342 816
119 1
167 715
133 65
229 496
118 498
320 447
94 535
241 28
70 124
162 219
228 957
17 558
117 969
34 367
11 192
15 915
159 925
22 982
49 49
74 208
46 914
140 409
187 743
70 228
345 159
49 894
308 83
62 353
76 552
337 152
59 409
313 640
129 700
107 325
161 994
314 755
30 671
287 945
40 473
138 626
59 323
289 928
181 467
137 372
96 158
284 12
51 757
132 964
57 339
83 288
270 65
121 152
101 220
128 989
19 621
25 75
239 806
64 363
266 162
144 842
339 484
215 989
231 935
183 87
31 224
122 340
195 431
236 78
70 266
78 311
331 621
249 954
79 596
346 222
15 970
345 776
202 199
193 393
241 891
174 973
291 575
102 977
54 357
45 630
310 861
257 168
256 988
317 493
193 761
224 599
164 525
164 779
17 271
34 463
330 304
301 53
107 676
246 229
226 193
51 980
262 592
340 579
301 610
264 632
289 432
115 463
33 603
275 476
340 269
313 836
257 998
162 855
305 514
345 455
104 399
174 282
25 804
83 995
127 619
126 298
145 861
16 883
82 319
174 504
57 815
246 171
83 671
249 26
190 827
74 294
152 977
187 414
26 876
212 39
88 952
96 816
220 649
91 215
41 43
249 324
23 514
290 335
133 745
168 795
324 245
61 351
309 784
159 619
94 900
331 937
181 458
3 320
55 221
85 390
35 288
79 317
285 590
144 963
302 70
218 892
126 921
111 832
329 194
107 33
70 662
131 205
311 563
350 549
242 230
44 723
136 756
240 335
148 636
45 636
316 311
270 402
129 376
9 357
181 649
23 542
329 58
222 817
19 705
216 516
91 797
71 972
58 395
253 376
248 619
149 185
140 443
15 649
249 366
308 596
112 497
304 714
350 558
234 22
84 179
157 260
251 951
80 654
236 450
158 662
265 737
160 197
141 166
41 700
284 708
196 474
261 3
211 353
255 502
319 541
98 610
58 948
16 76
30 232
336 129
93 76
346 396
264 99
163 95
329 294
226 538
251 441
42 141
40 301
50 453
160 487
264 677
344 339
115 266
35 745
179 36
292 400
41 446
268 828
25 127
316 707
104 619
114 334
84 383
309 381
127 704
13 706
101 512
157 764
39 336
57 69
30 212
24 73
150 49
178 736
7 348
200 192
10 440
36 329
297 930
341 973
150 508
20 731
201 68
112 687
101 659
171 502
105 938
266 70
137 707
140 788
349 219
277 692
343 482
15 167
149 625
70 378
223 705
53 789
282 555
336 268
88 978
16 776
149 414
281 282
49 340
298 31
92 797
62 469
344 23
133 523
93 332
102 866
282 979
116 629
215 286
74 85
8 563
312 832
343 791
342 768
255 106
87 715
194 205
197 749
197 248
234 111
209 989
288 207
80 733
170 367
120 652
219 598
222 538
47 766
198 576
111 531
196 201
67 606
135 266
145 847
306 868
261 939
278 94
128 856
332 116
228 529
35 390
169 228
127 229
239 289
286 974
322 189
61 998
130 456
267 990
271 852
129 252
249 799
95 723
83 6
23 248
188 329
31 280
184 182
138 445
210 498
297 751
17 401
4 768
48 52
33 373
304 497
12 105
68 97
151 176
267 763
81 218
24 345
171 317
54 8
27 507
313 306
40 442
235 439
89 426
197 716
244 326
113 896
317 800
165 12
87 480
203 185
130 587
111 524
120 873
162 550
313 478
312 192
268 520
260 924
148 388
323 121
24 452
79 236
2 899
267 1000
139 897
323 511
331 433
246 19
37 101
193 688
259 914
252 137
97 783
303 698
288 265
15 301
81 20
152 360
62 437
314 298
236 108
336 804
71 864
247 62
193 760
82 944
333 822
244 368
272 91
255 947
325 972
53 501
203 18
33 786
107 233
128 143
135 536
233 908
344 730
64 976
21 475
59 225
252 209
49 675
23 282
229 119
125 617
81 121
314 461
75 754
350 778
108 314
134 447
119 733
229 788
227 455
239 637
243 850
298 93
153 606
191 855
286 620
72 353
139 798
223 778
259 508
61 58
263 935
42 837
22 222
86 659
256 262
342 346
94 681
113 46
140 923
286 315
7 984
117 3
66 769
3 503
257 627
251 396
313 763
332 275
48 507
274 84
114 416
193 986
111 710
330 305
150 325
8 399
149 575
158 274
59 586
122 381
139 24
234 840
297 188
109 71
43 719
116 688
312 493
304 550
7 954
52 569
85 844
150 466
55 25
138 859
311 101
181 111
57 412
150 232
311 453
7 443
257 954
61 596
186 349
251 454
76 829
178 194
86 431
117 250
169 868
53 598
300 698
112 995
11 407
85 746
32 248
93 819
110 945
174 11
222 744
304 653
166 669
244 707
276 856
191 921
27 656
139 217
341 161
1 475
193 7
52 924
184 464
131 652
211 269
145 401
260 838
230 78
324 811
202 845
124 811
113 862
309 40
75 475
63 574
40 485
121 262
248 51
325 294
198 310
246 808
181 941
330 757
229 169
333 453
154 52
67 195
294 196
63 381
341 812
185 452
181 548
20 147
285 327
225 180
31 499
205 676
209 863
221 834
335 636
136 318
342 344
328 864
77 625
115 694
120 827
252 359
294 418
315 973
62 254
322 215
73 598
67 538
72 463
115 623
10 698
113 590
246 284
88 372
166 936
227 746
341 563
160 328
322 675
166 958
299 225
144 808
145 595
338 200
18 261
290 216
38 665
36 145
120 668
8 72
150 416
313 287
17 262
193 746
54 546
68 375
29 213
214 792
14 715
298 124
280 986
200 531
49 304
167 655
126 606
65 246
4 736
300 768
315 695
339 123
155 347
151 947
338 32
279 847
158 546
131 195
208 693
101 829
31 387
3 891
22 760
332 57
15 301
13 16
279 650
75 997
274 394
279 463
324 448
192 651
294 899
105 152
249 201
39 344
12 677
232 710
83 940
120 390
289 919
86 312
147 937
197 740
188 580
305 667
266 124
139 94
77 889
198 263
318 351
100 547
31 337
149 473
144 23
224 505
218 554
218 558
40 520
156 18
338 601
155 299
192 240
206 826
183 162
235 952
173 949
218 397
250 72
73 190
134 434
43 801
337 24
99 673
206 175
152 194
100 567
143 370
339 674
239 100
142 39
172 439
268 623
321 471
168 772
118 785
238 242
96 49
74 402
261 390
66 860
86 629
130 330
89 849
346 70
262 67
15 422
331 398
266 963
152 52
16 599
69 624
199 354
83 482
165 136
123 24
175 970
57 569
149 609
88 859
269 924
79 25
192 376
76 392
53 663
327 18
332 87
143 559
35 554
250 49
138 811
289 197
328 311
98 592
62 85
213 471
185 15
333 890
235 574
183 32
72 177
204 283
309 153
19 382
86 866
30 267
234 730
17 228
85 642
272 918
83 265
33 30
47 928
11 144
39 990
74 795
13 277
84 741
318 100
259 680
232 774
185 738
199 33
61 384
115 483
79 135
219 765
298 154
35 266
238 988
307 245
192 441
156 71
235 128
42 392
129 491
250 309
45 847
251 859
261 522
14 855
272 352
68 748
167 611
87 336
84 992
157 250
111 836
5 469
2 758
13 255
310 32
286 207
179 867
202 834
12 147
211 374
327 238
334 635
52 947
19 188
330 235
173 220
168 690
74 353
302 588
344 231
150 167
307 206
229 92
119 339
190 245
188 473
339 44
143 144
135 775
46 612
309 458
37 793
131 280
136 895
44 656
116 478
275 375
234 153
215 928
267 503
216 334
304 698
164 488
238 544
115 986
170 591
64 340
75 514
322 258
275 962
228 423
100 848
278 588
241 892
200 373
53 235
143 274
117 185
283 854
289 583
242 794
203 349
174 940
224 159
124 154
107 930
43 654
259 583
310 221
186 985
4 885
201 58
27 595
88 601
254 679
131 472
95 921
157 775
206 78
42 888
105 856
121 818
103 905
217 86
40 291
253 244
130 991
344 76
272 581
24 390
228 139
127 303
162 829
166 136
203 857
349 547
5 887
289 208
198 568
244 59
321 602
181 776
55 947
122 512
198 898
214 405
254 208
283 577
309 404
67 978
145 661
165 802
9 933
116 229
76 272
315 396
24 137
161 157
47 5
107 527
59 718
74 742
247 563
188 876
200 489
56 54
132 396
15 203
207 987
160 596
132 4
193 819
319 513
165 61
342 151
54 123
60 407
281 304
89 594
118 901
324 224
201 388
16 169
47 35
3 793
179 317
175 651
90 816
91 819
195 716
216 710
238 51
121 697
10 77
184 909
257 379
37 153
263 999
139 440
325 702
190 788
12 108
274 408
339 124
304 948
