1400
33 170
323 404
132 67
114 38
226 860
61 210
340 23
157 793
69 560
101 195
12 726
41 610
244 719
348 592
277 133
162 747
264 758
282 321
178 906
142 678
44 277
325 253
237 868
229 779
5 913
169 982
238 322
219 485
235 2
111 355
298 292
176 895
309 528
239 954
267 548
77 375
184 398
61 630
251 949
293 914
301 352
63 195
75 363
88 198
283 554
293 265
90 774
75 128
223 410
283 758
183 870
123 638
226 629
334 119
210 799
6 769
163 673
9 461
138 618
202 14
293 227
43 345
50 866
176 876
9 941
204 148
86 104
7 677
294 264
328 672
129 409
104 831
89 433
300 203
165 540
141 499
52 627
44 987
153 255
162 867
87 217
104 509
216 920
346 424
210 773
201 6
201 670
86 640
344 804
285 585
157 478
102 713
281 654
345 126
255 650
260 242
139 20
105 667
275 688
302 53
320 886
220 160
339 268
189 60
5 79
294 276
244 496
186 313
320 562
156 283
262 268
238 977
247 465
349 183
331 339
210 504
275 415
155 659
234 52
257 323
35 314
162 13
186 559
137 364
298 105
62 306
311 858
123 208
7 103
12 388
324 354
67 844
281 672
53 24
83 910
304 93
16 141
290 800
321 692
136 381
257 816
67 435
23 446
255 281
312 388
206 618
256 689
9 784
134 240
190 743
209 203
205 228
181 956
33 206
209 153
148 677
192 82
241 690
284 125
211 165
118 528
97 483
163 931
200 926
85 342
8 624
145 329
163 912
34 588
262 201
16 124
173 238
297 885
56 545
322 862
318 625
93 80
180 865
183 573
235 112
281 75
27 629
102 490
324 742
260 232
127 811
164 882
100 915
30 860
172 980
167 975
37 221
247 998
46 890
167 360
97 912
244 210
47 15
142 61
165 711
210 264
237 334
39 381
236 308
207 763
157 474
247 650
63 876
111 718
166 737
286 113
266 348
116 24
328 32
317 152
85 375
172 414
343 688
189 641
37 619
171 741
165 452
118 602
251 971
143 221
268 368
294 937
291 822
99 662
172 766
71 658
132 170
143 336
74 368
104 213
329 385
130 541
178 180
87 572
201 753
343 91
193 812
335 4
209 620
174 755
317 368
145 907
200 204
188 248
183 605
209 95
40 13
198 685
30 235
275 334
10 233
14 688
75 224
240 957
15 505
114 660
45 340
190 926
87 923
313 572
148 647
58 1000
9 575
177 818
342 483
204 672
74 30
194 601
71 413
296 110
28 413
116 780
129 678
209 932
231 774
331 68
93 628
200 798
327 19
93 545
248 902
228 961
211 188
304 178
101 135
305 684
215 819
266 677
184 510
191 40
2 66
258 259
311 592
95 183
341 706
109 222
58 817
100 278
260 133
188 687
87 854
27 308
231 675
26 598
151 328
110 582
170 327
92 483
224 702
91 599
303 319
237 979
209 974
224 133
48 116
164 291
25 742
228 28
345 789
325 289
114 992
96 927
160 63
52 385
73 131
122 858
79 668
322 972
36 434
221 808
145 843
296 181
258 150
342 288
234 619
232 37
102 248
301 495
30 42
167 891
252 758
105 413
103 428
109 506
245 210
93 281
198 623
60 946
165 230
77 849
306 973
94 742
208 918
186 553
31 428
184 663
270 490
318 631
194 303
221 727
319 206
36 675
208 967
178 269
198 884
119 796
213 609
110 115
265 617
129 810
131 77
74 82
109 190
329 443
30 257
141 827
19 896
283 497
329 719
333 32
283 221
19 191
319 662
301 625
235 921
222 95
139 656
165 603
123 748
24 701
206 854
156 13
201 871
252 659
174 943
215 121
23 783
196 741
46 963
79 377
75 640
206 389
255 3
59 202
328 616
335 597
247 234
297 949
113 160
246 168
86 560
132 455
305 997
335 179
258 710
151 198
307 248
235 64
198 337
110 532
281 644
115 718
19 194
44 467
255 871
245 87
36 418
67 834
199 589
236 210
240 354
163 955
70 769
45 954
184 827
25 1000
298 44
192 672
89 329
94 828
153 443
87 313
237 292
147 708
26 464
25 876
82 641
89 538
313 38
155 140
268 504
34 81
185 748
69 531
17 565
63 901
220 267
314 874
305 776
182 608
183 377
131 842
332 552
70 233
337 820
345 320
187 928
88 942
270 294
115 74
43 302
215 224
285 66
141 770
20 629
285 516
256 668
294 21
166 90
95 374
345 784
125 469
93 729
284 231
66 648
80 716
156 273
272 668
150 639
236 557
121 509
167 775
48 616
223 862
311 591
245 193
188 524
241 932
123 720
5 116
114 925
44 477
242 585
102 599
29 362
281 912
220 85
221 302
237 259
57 170
64 147
180 511
22 307
321 137
35 293
269 823
34 577
277 971
139 404
298 713
160 198
163 774
133 693
126 134
62 14
165 400
157 954
23 226
61 743
56 660
12 756
153 874
238 354
69 825
266 67
192 179
154 812
64 598
24 524
242 836
142 104
145 355
127 581
160 128
61 575
18 604
290 770
201 308
292 208
121 569
216 407
56 640
316 598
322 405
212 103
308 621
142 207
11 603
305 990
216 413
196 481
180 500
58 514
21 860
229 137
32 326
156 66
325 347
166 312
52 935
158 333
126 903
30 599
115 27
83 917
218 18
134 910
165 636
341 421
338 938
129 197
322 114
178 142
26 177
318 525
194 568
122 433
206 550
108 360
167 718
149 188
330 243
331 402
179 676
152 365
274 959
248 979
45 860
298 637
259 279
295 161
67 459
164 516
310 914
289 506
268 365
119 285
321 519
256 659
3 226
214 710
107 738
67 598
333 192
156 78
225 759
328 166
77 151
114 545
90 533
56 311
335 921
235 377
338 755
295 236
176 186
84 801
160 202
298 674
151 668
104 626
307 53
106 712
218 685
141 190
138 309
91 406
118 305
147 904
248 106
75 132
241 765
26 583
14 332
258 913
50 274
219 119
273 70
153 384
8 747
88 781
305 21
239 630
66 700
273 492
126 768
128 597
30 680
79 812
244 146
191 827
329 556
48 220
62 531
61 326
217 666
221 897
174 867
101 638
164 837
18 384
282 638
231 279
316 240
27 832
238 865
129 127
137 75
190 873
31 336
126 814
328 907
24 267
29 300
109 173
275 564
68 622
120 876
198 613
59 532
98 390
163 104
220 493
221 775
238 251
15 648
15 979
94 269
304 654
230 108
117 50
187 381
345 419
141 286
152 559
269 168
46 312
254 509
257 28
317 214
186 155
274 201
263 758
345 728
271 417
319 819
48 790
46 54
224 237
317 169
89 638
186 661
70 334
264 172
220 65
173 782
258 540
112 425
94 878
56 302
121 925
84 76
112 949
174 807
126 774
34 639
95 750
250 34
346 182
279 610
270 515
350 233
56 849
330 938
301 885
273 48
98 510
103 625
89 414
130 487
101 749
148 279
280 615
115 197
333 14
86 506
113 355
280 112
131 900
187 80
269 846
227 623
281 644
93 671
10 6
247 11
46 930
41 288
1 714
205 781
267 240
16 259
52 17
55 691
101 10
193 263
161 141
279 892
148 510
277 884
24 108
347 687
326 707
204 12
191 360
166 851
250 477
64 60
331 122
157 947
109 959
104 889
66 623
346 482
41 448
216 765
126 484
243 241
226 261
55 853
297 4
92 356
289 857
331 464
275 164
161 604
85 442
186 211
279 497
245 362
178 951
167 814
209 295
204 994
284 271
141 941
285 201
3 225
58 12
91 489
171 851
206 162
253 969
35 9
54 249
33 646
61 291
168 343
44 706
53 861
39 935
225 670
65 914
79 511
161 818
253 987
274 991
137 976
344 213
83 347
348 134
21 594
51 586
230 580
130 366
39 141
244 796
250 88
333 300
288 752
159 590
251 188
17 885
43 427
231 796
61 728
123 522
68 936
128 101
144 702
211 188
11 69
97 476
209 352
211 898
250 123
176 844
294 340
254 744
318 12
148 394
142 165
24 817
232 252
236 482
22 27
101 443
175 669
110 767
254 518
200 789
204 664
248 542
270 748
232 495
326 413
8 52
312 364
160 565
51 303
234 665
348 213
67 296
178 720
99 525
67 179
77 342
134 409
76 938
83 126
123 461
12 317
309 299
240 253
187 543
136 372
35 744
284 531
310 528
321 352
83 832
187 325
9 708
327 4
300 807
309 815
159 742
8 3
203 139
34 266
157 387
273 902
260 828
9 892
49 165
240 811
217 320
239 848
303 694
170 397
291 208
149 837
119 818
300 447
217 940
219 353
299 76
36 835
266 202
290 209
350 920
311 170
232 242
44 692
143 818
124 44
179 697
124 524
179 250
187 964
149 360
205 315
233 773
315 5
266 220
102 209
243 92
212 789
84 936
26 185
229 256
295 569
227 262
20 523
75 112
300 597
328 273
191 323
311 246
346 245
176 988
234 71
306 714
137 670
154 596
202 684
211 456
64 565
277 118
7 290
35 830
118 530
349 799
243 266
94 707
282 761
28 982
85 404
196 717
2 347
281 809
71 156
234 746
329 259
12 135
314 934
142 574
324 284
165 832
111 735
133 121
5 984
287 166
196 752
292 490
334 940
35 10
116 438
20 448
150 544
35 749
118 965
183 639
68 314
117 143
85 305
34 89
41 821
296 265
329 324
55 908
226 902
105 615
268 510
308 541
130 844
338 383
138 279
122 65
241 176
66 707
211 91
26 127
286 148
113 276
252 447
194 6
232 989
305 322
287 283
73 493
241 796
299 482
199 451
88 802
7 864
23 858
273 90
209 558
1 136
144 952
186 275
187 829
155 80
136 223
250 454
114 205
256 940
13 902
243 618
245 987
19 111
51 867
303 282
35 248
193 150
284 173
213 937
300 540
7 948
160 171
74 148
281 187
242 992
313 918
76 197
154 992
99 714
184 481
96 491
41 729
75 323
185 465
291 890
6 33
315 678
103 866
64 620
236 379
28 725
287 85
291 70
308 346
122 544
201 908
111 317
206 487
336 266
63 129
221 191
149 264
223 186
125 897
170 622
299 159
89 645
286 929
126 387
32 945
340 941
132 173
324 187
269 535
173 369
80 774
339 920
111 638
254 553
22 211
6 923
239 972
38 658
164 841
188 942
47 301
260 490
37 354
297 318
88 387
257 994
182 767
218 910
81 36
310 543
234 119
246 709
291 131
160 31
148 859
64 614
251 33
201 422
190 934
9 50
42 880
14 256
49 773
38 167
5 917
306 196
4 864
3 419
30 691
262 951
127 100
232 716
65 679
6 271
101 318
75 182
335 709
166 967
277 326
228 982
94 380
40 613
149 311
161 971
121 243
55 298
289 706
246 509
130 922
281 771
75 260
342 592
173 91
298 784
333 20
70 622
90 839
296 582
156 146
287 169
54 994
292 443
79 984
147 672
242 158
92 566
297 406
204 187
83 538
106 85
311 955
56 78
243 955
106 769
90 826
202 150
253 205
264 413
168 973
146 974
321 142
145 963
265 698
337 374
52 882
245 906
37 882
145 520
322 691
213 480
85 705
24 155
106 739
53 195
124 909
1 780
332 966
95 891
90 759
184 762
350 138
166 38
313 824
173 740
11 766
266 428
78 269
281 645
176 461
81 67
107 877
54 200
49 880
159 568
293 310
28 634
205 640
97 115
189 446
241 740
124 405
144 868
303 948
310 805
350 955
277 292
42 538
292 980
315 142
32 408
40 124
56 954
51 375
260 800
230 372
247 893
57 834
270 898
271 460
170 279
257 535
296 852
218 641
283 558
47 340
147 297
99 447
257 290
111 460
168 388
311 440
346 792
337 943
77 172
9 43
296 792
18 502
169 94
1 230
147 918
231 358
300 6
4 502
84 658
3 971
212 175
99 800
208 265
200 671
254 71
171 418
308 822
227 498
150 333
318 756
267 167
226 751
262 113
232 537
114 135
169 739
45 270
301 450
24 810
261 625
301 582
55 500
256 370
130 523
48 884
41 92
272 582
78 68
119 498
129 819
116 689
89 290
269 396
58 222
304 499
96 432
238 944
18 803
51 642
86 915
165 851
310 615
68 429
134 595
64 48
136 177
170 984
339 635
201 12
285 636
157 718
26 163
233 131
326 543
216 772
196 806
168 288
324 691
130 263
162 865
10 672
193 883
8 161
273 616
254 84
305 251
330 113
56 20
145 843
248 635
131 713
136 691
31 535
83 745
177 853
21 779
334 433
181 652
345 755
197 704
174 61
301 698
191 480
276 539
228 634
206 71
153 405
140 780
319 935
243 555
144 346
143 479
47 348
149 691
29 427
86 460
94 714
275 477
235 245
83 965
29 880
32 343
203 162
188 234
275 761
319 875
