1300
196 703
162 601
225 217
67 769
77 424
272 703
306 648
236 493
284 458
11 905
61 134
244 737
49 627
48 368
185 679
36 321
197 803
116 495
320 771
192 23
249 56
210 22
323 392
314 603
38 391
186 188
75 710
193 995
124 675
303 918
255 649
118 267
180 233
93 345
290 197
207 527
148 937
194 440
248 311
199 160
149 660
181 279
98 185
318 782
317 788
70 571
132 683
175 963
292 912
71 771
29 609
322 103
26 289
313 677
75 846
46 330
144 997
82 843
323 567
125 321
115 880
27 547
212 387
6 78
114 900
160 232
141 163
300 685
227 692
236 615
66 938
93 37
190 521
260 659
83 266
203 388
227 35
264 609
155 864
103 998
186 637
269 202
17 512
324 472
206 309
119 519
88 65
256 413
164 228
167 847
170 561
27 920
250 388
39 767
107 98
290 925
272 750
9 387
11 965
318 152
42 758
181 981
240 70
181 747
280 858
16 372
182 366
57 72
297 820
198 520
236 361
158 697
276 526
156 611
72 585
43 227
199 249
90 892
150 412
195 290
22 236
198 972
149 383
196 269
195 84
146 720
63 926
247 768
212 998
307 640
243 349
275 730
7 988
37 167
93 327
255 920
291 401
37 914
267 99
169 426
310 641
176 4
112 955
298 221
137 744
227 503
176 242
282 931
176 887
308 102
46 277
163 620
233 784
227 16
161 413
78 770
81 892
135 173
110 135
107 353
299 651
126 622
35 358
8 987
109 860
169 144
122 961
294 985
150 645
94 273
207 106
269 90
1 954
131 285
313 721
210 738
36 658
155 431
209 944
40 435
303 916
84 751
74 46
187 995
22 436
14 961
4 772
197 891
258 7
76 318
133 357
140 781
61 539
313 372
115 807
174 596
219 196
51 206
187 189
36 982
6 451
50 629
152 11
286 678
292 519
295 78
26 656
285 455
40 379
264 829
110 373
235 753
92 779
6 80
242 81
247 590
183 989
118 660
244 757
200 562
54 947
188 947
127 909
226 340
133 60
54 437
275 185
288 406
265 560
57 926
55 6
142 570
118 242
204 960
249 639
14 258
67 44
69 336
101 857
288 879
200 59
16 4
168 823
77 422
245 460
270 910
125 593
27 354
126 593
256 448
59 25
125 4
125 431
65 542
192 636
58 461
52 392
154 37
64 551
5 701
324 702
211 916
147 761
204 358
89 116
268 968
177 458
228 116
168 20
83 808
194 43
25 919
313 80
280 798
223 764
241 881
160 254
215 90
48 630
277 869
279 485
190 277
190 189
73 729
111 50
261 392
166 835
217 251
272 853
315 202
281 205
292 367
5 284
234 380
115 749
159 851
46 966
94 310
22 319
320 705
93 829
214 458
204 15
47 82
45 248
66 653
273 34
20 356
269 220
309 571
176 576
159 683
121 921
192 347
285 711
307 841
234 843
39 927
47 672
105 547
162 167
206 565
38 996
163 536
283 717
207 507
181 388
65 294
118 671
266 572
204 897
235 382
185 701
100 247
18 531
268 611
108 885
71 535
198 154
37 526
1 460
248 320
316 357
293 532
197 962
295 9
147 272
155 87
251 432
171 27
204 166
184 636
310 915
309 89
5 277
308 540
221 338
115 19
299 511
304 419
31 156
301 106
77 562
33 73
222 503
235 278
3 28
91 470
214 881
190 162
75 613
107 936
302 510
62 91
223 77
122 316
312 251
182 123
218 822
16 154
132 995
208 325
3 819
227 385
300 423
232 746
127 748
161 303
48 996
136 865
271 660
41 276
151 394
311 921
108 543
287 703
287 192
236 126
321 172
5 953
157 554
101 581
228 475
192 904
321 852
273 823
250 457
183 267
216 122
276 741
198 28
138 784
202 839
204 770
87 514
73 363
38 900
272 337
70 315
81 232
210 36
120 924
38 95
86 36
58 783
31 154
256 982
145 956
91 406
218 757
192 993
313 463
24 316
297 949
182 756
290 797
191 523
268 278
145 762
49 832
189 146
153 155
200 859
220 814
45 836
122 385
64 792
187 723
251 361
260 861
281 425
146 802
242 608
217 175
269 772
54 385
173 156
96 383
267 445
213 878
81 895
80 181
23 831
317 248
196 907
147 208
236 428
154 69
225 435
41 287
90 641
278 889
57 851
262 171
306 453
223 802
37 209
37 115
82 508
311 313
1 120
155 594
205 840
306 21
200 443
138 478
76 398
231 43
80 928
219 25
198 706
82 660
142 754
134 521
41 629
127 226
65 995
94 545
145 802
88 172
211 838
16 452
277 696
260 90
6 41
325 295
123 126
81 826
139 141
313 258
31 619
315 162
251 934
228 936
171 321
315 93
33 373
29 626
306 909
258 670
253 654
154 840
270 686
308 798
38 357
10 383
186 144
158 757
160 943
239 816
162 85
107 441
102 856
90 220
17 882
244 491
162 323
13 642
43 844
304 390
81 885
6 826
245 118
167 292
299 442
209 806
127 817
213 823
121 711
4 79
42 105
29 809
271 862
305 315
80 192
196 134
43 947
307 460
275 981
111 232
137 455
17 569
178 432
274 162
24 690
147 543
161 91
212 745
268 417
170 236
123 295
101 194
188 255
188 90
201 490
107 373
132 61
325 949
246 342
316 396
91 694
93 186
83 537
6 683
155 559
182 1000
282 894
193 666
57 499
129 85
165 634
293 735
312 593
198 2
270 793
142 103
8 236
309 767
106 829
94 356
214 671
298 783
149 825
67 442
63 909
287 79
190 223
115 493
283 538
122 388
277 117
128 744
232 954
172 554
129 460
277 730
312 871
256 792
304 773
158 761
297 725
51 648
9 299
172 563
11 997
30 682
292 30
203 813
218 772
285 726
240 274
115 446
240 843
3 188
189 559
302 123
16 99
305 770
31 136
90 559
275 232
23 303
240 506
204 92
153 755
230 733
106 598
268 127
112 135
212 992
263 62
322 955
217 345
266 673
48 948
243 560
216 662
83 512
93 498
28 811
167 892
254 315
173 632
222 913
2 387
168 979
295 599
50 100
77 354
127 935
267 698
37 16
260 803
57 731
218 992
313 721
280 712
310 237
261 179
154 795
259 402
229 548
307 779
302 666
16 372
5 857
277 856
268 150
99 877
232 903
319 472
47 702
188 560
2 99
98 510
85 986
119 979
284 962
122 942
301 233
266 976
206 707
138 618
305 133
106 127
185 335
216 889
32 993
263 645
230 184
304 178
190 842
287 970
317 792
91 556
233 287
233 901
319 545
253 951
252 277
13 355
116 470
275 950
45 682
4 981
115 521
94 22
73 154
291 887
150 549
187 678
166 14
172 264
34 213
100 57
308 841
166 247
10 321
241 952
128 219
142 387
242 143
214 813
317 101
98 618
210 646
196 21
212 134
141 96
207 379
61 603
308 39
223 35
259 813
225 659
129 536
248 946
143 968
18 291
63 289
81 686
103 313
109 400
36 373
316 409
239 846
140 586
93 892
222 363
35 677
108 37
317 523
265 52
156 265
269 930
32 338
98 926
207 587
167 364
128 465
154 22
216 868
219 695
189 65
320 596
153 678
140 510
304 959
108 161
188 995
178 417
289 780
298 623
122 258
110 387
187 444
155 188
205 479
283 618
259 576
117 984
212 616
158 215
38 486
320 456
3 427
261 403
302 433
301 484
227 510
105 184
106 680
321 806
270 741
293 873
214 111
97 543
218 628
108 93
154 626
68 464
210 729
101 686
193 376
122 962
216 545
42 243
10 455
241 645
172 870
101 403
90 946
202 73
114 137
201 601
22 381
217 397
20 502
225 796
128 693
78 508
20 656
14 442
230 99
314 840
34 233
170 970
169 15
281 456
110 3
292 20
276 415
241 502
254 209
72 684
165 614
285 195
309 371
273 813
180 479
224 466
11 308
106 393
308 377
252 946
92 389
187 683
29 172
12 771
313 452
48 152
316 658
209 626
34 74
120 549
168 708
65 933
147 114
29 17
183 203
165 59
143 454
47 55
225 770
303 396
122 259
25 149
223 115
307 234
141 584
46 112
262 157
148 989
253 537
200 82
18 520
67 861
244 412
206 696
229 748
158 511
97 129
188 537
118 171
276 535
319 900
83 372
205 976
178 746
83 165
312 724
6 893
51 461
224 575
226 698
205 46
46 405
234 305
11 956
104 495
36 904
269 605
160 556
162 411
306 254
124 592
202 431
304 80
226 810
300 879
171 121
130 423
315 877
222 299
15 353
108 249
124 145
156 455
291 632
295 63
95 253
143 264
296 633
210 533
107 495
31 147
203 202
191 426
229 594
267 45
68 936
12 53
207 877
268 636
152 964
95 976
105 552
227 889
80 183
19 865
156 168
48 873
12 453
69 233
174 119
245 869
156 795
25 974
320 492
71 916
276 968
17 319
39 934
112 854
124 751
17 724
275 305
164 814
48 977
302 335
21 43
238 716
112 301
41 376
309 86
72 184
94 966
144 185
86 333
28 510
145 503
34 400
277 887
71 108
294 998
118 945
240 493
67 359
16 153
318 326
155 820
265 778
167 78
144 812
299 647
270 496
164 633
296 526
81 138
50 634
152 242
23 17
237 106
226 381
50 80
8 303
264 1000
174 672
192 64
215 592
159 909
267 977
255 901
119 763
154 615
316 371
154 788
95 115
54 994
89 928
238 111
34 610
184 279
110 749
313 819
60 41
320 814
210 112
264 1
164 57
165 894
176 308
192 185
310 874
275 92
231 382
278 399
51 872
193 318
72 446
296 941
74 728
231 558
25 845
192 482
324 860
243 278
173 528
199 866
324 358
159 778
209 192
112 603
33 488
243 437
277 22
247 106
15 758
258 805
204 329
142 619
190 859
257 6
253 769
2 686
187 785
55 828
82 842
300 584
178 102
247 657
241 220
116 996
102 429
320 267
169 880
17 700
2 845
6 168
154 128
64 289
5 491
63 583
2 706
78 449
260 171
240 796
197 495
23 874
187 471
62 142
68 455
196 250
267 289
162 930
48 828
112 989
220 682
12 735
67 166
248 755
1 534
70 171
13 210
268 69
169 931
210 70
171 129
82 637
164 670
250 293
86 715
312 168
201 296
317 804
296 568
225 53
122 877
160 746
71 808
242 691
134 696
156 74
51 921
72 807
21 765
195 615
10 457
203 739
152 575
296 149
174 615
41 136
61 395
59 681
168 652
239 765
149 707
166 483
36 809
148 903
128 826
130 738
180 666
116 122
105 75
285 773
49 243
2 128
205 400
20 875
30 917
190 123
192 9
67 341
239 65
223 34
242 584
7 663
176 846
98 336
263 453
232 731
306 678
324 949
312 85
132 1000
87 907
5 698
27 234
16 421
134 373
244 878
138 45
202 219
299 407
235 919
244 221
23 26
310 448
67 673
314 143
5 32
198 670
96 503
43 668
135 516
195 225
167 389
80 501
127 442
43 461
170 977
263 471
203 655
208 646
301 149
310 553
60 622
130 973
273 956
210 249
109 30
256 565
245 796
325 671
47 627
219 962
189 32
22 599
87 210
115 354
279 480
222 859
209 544
293 471
52 935
3 68
188 171
42 347
321 741
270 733
139 500
176 912
174 385
144 311
22 984
305 170
209 159
235 696
248 19
264 563
233 100
320 900
128 387
98 58
303 540
166 147
11 505
110 699
286 185
91 440
13 617
110 267
66 180
142 346
124 916
289 766
96 812
144 996
218 534
183 847
168 757
196 872
267 610
71 191
4 225
81 208
18 352
41 224
30 218
122 666
229 811
299 957
255 120
152 661
279 948
114 653
97 226
310 470
317 407
254 665
93 199
315 621
192 100
123 411
59 600
253 605
290 459
172 143
63 508
198 44
127 353
200 374
279 543
64 252
12 855
261 952
178 458
164 425
