1000
241 127
137 609
152 561
67 568
10 518
68 966
198 860
124 436
247 565
129 513
27 832
131 700
113 332
182 688
69 159
83 144
86 92
239 854
189 449
191 828
129 277
55 177
134 585
219 349
202 456
10 51
136 756
181 353
198 147
213 150
230 610
8 40
36 639
165 925
25 29
247 299
111 136
152 844
230 667
86 251
7 736
191 978
36 641
136 381
197 811
162 543
231 807
36 102
175 848
146 428
86 218
124 822
62 49
163 794
209 529
240 36
167 836
201 320
4 488
210 363
45 546
231 500
119 13
222 337
92 999
7 228
247 600
137 69
231 501
19 663
152 508
31 880
223 706
64 873
128 948
118 756
209 325
242 701
143 291
51 554
4 402
8 309
36 551
79 667
21 916
167 864
15 896
224 885
199 163
97 955
220 559
207 422
13 189
234 256
81 266
116 713
174 552
10 808
242 436
232 452
145 861
173 503
25 611
183 148
172 940
218 719
235 113
129 914
116 936
154 131
189 659
99 350
69 438
70 478
246 18
114 141
216 770
202 757
30 393
63 929
226 754
93 764
219 116
17 852
182 805
229 883
239 887
26 223
59 78
116 515
55 758
2 661
232 312
236 936
24 187
190 794
120 404
192 371
172 938
155 930
97 634
95 38
107 776
141 697
107 543
1 769
212 235
59 813
24 253
41 323
9 781
146 633
64 669
124 290
116 908
36 991
70 212
238 148
150 823
248 431
147 793
12 966
124 316
126 459
202 517
57 669
141 201
204 468
21 256
144 911
161 755
91 236
97 134
154 622
114 68
100 366
184 712
4 274
120 992
106 286
146 976
150 514
114 5
161 863
212 248
165 609
137 500
206 146
84 259
191 994
216 382
145 901
93 172
243 331
48 451
86 984
146 796
91 372
25 620
146 367
248 504
126 539
105 112
41 628
166 19
130 818
179 769
141 884
123 107
166 416
6 276
201 321
204 44
94 376
154 940
221 491
220 704
190 140
171 291
198 137
235 27
57 539
63 878
127 250
117 258
192 120
186 570
53 475
89 747
167 631
8 44
221 614
133 905
132 949
185 92
30 77
102 773
238 415
60 506
16 127
142 252
56 626
110 256
124 352
15 548
240 891
218 207
122 61
197 941
231 248
204 955
75 180
222 936
91 977
232 360
46 116
97 725
217 4
16 170
138 33
237 967
182 701
123 998
10 399
150 849
200 90
150 900
84 926
10 946
33 772
183 540
177 50
184 765
13 400
133 226
113 224
64 571
67 717
64 230
12 697
131 690
223 837
151 860
95 988
27 414
53 73
198 445
77 99
65 261
52 728
109 163
77 478
239 199
45 667
90 722
121 267
57 273
198 94
165 296
242 913
100 499
108 76
242 27
5 761
131 212
120 652
74 987
44 848
175 174
53 312
77 969
43 209
190 149
113 345
204 4
116 951
195 463
24 342
27 412
210 503
160 736
136 851
113 986
26 285
104 31
231 126
210 837
118 578
164 117
21 715
174 214
207 118
72 803
229 576
213 230
229 23
34 71
123 175
113 949
124 721
120 276
157 136
132 95
50 897
233 269
184 234
40 211
116 723
86 800
194 186
189 239
85 732
189 220
56 833
196 489
116 15
147 854
182 983
59 258
172 134
49 904
194 887
235 193
104 301
90 969
103 818
195 593
4 331
172 413
179 557
11 995
3 440
86 768
133 262
59 513
4 629
21 370
73 455
86 80
109 602
123 507
131 724
177 151
3 231
210 410
191 702
61 425
50 822
248 764
106 448
110 456
219 909
129 205
97 649
86 454
185 938
48 251
67 461
132 938
177 799
223 432
226 869
22 453
65 383
174 326
178 153
199 44
237 453
23 816
21 168
76 690
105 150
12 808
12 318
136 357
13 26
14 908
241 293
34 776
19 120
37 718
94 238
153 643
150 334
91 805
90 269
51 674
86 119
24 876
26 175
85 57
189 222
56 133
192 372
248 124
106 209
91 426
187 420
232 165
227 393
249 991
221 644
137 3
206 542
101 64
26 280
168 188
110 974
119 153
39 909
68 670
87 717
45 744
152 274
53 55
220 582
28 197
222 487
108 128
100 907
176 521
15 798
246 812
170 231
113 222
237 890
163 216
78 177
188 700
44 163
76 992
169 599
140 650
133 504
12 459
67 535
47 917
245 572
88 476
54 748
185 890
85 26
64 534
143 13
28 312
86 522
227 504
60 97
138 566
8 957
186 622
206 871
205 503
172 507
214 282
99 472
144 256
171 993
38 556
172 188
207 640
161 1000
152 948
122 317
206 563
188 711
151 253
223 840
231 357
250 853
17 98
241 823
76 899
98 899
226 879
89 966
27 253
235 310
12 364
119 329
87 404
78 791
55 648
81 136
243 272
156 795
124 515
3 748
29 44
18 438
52 943
213 734
17 651
126 719
47 94
172 858
248 191
70 500
57 392
104 713
127 714
74 970
147 550
59 951
78 299
12 670
189 157
145 470
49 431
149 701
169 905
166 184
153 336
63 86
213 132
115 248
156 664
16 76
61 265
121 26
159 672
220 601
65 154
132 465
166 117
246 571
140 506
99 563
211 896
76 984
6 828
240 374
56 127
104 158
25 367
206 729
117 368
222 303
227 423
53 705
173 535
45 875
127 708
95 218
247 876
85 112
156 936
42 494
202 778
110 890
230 482
17 489
203 220
244 786
63 262
194 590
47 465
9 12
81 599
136 822
20 451
157 68
235 943
113 748
220 738
5 368
6 579
55 728
61 784
228 232
47 127
14 22
169 959
124 619
238 532
123 369
46 796
40 106
7 582
77 660
191 929
162 11
21 217
237 699
152 888
15 139
83 809
146 891
212 135
208 608
248 526
152 466
58 632
109 769
10 913
109 675
176 355
241 579
23 19
240 37
87 783
82 389
179 689
17 512
125 562
81 242
248 803
218 595
195 720
102 683
134 128
141 526
167 970
102 794
111 416
217 48
45 725
106 204
160 7
34 453
13 918
121 415
27 472
15 313
71 190
71 113
222 885
105 612
78 778
159 216
153 672
170 696
236 531
59 713
147 675
47 478
71 396
181 224
218 486
235 397
216 634
7 111
217 530
39 630
197 598
127 658
247 486
29 806
211 530
11 925
61 275
136 418
113 125
238 934
111 689
9 130
151 416
64 388
206 503
10 349
192 315
109 391
165 741
129 749
42 104
72 657
138 748
199 797
199 610
148 663
54 814
169 814
117 749
191 701
5 507
16 917
99 546
66 449
39 271
50 985
173 19
8 822
145 458
7 39
226 391
72 80
97 382
69 262
141 192
47 683
228 456
127 407
240 76
49 755
218 386
109 546
239 378
66 131
169 979
141 101
35 835
247 74
89 810
169 506
200 409
152 690
183 671
27 425
221 365
214 887
233 425
146 802
151 732
86 95
19 568
178 601
36 966
188 891
198 929
169 389
3 748
175 175
231 463
75 734
192 203
78 888
169 321
220 817
72 755
162 230
114 583
164 736
9 987
174 586
37 960
109 490
212 509
80 921
97 382
195 887
175 806
229 885
248 382
237 443
227 159
117 373
121 274
218 71
78 971
155 506
26 657
245 803
73 912
146 380
205 828
10 755
207 26
156 622
250 254
172 712
190 658
56 315
88 748
28 756
185 69
163 310
38 257
151 124
75 398
23 477
168 196
116 707
143 671
190 708
168 710
211 623
186 227
184 317
2 344
166 12
243 882
189 604
57 391
28 571
190 455
13 752
184 180
234 227
12 364
249 552
15 551
23 611
120 936
245 815
44 737
242 930
232 340
52 535
193 131
164 183
6 764
226 143
246 42
105 354
248 835
237 447
20 94
204 588
166 11
142 961
65 943
107 466
200 586
106 494
12 612
190 566
219 584
227 254
17 888
211 122
178 910
35 559
181 286
233 133
103 656
50 412
193 5
28 589
145 45
175 358
139 469
82 965
211 942
26 408
225 72
48 100
67 556
219 191
80 195
146 702
199 224
5 261
89 204
92 537
186 702
117 510
74 328
197 265
67 442
155 665
1 211
128 368
43 261
229 406
5 241
117 660
140 246
119 181
32 362
151 222
136 74
247 739
184 138
175 618
112 951
140 207
150 606
93 497
207 930
173 91
156 275
35 47
243 658
139 419
28 875
176 782
114 837
89 889
106 367
60 110
191 182
109 17
165 674
159 100
50 429
93 236
242 351
223 928
180 60
232 971
91 491
14 883
68 900
48 596
222 325
122 792
160 373
100 15
141 90
222 265
187 270
165 953
35 955
180 359
217 512
114 260
184 818
195 546
40 458
86 316
57 522
174 206
169 910
185 238
86 512
170 233
243 925
234 382
67 628
24 626
133 263
208 114
103 111
134 68
244 239
171 124
143 872
27 963
47 943
16 3
54 195
240 502
219 69
53 380
31 201
206 916
64 757
178 315
195 337
75 92
46 738
93 560
205 169
185 970
5 170
230 410
57 519
123 42
41 441
240 887
37 599
164 908
210 181
30 588
141 466
30 38
178 60
189 134
108 498
172 139
