1500
126 423
357 121
193 229
210 368
217 61
315 118
96 581
24 491
133 810
163 166
258 258
46 361
97 950
153 837
291 220
335 586
142 697
167 968
239 833
68 31
11 697
40 301
240 742
93 124
232 703
6 288
295 736
232 628
149 789
307 407
258 897
193 138
374 189
117 126
215 368
330 652
180 839
364 326
240 162
126 617
102 521
200 462
180 481
192 717
119 217
70 754
54 445
141 209
257 473
359 920
14 170
104 273
354 43
357 750
6 572
330 629
112 271
129 290
313 770
364 169
283 570
301 841
141 277
350 872
147 330
354 88
265 195
348 38
144 711
216 693
182 683
35 941
355 108
209 909
193 369
316 427
347 35
102 909
227 783
114 928
278 623
249 969
83 882
328 534
67 1000
268 110
168 629
172 489
232 406
183 231
281 785
45 951
80 517
259 580
75 408
95 514
309 953
188 848
113 619
217 933
228 783
285 616
107 205
279 849
89 808
153 979
164 875
102 925
189 657
241 376
281 98
81 830
165 681
241 295
275 357
332 146
55 507
117 376
110 455
336 24
326 790
332 359
113 745
360 117
250 282
219 104
267 906
286 143
138 179
215 2
203 695
71 377
272 216
352 284
351 162
358 470
232 447
169 590
182 508
94 66
116 597
251 54
368 68
246 966
316 905
100 201
281 479
234 48
76 356
68 202
160 479
106 697
319 884
276 693
297 377
241 80
262 779
348 459
258 817
267 518
103 895
273 647
255 813
320 956
237 507
133 225
6 730
191 660
29 470
173 801
31 619
167 699
281 799
278 30
370 943
225 62
41 990
343 118
31 350
102 432
268 598
301 683
305 352
58 306
68 179
75 978
263 411
20 650
295 98
112 48
182 50
28 518
292 53
40 219
130 271
75 730
233 931
59 644
93 273
215 986
253 456
47 404
349 155
361 683
103 927
348 441
237 670
99 300
75 927
217 396
178 779
311 713
103 387
199 115
52 416
200 40
62 128
137 538
180 150
195 25
84 351
131 331
277 227
281 653
256 334
254 925
168 807
153 650
24 888
241 687
49 510
11 470
56 770
287 706
147 258
129 715
335 328
91 890
50 118
311 621
199 344
273 124
201 814
184 965
307 471
349 40
249 194
228 384
114 748
222 890
343 127
354 859
260 369
18 814
368 331
52 95
89 425
201 16
250 172
316 64
339 85
228 124
290 548
264 887
264 454
164 985
220 212
280 57
62 757
10 535
133 766
370 769
321 439
244 602
319 634
206 186
339 445
241 689
85 473
51 854
210 121
253 173
325 815
116 140
95 656
128 140
157 363
1 593
47 994
258 848
227 813
2 453
152 309
211 356
288 124
164 124
143 76
168 854
8 803
286 513
184 610
122 890
70 287
67 743
148 350
48 70
17 788
264 742
114 15
317 857
172 577
338 394
205 690
307 432
103 389
58 157
222 117
121 151
117 95
211 776
98 850
9 588
337 24
328 7
247 302
256 420
363 748
284 325
28 817
88 821
170 958
101 32
332 670
341 460
235 748
202 457
338 341
45 230
286 645
152 696
297 524
126 873
107 176
342 480
55 531
298 463
230 846
110 261
257 89
372 654
218 972
172 59
60 4
322 78
14 371
108 280
307 307
76 399
359 796
93 266
334 658
42 686
64 13
166 590
102 611
43 324
61 889
139 7
125 610
32 709
345 847
256 174
53 657
123 798
131 701
357 888
195 758
7 828
179 475
319 197
101 939
116 565
342 89
276 533
245 987
282 861
209 905
242 308
284 242
125 690
268 884
181 915
2 122
237 727
2 181
366 2
308 358
132 352
370 919
344 583
147 793
339 418
33 575
101 104
237 519
89 462
122 87
174 174
117 350
133 42
200 117
205 460
292 755
55 165
308 960
96 927
32 485
233 760
281 650
18 528
343 285
210 955
298 403
312 964
374 91
351 882
37 572
325 955
93 318
257 284
363 690
172 866
282 634
97 895
10 614
187 259
368 411
119 221
338 34
113 250
231 375
75 738
238 338
39 95
321 930
77 458
81 315
156 877
53 556
1 928
240 270
276 76
72 948
65 575
80 750
48 297
317 149
275 645
318 536
335 724
341 493
29 375
215 172
325 709
372 154
88 733
196 103
287 964
336 830
128 677
46 960
355 824
12 224
15 266
339 479
44 544
97 382
176 245
325 351
172 730
308 261
64 109
364 636
76 239
61 803
11 570
70 168
336 950
141 214
43 54
14 275
252 995
230 985
181 572
15 589
313 873
279 950
80 304
335 225
312 723
274 982
135 948
180 877
172 609
346 262
157 128
183 348
25 22
321 362
131 765
26 970
352 798
122 123
213 58
211 820
86 125
62 870
13 937
112 964
2 807
107 952
24 522
64 531
285 953
354 318
332 532
172 958
206 274
45 866
131 21
75 194
20 668
346 427
330 18
46 501
246 545
231 896
49 449
103 699
239 701
39 488
35 823
62 752
179 407
306 696
212 120
77 885
27 71
180 936
241 421
78 521
309 512
309 531
288 102
350 747
263 893
269 264
25 945
33 800
187 505
36 548
167 2
60 62
126 806
32 269
317 374
23 76
134 871
245 622
170 748
301 190
318 653
305 220
346 481
317 65
3 413
335 198
282 494
337 697
59 711
311 94
64 511
11 339
201 703
343 471
28 230
268 108
80 943
356 572
256 884
43 251
327 904
301 951
296 255
275 494
56 405
86 708
70 494
159 894
83 302
174 195
352 218
281 103
6 298
332 531
202 983
83 545
371 400
306 68
173 310
247 630
217 269
284 365
3 499
10 322
248 437
236 939
10 974
362 215
153 861
345 761
70 967
369 163
252 15
115 298
240 689
242 174
308 867
35 124
34 973
116 804
303 511
315 231
165 796
233 9
311 611
294 562
297 945
239 977
310 339
175 726
235 899
372 741
303 365
201 825
360 234
161 263
308 828
368 769
335 772
286 984
277 875
303 372
338 421
238 559
362 254
51 709
112 262
294 982
355 840
249 28
251 491
134 67
217 845
198 618
54 325
210 815
111 639
43 535
79 30
289 38
181 79
334 411
368 540
274 665
113 950
340 677
178 395
257 684
117 431
220 38
188 859
201 295
105 834
7 72
8 558
5 317
166 712
159 287
107 801
154 276
129 118
285 298
267 974
250 18
185 519
182 218
55 31
181 631
211 333
319 39
15 987
226 961
265 583
360 561
148 950
13 305
190 477
112 83
226 73
194 667
5 883
344 682
212 495
92 260
115 264
50 579
124 314
295 546
182 219
116 602
152 631
83 770
239 5
108 226
251 573
300 760
163 594
26 293
83 703
150 556
85 750
308 276
137 381
203 386
197 114
18 210
213 650
268 330
171 817
107 67
4 866
228 452
51 154
341 732
137 708
25 254
88 147
302 869
275 714
121 70
300 150
287 856
79 699
132 502
141 144
31 521
214 704
271 54
287 439
204 57
108 993
16 134
85 627
23 885
109 301
35 448
219 987
267 634
68 164
14 631
62 998
164 344
152 618
273 899
43 626
28 69
146 245
269 716
124 148
108 649
239 84
31 343
53 307
138 128
174 3
91 866
48 693
210 60
83 1
246 232
280 979
245 60
91 324
211 815
229 632
277 839
152 289
178 898
126 176
360 112
194 642
265 883
236 354
316 280
64 26
100 846
2 884
4 99
140 14
211 4
323 177
273 714
347 3
320 666
206 571
167 895
63 624
241 282
321 751
137 326
370 877
195 209
283 652
264 774
228 181
274 759
186 584
248 42
324 378
9 152
329 178
335 143
209 678
33 651
209 167
4 404
39 636
321 903
69 958
73 730
296 921
44 800
357 856
375 199
109 37
213 173
239 46
171 523
295 39
87 83
71 84
51 548
49 1
293 377
57 239
231 130
283 845
339 759
297 322
144 231
37 51
300 156
179 787
106 230
154 348
94 353
175 646
12 193
127 914
203 888
228 545
154 419
337 408
308 742
257 848
27 914
139 254
121 827
249 719
146 561
24 312
89 221
54 960
89 992
136 895
270 309
233 336
321 310
231 716
151 298
204 110
227 170
84 527
250 522
160 625
37 768
343 810
255 401
131 954
234 817
210 163
207 464
275 751
22 769
56 670
359 181
227 641
85 515
242 131
221 76
76 832
308 938
267 447
298 10
77 980
316 621
340 486
48 450
55 599
131 167
367 467
224 91
375 697
250 753
80 648
279 710
148 515
123 392
25 667
73 836
213 41
153 227
142 704
79 439
15 256
29 117
22 574
371 320
50 166
221 294
278 855
233 79
230 261
152 604
162 193
9 549
228 937
281 608
361 823
357 779
197 208
373 736
96 262
15 906
26 202
166 369
25 31
151 182
211 594
153 161
10 435
4 578
375 549
265 219
250 41
255 111
113 905
126 985
263 234
88 148
221 980
184 563
91 249
326 435
81 235
341 71
178 883
242 919
370 869
358 12
234 167
79 447
216 988
343 22
336 172
316 178
163 839
46 97
370 954
133 201
86 719
352 577
158 839
182 469
209 333
245 442
233 620
123 525
295 508
291 804
297 64
203 81
253 293
315 367
298 776
354 936
10 301
50 458
159 544
59 566
75 301
117 409
108 777
252 329
69 273
320 87
23 5
357 208
63 534
335 182
183 583
179 585
163 480
113 7
340 899
186 886
218 115
3 793
58 160
363 192
70 211
311 212
115 999
302 502
253 797
203 389
261 325
188 170
375 901
245 902
222 28
65 988
31 338
280 91
217 699
177 735
146 706
46 873
159 851
95 592
57 404
319 337
47 149
23 824
252 773
130 77
125 248
283 730
369 240
91 771
267 735
367 810
366 835
88 93
352 565
120 305
166 551
271 20
94 834
132 806
345 503
188 126
138 617
79 476
203 543
123 73
108 784
133 237
124 737
51 5
348 748
327 654
202 711
97 954
46 284
87 746
282 538
128 174
185 191
178 312
85 973
295 29
150 684
331 338
96 311
214 471
94 610
198 369
102 68
297 129
42 881
303 228
285 696
148 24
18 888
274 911
263 467
110 601
100 564
102 922
296 803
161 313
321 268
110 973
265 23
72 904
356 439
153 8
51 237
148 169
57 70
239 376
85 910
159 310
190 396
163 113
156 624
111 466
371 811
18 764
186 878
349 523
373 712
371 382
130 76
326 922
62 121
288 193
317 367
26 490
375 467
142 976
247 552
176 463
278 126
225 768
139 291
118 503
30 702
143 450
2 473
338 302
133 259
149 9
277 340
189 982
265 126
203 839
158 802
101 394
11 507
308 47
145 228
152 969
59 123
328 767
29 491
59 783
286 620
22 127
236 275
85 408
175 168
217 602
254 280
187 995
276 343
199 736
373 174
65 601
292 101
307 71
321 740
176 853
135 857
324 247
203 352
60 300
292 241
234 90
176 489
326 482
88 607
322 850
192 850
255 476
223 503
120 594
6 995
5 191
323 649
130 214
305 518
247 247
56 704
57 113
200 24
288 909
42 267
166 930
250 681
31 804
23 28
117 651
248 856
201 782
353 100
217 241
110 267
80 915
59 95
24 988
103 649
261 571
154 438
369 708
146 966
255 651
163 256
355 112
34 214
337 565
91 61
224 989
15 351
180 410
272 933
54 284
148 511
21 289
102 909
272 929
326 647
65 170
161 970
373 896
358 198
310 941
268 226
315 610
303 802
348 580
253 341
139 254
287 573
41 107
309 78
310 812
262 404
91 886
14 469
85 528
178 945
40 544
50 859
303 970
166 891
48 856
345 51
264 310
44 759
370 195
326 240
61 165
160 576
198 354
100 566
364 769
72 28
209 391
318 978
293 338
50 280
336 494
177 780
186 736
124 714
162 998
327 902
27 747
162 960
118 822
312 776
128 439
150 421
314 456
30 877
40 608
319 1000
368 377
96 28
341 917
152 988
38 542
180 940
324 395
320 775
243 379
44 105
110 637
107 459
118 900
349 316
29 126
156 305
293 641
366 759
176 817
229 956
175 85
8 672
55 259
276 109
322 833
194 96
179 422
46 981
208 647
318 815
174 430
364 126
336 118
188 49
26 963
124 846
347 877
216 925
86 924
121 362
79 175
88 65
165 688
308 323
354 248
49 164
257 885
284 911
181 646
286 795
166 846
118 309
68 923
28 632
177 396
49 85
175 979
265 978
169 933
256 579
273 225
21 968
351 309
369 737
311 846
213 614
233 298
338 557
327 335
203 130
336 171
121 604
135 794
359 209
315 499
295 856
105 407
274 552
349 74
226 973
180 65
82 791
302 918
359 574
315 910
205 130
33 19
230 256
23 599
16 338
130 663
211 260
98 452
211 20
281 23
373 93
290 714
232 737
150 560
284 754
365 977
51 405
14 866
110 420
39 232
93 603
52 155
168 527
83 633
246 595
173 846
312 963
330 692
124 57
251 750
16 767
119 119
35 146
244 855
344 25
158 175
215 985
335 113
39 35
105 55
245 716
159 152
332 117
73 735
207 843
78 796
338 316
39 470
300 137
220 460
310 212
253 889
340 437
5 418
238 167
38 672
106 309
231 47
345 206
167 116
212 890
82 562
52 708
331 43
14 159
121 353
311 883
370 486
241 696
26 402
201 359
5 28
280 364
177 452
247 773
158 201
39 454
83 814
70 41
247 695
49 903
276 224
144 58
303 450
22 560
364 458
232 859
299 495
304 641
128 934
311 393
229 850
99 780
118 546
307 113
190 41
254 972
95 472
206 78
189 817
287 78
2 959
96 799
65 955
15 292
226 87
18 451
163 520
216 345
169 27
167 503
310 937
249 911
360 8
94 148
