1600
102 623
103 305
288 780
150 314
46 313
158 708
150 17
276 482
150 158
301 927
169 574
52 353
226 528
305 514
304 930
173 880
400 853
55 1
341 775
362 831
83 847
264 583
184 348
185 283
328 712
36 655
278 874
270 530
312 634
105 57
334 570
273 279
242 940
122 869
90 258
131 200
225 133
310 134
188 478
352 641
189 876
196 494
346 452
145 942
184 255
367 323
131 317
383 124
42 829
16 776
325 771
56 924
181 158
253 416
203 37
371 568
20 486
272 419
359 870
95 40
38 847
261 308
297 406
208 148
59 531
159 631
250 720
87 781
174 213
165 367
397 676
258 313
41 676
334 950
352 528
387 13
163 656
270 328
339 217
115 916
71 396
250 608
203 708
143 688
114 704
126 41
367 968
396 923
270 27
44 304
316 224
253 333
293 651
276 211
55 800
59 783
258 556
15 495
151 818
85 731
238 445
262 789
110 157
310 964
3 791
296 979
285 40
297 804
23 277
308 643
371 577
101 859
375 101
246 8
265 342
63 41
69 123
120 887
77 156
178 926
392 338
302 938
382 120
321 558
191 515
178 263
197 600
164 541
230 160
342 116
377 264
242 578
300 65
347 303
287 513
286 835
70 758
255 177
223 507
124 75
326 593
164 295
389 608
228 978
95 95
143 1
51 187
115 219
389 202
66 528
27 710
374 671
396 954
224 989
274 624
283 974
207 140
107 922
162 460
247 976
105 72
341 319
53 922
323 94
358 958
358 948
115 159
184 997
189 887
224 296
68 516
374 761
12 453
126 405
296 226
118 476
353 399
385 722
1 522
95 616
391 259
289 330
26 722
61 820
1 86
160 21
364 453
22 380
213 704
159 512
54 8
69 389
99 578
7 240
170 847
319 988
389 31
35 966
373 620
254 430
269 846
269 575
347 921
344 284
280 760
215 810
201 389
32 707
59 875
67 790
94 563
47 602
94 116
269 624
176 539
215 233
202 374
221 979
272 73
251 978
213 306
67 821
348 104
3 122
174 739
223 533
221 371
289 863
210 119
390 512
218 641
363 664
374 950
98 209
35 440
295 894
112 244
387 285
135 47
218 266
360 222
392 314
327 788
303 411
106 253
353 49
260 782
150 395
192 425
5 116
119 708
81 688
359 968
95 44
307 332
206 646
174 183
229 812
64 16
95 84
161 514
328 254
101 812
290 204
195 190
213 12
20 553
219 793
70 199
366 760
328 671
185 966
95 752
348 726
361 387
272 123
372 972
68 467
115 451
220 389
280 929
236 227
274 594
113 943
399 322
246 969
379 857
261 589
263 375
359 270
195 684
54 170
121 533
213 530
192 257
164 414
84 626
345 321
313 981
132 328
279 779
338 570
62 128
222 177
123 562
362 249
378 58
136 482
363 717
340 328
232 763
258 264
271 470
8 527
102 571
396 33
193 405
328 212
18 728
80 774
313 968
338 11
141 783
221 241
261 1
219 40
90 541
43 768
221 924
58 89
342 741
282 580
140 612
18 118
108 999
123 188
340 656
37 741
289 195
379 508
347 909
61 990
18 708
147 780
334 226
284 420
275 100
230 772
43 662
334 457
228 194
399 251
325 187
164 750
82 206
79 103
274 17
203 602
308 891
149 931
181 189
381 862
17 400
261 776
135 126
201 192
57 133
71 514
34 575
97 376
375 429
390 835
105 503
198 463
93 525
267 733
133 482
298 77
36 225
342 627
140 627
113 656
80 115
266 121
104 143
86 803
154 881
105 26
118 455
94 158
132 761
94 758
10 86
324 157
345 133
209 141
201 691
296 842
269 808
38 691
3 922
130 716
232 38
152 168
33 665
345 376
7 862
35 773
175 325
84 266
397 99
337 156
2 985
35 11
174 998
336 846
40 660
268 163
243 920
6 576
28 692
7 219
124 687
182 858
357 392
346 547
339 596
16 774
305 244
228 482
213 352
348 297
313 305
387 763
208 890
76 310
395 682
221 614
385 592
29 56
71 9
224 221
215 832
349 151
84 810
367 343
303 503
146 554
207 888
356 852
367 624
49 699
145 433
220 255
233 183
263 318
171 75
244 578
35 538
70 830
335 959
184 53
359 690
239 404
78 937
51 772
175 586
15 408
379 422
143 505
48 724
189 826
35 772
6 363
275 140
315 569
326 660
169 742
118 278
366 107
209 434
8 891
337 94
324 124
177 531
330 685
324 127
116 493
78 945
140 718
346 475
118 2
55 775
356 206
341 837
269 681
210 376
8 51
165 980
243 184
90 382
348 973
283 38
381 99
322 995
221 186
146 278
32 833
168 323
190 7
324 680
10 383
388 35
199 282
282 675
210 304
311 386
27 587
83 795
21 930
167 894
362 410
100 573
305 987
392 704
210 904
379 137
129 747
52 238
3 148
336 547
97 620
114 560
386 911
356 662
127 663
268 942
337 144
28 194
381 29
100 993
294 847
201 750
330 725
261 37
214 27
175 745
291 594
373 429
315 324
340 140
183 550
289 860
351 444
304 268
27 903
284 858
82 480
112 233
119 25
359 855
151 364
324 275
349 371
358 230
385 90
222 575
237 116
346 346
74 414
248 902
43 439
235 466
299 228
125 779
389 789
47 980
59 733
194 505
183 885
382 497
263 137
356 220
351 907
294 754
44 534
368 350
73 333
259 314
13 103
305 660
49 747
237 653
318 580
129 692
198 954
42 491
22 517
183 771
359 480
223 585
243 868
234 480
318 634
362 718
100 608
43 368
326 712
22 294
68 960
91 537
9 338
314 672
38 163
385 152
90 565
247 731
174 757
4 684
156 124
116 260
194 608
139 934
359 271
67 134
288 718
33 156
133 876
300 56
165 127
9 326
241 169
331 696
383 212
58 445
214 52
154 548
184 240
313 892
238 650
71 756
29 897
184 884
79 31
173 585
319 367
306 884
170 637
367 476
206 185
291 438
388 129
4 896
312 501
339 979
14 787
118 949
229 843
332 464
13 134
164 252
348 232
269 240
244 678
231 672
216 629
193 340
250 990
143 157
113 383
43 984
284 430
279 817
287 442
150 116
295 793
35 300
178 286
79 327
148 748
129 54
55 110
170 111
101 364
204 567
39 585
334 401
332 202
277 976
181 595
247 42
111 61
129 440
209 488
232 962
73 515
324 1
218 648
1 760
159 871
296 525
48 189
107 948
172 430
306 537
369 718
179 884
108 705
321 230
103 789
10 759
379 88
166 823
169 802
397 185
289 406
294 352
232 146
43 649
247 482
320 378
146 289
380 639
21 967
274 322
324 406
3 405
168 58
396 632
327 234
99 363
16 18
176 146
122 446
248 296
11 800
279 48
237 577
80 213
106 648
147 45
216 410
17 145
149 755
105 729
251 530
311 424
105 162
302 310
35 545
15 643
244 756
53 994
77 625
116 879
187 260
262 899
21 19
310 902
247 865
140 819
32 929
294 282
118 566
236 457
156 689
50 46
325 862
342 611
136 153
62 148
41 134
236 334
377 408
157 172
283 350
32 367
85 992
4 780
115 693
225 185
180 201
191 440
233 602
119 122
323 710
377 720
80 323
181 969
149 563
38 573
71 52
287 949
154 646
351 875
382 579
140 671
325 328
35 223
138 444
176 223
246 458
246 545
101 112
141 1
194 511
282 132
278 598
193 969
216 710
73 116
357 711
372 352
243 746
135 586
103 97
39 213
312 67
179 210
203 193
37 861
37 698
118 22
108 938
54 715
378 384
390 956
4 905
141 956
91 863
190 838
299 842
122 507
278 523
370 556
372 92
173 568
148 91
134 199
153 585
171 867
294 99
22 924
275 394
243 573
128 959
382 455
147 168
260 361
180 675
281 153
31 57
181 290
243 94
137 624
29 996
66 183
168 12
96 285
159 309
56 5
197 791
198 206
142 240
376 19
73 849
252 394
162 220
328 687
203 284
193 950
37 561
48 602
249 64
290 83
153 166
267 459
314 405
176 626
210 72
271 752
266 923
65 918
27 792
174 142
267 581
187 669
364 281
104 460
367 8
344 491
256 451
159 889
253 384
301 36
74 744
157 615
58 322
212 770
90 313
100 528
180 525
74 971
214 245
114 678
304 62
128 473
159 770
312 955
171 354
25 325
394 62
280 114
4 818
97 286
86 992
391 855
279 342
372 746
197 800
113 105
113 837
146 841
367 909
275 853
370 193
390 701
364 290
130 477
302 844
206 932
318 614
123 669
124 506
94 111
330 708
123 143
3 263
211 221
84 824
41 995
167 609
283 883
167 706
230 393
367 804
222 203
92 806
247 841
13 823
381 997
12 726
4 771
103 344
179 739
77 730
229 303
193 618
105 389
340 978
101 736
360 890
231 642
55 390
100 755
38 341
313 949
381 969
110 433
284 5
362 256
362 560
231 850
133 490
36 832
271 39
222 357
251 847
71 295
21 683
161 321
69 751
396 677
304 977
342 102
80 707
136 928
238 153
81 737
395 713
253 7
175 473
133 966
337 92
221 615
173 960
221 848
347 616
22 60
283 988
300 872
354 267
31 219
295 79
86 97
362 269
40 171
172 843
153 394
272 929
398 818
28 741
198 566
399 965
37 252
254 760
22 477
11 818
300 292
370 62
289 768
85 716
44 574
371 620
340 330
167 807
393 845
132 281
399 145
67 612
148 125
382 154
89 381
82 366
14 441
163 882
320 494
350 820
84 148
39 424
242 457
82 197
134 636
115 285
155 952
20 744
362 923
360 326
209 663
394 561
347 41
366 682
4 871
359 115
367 196
93 300
94 779
90 166
107 36
132 926
249 498
53 112
189 887
22 713
335 370
9 104
133 23
190 187
141 424
196 491
260 999
256 87
293 531
7 430
130 454
346 969
307 449
31 538
282 319
270 49
257 280
190 909
365 171
213 642
63 52
370 963
387 503
203 137
366 765
163 247
346 363
45 809
301 195
119 185
38 566
196 714
225 805
276 370
231 863
129 66
249 269
167 213
212 371
336 590
191 630
336 543
147 841
28 386
238 668
231 762
134 249
88 685
189 733
395 544
81 93
99 300
9 7
367 808
396 319
182 598
105 173
290 588
390 626
136 574
110 60
184 397
20 337
58 408
298 957
183 604
72 67
192 50
269 56
8 780
75 225
65 975
150 668
373 442
334 380
291 700
86 63
120 185
187 81
139 326
270 225
294 91
141 460
343 687
181 775
207 904
248 835
264 240
359 124
337 958
217 381
19 937
119 149
337 434
206 718
155 783
279 481
318 796
220 196
318 515
170 562
108 576
203 186
281 435
398 402
210 608
298 170
245 20
10 170
37 472
115 373
351 12
282 333
329 720
131 491
332 108
217 384
328 647
195 503
372 307
357 836
276 590
127 83
147 171
152 976
198 124
271 309
275 965
210 265
344 529
68 898
363 799
314 939
87 296
342 670
365 791
366 790
63 52
22 374
56 406
283 192
28 177
49 632
164 212
366 34
168 279
76 780
134 446
181 521
123 468
376 130
276 688
329 579
220 469
51 261
384 446
277 733
339 939
24 868
389 483
310 376
56 366
174 276
79 728
273 394
21 534
3 275
264 217
363 396
242 162
311 255
67 130
135 121
144 759
177 648
343 79
350 471
21 246
56 47
128 532
79 882
220 178
19 115
71 800
261 731
165 678
22 417
235 916
27 235
76 106
381 135
128 175
378 281
307 157
364 629
213 525
107 113
54 645
367 467
376 15
67 525
342 538
131 502
45 448
206 733
334 800
88 765
289 618
35 770
72 809
135 271
394 586
256 139
324 137
201 808
185 297
24 793
222 320
254 443
253 75
11 604
344 458
315 985
1 288
276 331
83 549
199 991
48 322
265 561
354 557
287 698
353 188
312 935
279 808
323 865
118 222
5 581
396 351
384 504
73 89
251 752
357 455
207 806
307 803
197 451
29 664
353 39
200 114
376 738
170 384
109 160
107 798
122 475
21 673
51 465
165 29
220 368
150 621
48 882
231 374
228 995
20 561
210 455
386 751
59 969
111 304
397 706
148 860
188 253
109 663
119 282
248 909
137 62
287 150
381 245
371 200
5 857
86 789
1 880
381 592
343 57
321 110
375 549
370 77
213 678
251 296
348 2
163 581
163 641
391 45
300 49
227 220
93 182
200 996
306 83
230 373
43 220
24 911
241 134
26 691
342 176
17 895
74 426
312 584
390 671
203 607
165 245
3 18
123 675
100 85
12 120
266 577
191 868
54 335
190 885
76 549
10 172
371 547
314 588
144 671
390 522
72 172
287 780
128 434
352 603
36 671
311 460
377 971
233 338
10 420
14 894
314 773
293 913
87 89
215 714
144 200
16 108
234 77
21 722
333 968
2 990
315 579
146 582
275 919
345 589
112 260
304 690
4 801
187 419
346 664
328 931
10 257
247 771
134 679
128 128
78 831
385 453
196 301
206 439
123 480
332 795
91 959
27 18
310 358
41 342
80 975
338 724
167 298
135 976
41 903
132 411
82 993
22 487
396 481
92 187
393 337
11 461
321 745
294 665
318 1
99 735
301 981
196 996
181 598
255 32
366 477
340 601
176 422
349 14
293 826
275 715
369 454
256 50
359 852
53 985
31 590
73 403
98 950
260 56
26 108
150 524
350 479
38 820
396 350
78 29
247 507
94 614
70 15
91 939
287 90
134 919
195 742
168 387
19 344
382 992
198 51
217 465
357 953
313 667
338 486
377 841
94 784
354 359
348 572
171 708
172 279
285 633
174 239
257 926
296 508
121 420
322 491
276 816
196 466
181 859
145 368
345 297
371 908
378 335
157 205
231 255
318 817
180 672
356 363
224 577
202 659
338 650
175 743
50 610
82 177
344 177
161 952
103 389
187 373
74 706
339 548
194 577
67 995
70 779
262 863
295 342
55 290
249 810
49 291
9 108
152 831
160 588
313 636
400 162
214 504
86 981
330 776
340 808
198 477
142 236
229 235
135 132
248 770
153 586
106 982
61 978
353 359
299 652
198 907
400 50
53 716
98 425
273 849
315 723
134 430
188 808
321 852
305 888
89 55
117 432
89 178
338 638
346 256
239 796
296 584
83 60
287 699
357 519
383 349
71 502
34 882
180 966
341 742
46 438
316 132
239 181
216 570
242 856
355 758
170 581
194 238
196 714
230 628
4 682
175 585
327 669
116 71
65 932
280 139
291 908
317 29
78 220
297 806
381 446
340 955
263 692
69 536
341 528
75 810
38 740
309 156
