1700
335 831
315 686
370 902
371 347
161 750
250 124
162 964
253 607
410 126
255 16
317 463
263 17
61 381
137 634
41 685
220 183
165 102
324 571
13 246
202 358
373 37
141 586
141 903
246 201
145 463
71 720
83 504
246 585
372 446
8 225
298 947
155 990
99 187
28 977
74 133
229 832
206 549
320 717
321 71
374 950
338 208
240 498
99 871
395 531
234 200
233 623
288 230
142 2
398 931
46 480
297 990
287 134
12 546
267 930
336 846
338 539
10 920
382 165
94 523
180 486
259 690
57 726
320 705
323 283
89 311
170 80
111 456
16 480
61 732
12 29
59 99
188 856
175 48
327 435
201 476
211 191
250 748
300 348
232 369
143 771
323 265
334 652
200 572
66 133
411 950
105 546
395 836
262 656
286 625
360 156
422 376
136 636
104 386
88 551
368 676
111 441
273 506
320 668
200 814
52 699
122 878
16 255
288 28
167 623
36 695
395 812
250 352
417 814
258 14
262 709
30 705
304 735
172 688
136 35
49 402
344 274
424 448
201 367
256 431
334 787
323 436
366 917
13 880
353 738
231 121
243 199
342 871
309 721
229 804
97 789
207 232
76 102
48 674
259 111
136 913
254 827
71 17
317 554
103 125
286 874
166 882
95 306
391 4
2 816
261 383
196 643
53 774
30 322
241 630
40 619
294 28
89 693
253 206
357 631
248 69
141 636
379 363
312 377
67 58
54 306
406 900
377 107
346 693
392 515
293 645
306 180
326 176
327 636
376 523
215 173
20 79
421 563
9 626
73 611
116 342
96 674
89 879
176 849
161 811
104 808
102 911
299 307
28 111
252 228
294 418
283 415
221 599
149 529
204 997
282 298
412 530
85 20
164 511
89 131
229 354
253 67
259 650
125 38
420 856
49 280
79 758
30 210
199 718
11 799
93 308
78 294
75 231
420 851
85 83
240 621
20 105
419 301
124 456
249 259
25 946
153 877
24 797
392 878
337 315
402 523
16 682
408 971
47 858
315 485
46 952
241 621
223 516
229 960
18 702
172 588
119 784
407 697
31 278
235 120
291 327
256 751
371 97
270 257
83 373
39 521
63 448
196 165
249 331
235 542
284 839
233 81
255 904
85 685
320 671
5 246
272 807
140 273
113 171
139 994
393 532
299 625
321 996
421 509
80 788
68 179
374 43
282 406
81 667
68 397
17 805
133 295
190 209
321 850
319 887
320 301
93 73
164 186
46 331
58 356
112 334
424 820
412 524
103 17
421 713
298 497
185 617
203 232
2 906
174 10
32 844
118 434
382 339
351 567
231 771
284 2
127 462
116 498
335 855
370 594
401 846
382 858
196 323
402 539
378 41
31 310
361 491
119 905
205 341
192 682
72 702
333 490
394 55
11 944
127 434
203 312
99 702
298 111
362 264
265 543
96 284
331 655
374 817
382 407
389 166
163 376
227 324
32 349
248 437
70 267
118 406
374 326
422 991
210 741
288 564
88 731
175 568
178 127
101 625
420 662
196 522
97 847
10 936
162 692
420 259
12 511
170 683
316 816
163 499
140 241
168 271
285 715
229 344
250 695
151 694
393 573
166 705
384 399
205 272
140 540
114 66
312 367
245 360
281 95
312 1000
180 267
421 603
294 265
34 511
293 10
99 940
235 376
376 886
28 226
176 325
58 687
401 342
40 806
162 295
245 375
193 188
43 410
366 977
411 463
131 67
70 156
31 272
296 444
391 302
62 923
32 22
330 596
51 239
138 817
288 33
222 183
381 419
51 838
257 973
135 113
367 556
276 447
359 651
131 489
49 140
42 778
362 758
280 266
420 305
41 404
35 519
22 953
394 879
246 804
335 653
260 903
391 530
353 584
113 83
237 774
309 308
305 608
405 589
285 133
277 883
259 69
277 270
145 394
233 655
191 850
14 942
165 322
134 174
321 251
371 932
293 148
373 208
164 329
181 497
391 25
214 477
405 980
37 523
168 903
111 639
105 400
113 688
155 934
285 600
326 889
345 545
195 375
308 136
318 764
131 246
58 565
247 85
115 381
49 214
392 723
119 461
142 147
406 282
339 600
307 251
33 103
225 544
245 169
200 349
8 843
88 838
401 286
275 523
163 398
53 794
122 847
183 13
310 613
87 513
238 109
80 816
112 656
117 554
204 110
71 13
35 486
323 269
389 336
319 514
158 643
276 751
302 947
361 761
64 767
344 408
122 209
383 496
293 714
278 174
33 224
25 495
127 886
315 353
273 157
272 522
14 484
244 582
177 928
254 203
201 872
69 406
338 212
154 250
22 737
244 199
388 151
296 633
248 399
207 126
312 22
192 770
294 271
409 384
25 987
168 23
276 59
139 786
100 352
174 397
44 878
420 816
212 596
59 561
252 821
51 78
108 333
204 449
56 966
57 739
258 910
29 377
210 595
19 632
137 444
389 957
303 229
236 635
107 296
26 605
396 361
60 503
382 342
122 444
187 409
71 337
334 502
343 165
227 153
229 581
385 391
384 768
65 330
15 704
321 670
158 875
418 179
415 197
307 718
279 158
227 259
366 911
358 935
52 198
156 902
334 649
369 892
286 753
37 409
37 759
261 521
105 679
210 852
289 36
135 173
265 337
134 73
352 277
300 70
194 574
361 617
208 437
117 212
241 648
337 32
150 91
338 171
121 915
243 239
157 762
278 617
342 461
174 870
50 242
102 401
170 665
394 856
259 467
323 317
79 386
180 927
54 742
291 206
116 534
107 803
27 599
337 476
79 647
160 343
81 67
101 924
84 480
360 359
291 6
126 164
223 149
73 270
85 427
386 810
102 463
296 346
324 797
237 733
207 77
203 161
237 379
377 865
65 548
339 143
37 138
69 924
222 151
147 181
251 375
293 903
98 772
328 976
290 62
267 465
29 933
159 897
410 573
7 765
171 594
199 526
165 533
203 745
225 391
29 748
13 226
158 499
197 617
154 693
162 632
122 272
110 692
7 272
86 627
142 375
241 859
419 926
72 977
92 651
35 247
222 276
410 602
252 824
411 433
176 486
136 459
9 436
297 905
281 838
356 370
169 389
271 389
355 256
268 293
16 919
16 340
395 230
301 453
239 90
204 461
311 715
151 390
299 857
300 411
42 792
12 45
269 572
196 762
111 247
13 126
68 955
393 999
296 574
396 651
225 54
152 213
273 51
117 983
78 375
119 674
397 258
356 599
219 913
306 876
203 175
184 494
394 595
257 30
102 624
278 88
298 396
75 722
285 454
391 947
80 968
379 462
123 233
324 433
351 758
65 159
40 905
271 644
269 147
399 552
120 150
289 536
87 308
325 877
239 443
187 217
108 276
52 475
346 944
367 738
284 418
346 301
358 520
298 946
253 953
373 661
64 340
404 713
207 165
352 41
175 161
336 407
248 250
406 310
399 921
113 336
63 216
301 251
359 720
255 896
44 659
71 736
94 568
224 950
226 314
246 189
301 279
145 302
206 482
60 123
142 153
312 625
105 230
115 782
89 681
162 170
31 148
340 150
296 55
276 10
324 371
365 246
222 245
277 331
16 389
118 653
424 135
284 929
77 624
213 27
259 453
29 112
297 422
157 860
319 532
48 676
168 792
66 441
320 4
388 835
249 117
26 211
353 585
359 278
165 873
172 482
165 408
347 444
59 827
5 520
166 424
4 543
233 86
204 741
151 995
424 47
91 326
249 702
369 92
157 509
59 1000
197 581
200 265
366 787
307 995
296 913
188 824
195 663
160 691
146 48
262 784
293 801
159 307
93 603
7 598
129 506
140 484
107 620
214 389
361 618
348 131
98 821
373 577
122 52
26 456
122 484
374 884
400 1000
369 419
351 788
388 568
125 714
95 594
53 42
159 511
331 690
111 519
334 891
131 897
48 46
136 465
179 863
324 34
192 512
139 479
245 482
20 541
108 595
388 158
201 62
309 117
180 598
321 79
242 706
103 688
313 649
272 275
139 176
146 221
207 736
296 460
204 271
47 502
197 866
356 257
287 767
66 713
134 88
82 749
198 480
307 927
163 87
383 36
216 600
161 801
269 981
354 832
223 474
264 73
379 427
386 143
358 600
416 526
205 101
414 396
56 57
395 476
162 209
376 136
271 184
422 390
150 976
136 382
185 44
26 477
281 687
194 936
340 146
19 66
82 794
125 597
62 83
307 446
410 647
104 939
38 225
284 532
385 573
109 714
367 39
358 670
317 598
34 180
156 476
286 519
424 864
136 304
56 555
24 146
305 756
136 807
268 426
207 912
170 434
35 686
332 907
355 112
303 876
41 336
373 423
197 740
243 961
121 169
61 874
67 653
193 68
275 826
177 571
178 925
51 704
139 894
207 14
321 383
261 119
377 191
109 35
254 183
355 8
103 283
175 348
188 373
109 27
407 784
92 977
143 83
115 31
251 754
8 37
164 177
425 8
321 891
125 950
347 376
318 384
167 732
282 732
125 501
158 543
277 836
413 26
219 277
260 518
389 994
162 928
108 687
6 649
276 533
298 409
83 990
239 947
48 439
160 688
338 589
124 908
401 384
293 469
344 665
32 563
211 444
24 748
114 639
180 779
309 284
287 718
355 556
4 701
324 179
262 411
7 469
298 471
62 989
229 518
20 241
206 719
375 928
51 927
15 950
274 155
291 904
299 860
282 225
408 927
210 524
23 954
119 238
41 208
328 36
327 412
38 972
191 208
398 189
169 9
43 517
3 108
300 358
119 767
354 498
290 703
10 686
55 223
351 889
188 443
405 929
17 420
379 85
348 597
73 141
353 749
139 285
137 475
304 185
267 47
194 158
112 140
424 602
258 636
84 748
71 802
152 22
211 657
382 307
17 355
402 118
110 504
157 596
185 967
10 379
388 373
410 336
227 936
125 333
20 528
399 154
53 7
260 156
165 648
344 733
99 814
381 891
281 111
402 629
102 157
181 987
21 889
18 514
214 529
175 756
335 851
299 977
6 602
172 625
156 529
56 707
420 76
144 820
263 228
280 90
108 612
128 356
361 5
93 645
390 839
36 649
211 136
190 267
88 470
424 310
74 208
368 567
174 242
252 739
133 82
412 358
15 674
392 567
418 847
184 793
57 895
414 856
76 991
138 995
420 497
63 294
105 784
228 879
289 375
105 413
5 670
373 638
249 526
133 38
132 213
273 404
115 160
180 782
170 804
77 129
407 111
387 333
245 455
239 580
90 689
303 52
127 486
404 238
388 91
204 625
359 713
287 916
48 63
421 149
129 625
158 183
70 727
33 376
185 763
328 128
405 862
375 355
166 109
162 220
60 151
289 221
275 390
303 186
268 726
131 217
207 945
165 5
83 293
284 25
100 235
408 785
183 234
282 306
58 814
206 617
347 500
68 625
265 789
156 550
394 556
404 144
201 431
89 257
244 524
4 221
201 840
416 241
413 822
269 523
105 644
399 76
37 415
74 753
220 920
40 406
406 400
244 538
423 71
42 811
80 693
399 947
281 208
397 426
229 883
314 383
87 900
101 632
149 307
125 212
197 97
200 775
314 418
41 615
163 650
15 697
26 501
149 623
344 357
339 218
249 217
64 985
103 685
329 911
247 492
396 906
305 487
80 713
111 269
109 20
351 996
265 374
395 262
308 776
125 476
413 848
163 218
216 83
137 47
250 741
345 898
409 95
82 859
323 693
388 696
191 954
167 754
5 421
290 241
5 767
110 963
15 624
131 566
12 198
72 799
209 729
339 919
330 893
55 271
80 756
217 813
320 254
296 954
381 227
374 404
304 390
360 712
193 662
13 328
25 732
1 679
371 116
193 277
196 550
202 62
18 616
159 456
226 170
231 715
361 588
328 912
191 740
293 490
98 995
286 337
311 841
296 179
53 257
333 665
352 604
193 590
389 310
378 227
137 872
176 916
263 637
137 974
201 115
386 479
247 937
223 300
353 541
182 16
296 155
304 201
122 235
51 642
237 279
142 313
416 792
240 891
363 799
215 515
304 606
294 869
111 861
64 939
213 328
73 169
212 581
245 999
302 453
119 863
98 893
271 609
399 912
88 936
424 676
157 566
322 22
125 561
351 658
192 700
377 392
83 838
76 455
10 596
109 477
89 992
71 501
112 18
386 262
43 741
176 96
280 336
137 557
9 4
320 470
158 764
386 103
275 628
342 365
32 224
394 157
294 464
150 339
311 925
199 186
42 13
370 405
391 587
40 532
308 620
135 373
61 433
231 749
212 797
69 381
110 599
46 37
315 948
110 636
132 149
59 385
378 623
372 273
41 133
363 740
80 488
302 880
81 13
45 826
286 502
246 430
246 456
301 908
267 777
289 290
196 579
205 254
306 29
342 561
271 97
117 119
316 504
44 139
201 584
190 283
240 773
127 511
248 426
104 944
7 67
373 955
205 578
201 328
390 895
116 639
171 460
409 55
179 143
169 644
296 852
161 666
254 291
47 108
343 908
127 161
205 533
78 228
25 101
153 53
279 118
387 80
369 560
30 123
120 586
308 838
119 635
36 601
272 404
287 589
298 16
184 370
5 68
7 779
396 245
108 980
9 99
69 519
399 202
28 385
414 475
302 968
112 422
130 252
253 94
41 426
45 174
196 614
30 476
406 545
150 779
270 49
71 795
405 215
418 943
137 872
92 862
361 284
178 102
205 227
398 13
373 49
280 406
260 223
126 802
14 288
112 539
271 185
14 991
243 375
4 67
58 365
407 102
389 476
270 389
78 297
378 518
269 917
133 761
223 789
400 857
338 173
253 650
264 95
200 661
313 247
249 36
305 651
340 22
266 824
269 140
222 546
264 763
257 679
184 512
267 525
92 178
59 835
425 450
373 659
22 297
340 896
406 265
357 557
23 172
150 447
226 769
32 885
34 982
58 920
50 33
259 424
269 737
334 674
5 737
266 969
90 538
378 966
376 128
70 382
40 508
391 711
124 122
198 859
98 396
341 360
24 391
389 446
379 54
354 979
412 993
280 603
83 411
150 519
288 94
348 586
423 407
286 846
331 54
199 209
332 602
37 677
399 859
108 585
371 915
224 381
44 57
154 131
5 376
172 845
243 948
170 320
83 345
218 130
303 877
402 779
116 327
66 286
68 624
377 177
277 854
174 16
339 469
175 787
238 837
81 890
98 745
226 451
19 730
94 326
199 116
257 653
175 78
394 600
190 750
110 961
307 167
170 575
45 713
264 923
407 661
195 555
242 8
184 431
365 721
174 304
300 149
66 451
190 292
305 807
346 422
277 756
229 242
140 257
60 537
419 994
101 755
353 726
217 180
137 110
39 882
92 426
399 901
4 100
295 49
109 918
250 51
185 335
216 224
243 96
158 375
281 404
151 650
306 468
39 509
189 380
279 343
221 738
62 649
91 295
295 570
106 560
73 571
275 365
194 214
314 48
54 174
5 832
45 990
160 742
388 780
62 591
285 865
118 248
35 498
362 134
45 175
55 871
36 700
74 364
8 553
211 488
82 141
114 462
123 971
152 300
391 638
248 215
226 122
180 906
11 78
71 50
270 897
343 242
282 145
27 482
280 303
17 203
34 703
193 243
324 313
335 469
350 35
200 861
71 154
9 274
145 528
66 577
317 889
191 322
57 10
219 313
259 246
379 490
279 320
367 681
391 76
18 648
112 566
305 944
145 492
189 623
110 414
275 373
136 620
116 247
