1800
392 407
19 637
15 928
249 515
11 273
216 989
254 373
355 238
354 919
13 331
132 237
293 87
400 56
185 11
435 576
394 325
212 97
265 683
177 797
304 512
377 738
29 833
250 944
344 83
139 175
258 863
126 680
298 87
232 933
212 438
384 825
19 879
50 543
117 144
129 201
154 504
126 555
159 133
277 306
47 126
177 361
135 592
325 401
429 863
224 96
338 439
201 345
184 873
180 408
315 598
320 854
88 123
400 473
319 942
229 276
183 727
364 517
172 715
180 484
89 442
251 900
327 122
114 800
369 75
20 396
190 609
425 476
99 375
80 188
43 441
72 646
325 257
449 327
239 694
186 42
384 325
429 733
12 76
35 808
339 841
368 958
227 88
182 941
213 29
88 726
332 310
331 868
173 181
162 348
301 165
77 920
53 296
224 54
164 996
341 427
388 523
382 210
404 112
105 22
40 527
22 2
14 82
323 56
281 357
223 142
419 642
31 920
235 180
309 523
326 709
141 834
25 260
271 998
285 92
259 540
369 170
236 521
229 993
27 546
337 513
363 531
103 889
80 331
222 400
35 109
169 949
288 7
372 734
291 63
204 408
17 134
47 238
253 82
287 966
339 988
21 638
14 775
289 722
20 201
336 309
424 96
39 434
54 381
193 299
86 296
114 853
368 509
339 225
65 587
36 267
332 625
131 608
4 508
289 357
444 191
305 599
24 830
206 39
317 789
340 709
179 558
413 192
182 23
27 799
43 829
44 684
380 790
371 704
423 181
365 605
160 238
240 736
357 545
168 897
149 432
57 12
197 421
278 75
127 87
218 818
391 800
368 965
236 781
411 153
206 783
118 58
244 451
350 890
363 726
72 862
172 298
353 371
179 374
367 92
284 711
99 842
302 978
444 323
186 9
72 180
320 358
415 808
76 541
46 522
290 524
444 250
372 655
209 185
377 609
63 410
163 551
1 613
173 442
71 897
441 401
436 738
336 161
112 221
301 677
48 74
260 645
17 452
352 385
309 513
20 83
57 198
140 851
360 139
22 997
249 145
92 185
368 215
165 467
171 27
220 349
25 217
195 59
305 231
323 554
64 774
260 609
84 406
448 379
260 357
335 804
184 622
228 726
174 240
65 114
391 136
203 802
211 755
340 309
281 854
53 548
124 619
45 174
362 425
219 662
234 601
60 938
252 710
329 663
317 140
351 363
180 139
226 712
384 796
313 763
50 680
136 105
349 769
32 20
63 404
439 626
255 286
131 423
288 368
224 344
364 837
24 398
364 709
93 462
15 779
306 816
363 38
227 809
177 294
283 535
285 780
290 283
293 298
261 178
412 121
412 305
219 854
20 307
112 185
436 294
197 479
158 428
53 747
248 835
92 246
419 217
249 432
438 903
100 116
264 880
153 131
280 274
108 689
329 53
112 530
377 756
37 398
35 909
21 98
442 788
63 394
302 263
408 919
335 593
295 987
243 730
117 92
391 932
51 777
434 531
324 547
80 412
56 56
340 2
154 981
72 890
139 510
247 541
76 342
254 591
90 864
39 175
287 723
307 296
156 413
364 265
167 994
201 895
111 803
66 789
68 638
145 985
146 791
204 312
238 811
59 257
345 749
216 641
171 578
216 321
245 947
53 956
363 975
54 533
412 513
442 363
414 279
120 433
353 61
211 756
211 571
158 566
350 186
325 126
281 861
257 402
299 723
334 119
443 955
132 768
119 810
194 535
280 54
195 363
123 548
354 299
281 157
267 38
390 650
240 46
230 899
414 622
297 831
221 987
224 51
59 781
212 103
204 783
180 403
321 485
128 292
159 560
156 952
231 331
176 333
365 49
88 50
96 524
152 157
430 345
99 749
329 299
415 222
237 500
181 904
447 314
72 185
80 980
129 702
272 114
326 474
437 986
401 375
283 729
295 8
349 238
222 646
239 769
173 862
245 150
331 625
231 750
339 337
378 28
95 135
82 536
57 384
64 360
129 556
41 382
211 449
356 240
197 248
158 94
80 719
358 906
280 30
443 789
420 198
211 254
267 784
32 513
161 705
144 908
424 866
193 823
118 350
318 304
341 825
270 622
359 967
338 577
429 784
280 888
337 792
363 481
47 761
312 513
217 554
341 645
407 405
59 373
433 337
268 162
423 55
212 880
262 353
317 396
98 941
317 203
246 598
321 852
394 519
63 332
139 486
265 864
199 725
424 944
306 185
448 606
119 260
303 818
93 34
60 771
95 344
366 579
361 909
210 846
278 564
39 929
96 509
167 769
107 753
390 717
60 987
64 833
345 600
207 614
159 885
403 323
75 310
196 453
178 255
178 749
325 645
252 109
347 862
37 659
251 940
2 28
357 605
359 482
204 482
325 975
310 350
10 289
388 499
96 553
278 531
238 268
84 415
158 322
93 371
114 916
12 158
150 192
287 941
235 694
386 52
131 395
423 224
396 660
398 970
431 306
68 95
88 394
46 642
378 545
153 693
393 347
431 528
361 31
234 978
27 482
12 394
364 671
30 468
150 166
79 289
377 740
261 829
235 738
447 916
152 948
381 751
210 985
303 727
276 51
182 189
93 874
286 763
400 893
422 492
243 826
92 656
61 529
123 235
123 801
21 910
291 160
413 597
391 641
333 78
43 700
248 283
321 377
359 927
383 461
184 492
199 635
427 603
201 439
127 121
369 81
271 489
15 379
298 434
162 495
203 983
25 129
60 691
239 1
424 172
370 315
272 207
438 390
356 489
430 977
337 222
132 15
49 648
382 660
420 593
156 202
90 831
245 99
191 147
432 875
96 207
101 392
128 280
7 536
383 332
49 705
172 845
31 241
292 505
333 734
267 552
225 731
120 226
251 231
364 302
316 74
354 887
283 894
157 469
144 50
439 490
152 545
258 908
46 593
352 859
326 747
3 476
374 557
416 363
224 965
301 516
426 892
359 225
165 666
126 780
419 438
47 115
342 486
329 807
215 485
88 517
425 365
37 173
297 894
43 657
118 7
251 776
354 116
358 349
58 682
240 706
86 697
366 574
395 576
53 507
31 716
393 877
114 732
31 115
388 226
302 871
450 790
204 81
341 3
276 744
92 969
403 699
351 830
89 725
444 665
390 218
56 121
19 202
135 330
178 943
75 584
342 475
422 712
158 254
4 701
218 119
183 119
44 932
225 470
338 945
297 421
110 255
276 669
242 643
417 546
232 757
450 477
74 158
129 816
386 267
439 526
283 895
234 817
10 536
331 528
48 182
33 85
173 187
4 94
19 138
408 975
403 858
142 235
349 148
423 254
317 275
322 795
56 244
355 532
397 135
353 242
133 369
120 23
100 524
393 164
108 637
35 138
176 114
155 998
309 895
22 398
125 163
38 401
284 393
248 924
236 41
265 602
297 772
445 151
73 347
248 134
153 624
209 156
274 467
284 211
70 513
260 371
431 658
362 594
227 953
69 557
51 807
200 570
123 640
133 451
299 135
41 528
321 814
179 974
201 693
264 148
49 339
376 551
131 900
221 429
341 641
174 737
272 905
380 486
262 258
146 62
156 768
30 964
341 379
383 615
65 250
391 500
352 444
160 336
178 307
317 743
199 871
204 311
330 131
15 726
103 173
121 54
82 737
358 505
297 136
393 618
316 667
90 67
150 743
278 932
6 1000
307 189
19 723
47 637
108 298
263 738
322 168
343 560
171 963
129 532
181 45
346 104
403 405
192 319
96 959
114 791
237 404
232 158
11 579
32 672
350 646
115 23
369 980
223 809
330 476
233 295
328 866
50 18
373 86
362 828
115 828
173 215
362 663
303 753
37 468
248 257
342 182
441 137
338 956
123 966
428 561
183 98
373 609
359 568
82 334
262 658
108 397
444 594
377 778
297 57
299 192
329 857
404 485
428 351
144 416
113 307
171 162
447 243
240 94
107 198
123 852
230 935
225 620
7 803
334 961
18 937
431 424
325 701
281 598
85 464
45 567
17 303
308 916
246 874
33 152
173 640
442 109
335 145
232 124
375 978
207 358
191 302
432 204
202 824
377 49
352 563
118 458
381 127
385 667
251 781
368 16
414 480
227 766
302 885
106 148
381 426
171 849
360 266
444 368
51 289
3 928
164 533
238 803
121 37
129 556
281 29
182 941
148 919
127 557
389 905
394 62
410 468
148 694
169 38
55 64
424 619
44 855
268 148
58 729
240 783
14 25
229 357
389 667
425 584
424 768
276 1
348 473
317 803
13 925
188 618
209 622
86 504
290 960
353 460
385 10
370 809
299 40
82 200
407 401
66 939
98 206
53 709
198 641
248 659
317 327
309 487
204 174
420 608
120 730
195 483
236 872
444 241
403 66
365 193
91 710
377 311
80 185
369 894
63 926
384 900
449 148
328 6
413 245
445 4
162 522
12 214
300 707
126 580
214 356
105 171
208 765
171 724
116 832
397 316
400 428
315 398
205 41
282 125
329 561
448 420
220 740
417 880
33 513
348 665
76 91
43 118
11 18
141 673
303 912
292 275
25 276
431 815
372 463
194 384
98 335
156 742
361 103
290 265
188 828
360 317
169 511
7 837
332 16
212 736
342 798
218 674
274 561
77 142
72 458
31 980
406 651
384 693
410 875
66 912
335 615
228 796
361 492
117 460
226 932
29 445
405 596
289 133
182 713
175 714
236 930
56 340
396 926
403 902
154 113
218 371
112 464
376 199
324 420
187 231
366 580
224 558
209 489
43 634
120 122
436 329
154 250
392 276
216 773
262 269
170 996
292 170
346 611
360 470
350 929
363 161
209 198
244 150
127 110
197 35
386 548
163 766
287 513
83 156
226 275
222 115
442 462
397 869
406 841
365 482
162 521
241 50
428 432
396 81
170 173
207 972
241 141
316 767
189 167
215 185
61 933
335 579
387 815
157 389
219 164
430 75
24 248
52 110
11 181
136 206
207 431
407 982
201 859
90 873
235 396
299 316
270 646
76 142
274 159
234 113
126 849
344 198
300 857
304 568
72 321
43 293
308 952
208 897
309 910
186 730
345 491
382 999
139 785
287 119
229 611
298 523
388 808
421 493
3 953
203 361
95 762
10 974
404 488
71 15
171 224
43 541
248 666
35 106
390 727
423 49
438 882
385 776
347 211
5 233
184 841
411 40
370 428
2 153
318 236
28 772
88 81
57 597
210 1000
22 295
398 401
22 171
43 235
163 46
253 845
217 671
24 660
263 179
139 965
27 249
299 538
229 14
276 95
262 881
286 728
284 380
170 218
140 151
83 205
347 36
34 576
205 515
110 118
154 701
392 983
259 826
49 812
405 437
333 114
323 671
114 528
385 581
277 876
178 54
197 657
311 334
75 122
45 540
205 506
169 268
301 370
320 23
257 124
450 503
229 136
348 678
276 624
210 73
418 967
173 696
413 232
172 251
215 361
272 13
305 873
256 224
320 200
251 483
405 687
199 516
248 34
15 99
332 688
265 648
153 242
237 799
297 811
336 52
348 860
385 350
318 70
316 898
326 857
161 631
440 723
202 154
447 965
233 611
288 632
325 618
311 6
148 864
434 532
220 845
184 630
60 831
70 347
302 559
353 635
53 856
174 88
295 766
336 356
263 9
188 562
147 472
202 12
429 520
128 803
48 115
241 528
88 16
208 438
359 574
32 25
368 901
407 435
166 552
393 903
319 878
10 572
341 232
445 973
110 98
377 160
426 597
330 41
89 572
47 191
17 149
307 846
176 567
256 430
362 131
94 398
265 98
101 476
235 658
111 530
282 396
345 497
201 232
213 140
1 707
94 238
297 567
106 2
45 557
255 518
364 493
299 157
58 472
22 205
18 377
258 39
177 649
194 6
406 157
91 495
79 580
365 574
318 901
228 842
219 185
156 624
21 802
114 734
410 331
104 217
340 863
224 100
10 507
35 518
201 203
295 575
242 932
65 196
138 105
164 603
111 148
216 243
6 832
237 35
306 299
433 640
344 394
23 666
321 658
188 933
167 634
55 882
374 884
156 720
20 216
427 616
210 917
13 315
238 358
339 568
224 208
82 385
370 783
144 126
92 449
77 746
277 125
286 267
433 569
375 854
237 810
374 136
89 500
362 963
251 350
303 895
336 34
373 76
369 805
192 665
164 891
308 996
263 54
288 800
322 393
138 189
180 73
153 389
386 309
335 308
343 626
30 917
133 261
200 204
415 994
258 267
100 16
201 662
129 622
9 732
441 63
43 726
185 53
170 769
128 30
91 741
426 696
132 900
153 537
441 360
411 816
190 959
302 545
7 515
77 238
234 722
301 962
227 878
172 938
51 617
287 709
83 969
373 310
389 864
40 899
293 967
243 461
216 723
387 187
105 380
441 589
90 925
58 233
45 782
232 243
308 312
407 683
281 688
407 597
70 334
217 339
422 753
274 491
124 359
159 482
387 261
379 250
48 68
239 545
344 954
23 962
9 525
42 340
270 983
35 663
415 395
289 375
139 566
403 356
101 853
189 398
327 323
427 826
293 184
165 964
27 809
324 739
341 692
388 150
301 714
283 492
255 577
408 941
105 265
156 445
143 873
379 628
378 420
309 64
25 356
279 684
130 27
307 316
379 391
114 792
247 925
376 743
61 832
295 818
143 554
60 48
422 991
155 663
76 587
164 428
6 308
183 801
179 277
305 591
331 10
134 533
375 230
257 775
437 477
387 887
356 301
417 427
209 140
119 392
449 907
30 916
191 442
155 145
159 45
101 282
222 544
350 46
224 673
420 221
357 276
108 130
219 965
94 789
32 695
246 995
342 427
388 972
425 933
66 814
263 754
121 331
69 268
158 954
128 554
412 376
114 842
146 616
450 382
23 412
10 11
312 379
164 628
27 481
46 381
260 782
105 406
258 744
18 890
90 912
361 270
90 156
307 615
177 203
239 956
359 170
306 465
273 920
43 293
338 680
277 973
302 724
43 128
70 69
258 2
253 471
7 995
129 186
194 554
45 115
52 473
440 505
193 539
229 310
118 632
306 551
353 982
90 65
11 447
390 198
182 67
392 737
380 432
287 96
207 450
310 623
141 864
274 687
265 876
38 352
187 692
115 991
152 444
293 502
77 888
199 794
114 34
378 278
154 304
185 561
411 25
106 901
210 327
450 765
68 436
436 544
154 473
2 709
36 470
268 561
104 688
229 874
16 558
134 720
319 531
45 821
380 322
51 921
178 884
322 601
190 817
145 358
345 190
417 908
189 450
96 622
213 706
322 227
88 754
374 454
38 354
36 95
416 488
187 217
76 226
300 712
350 504
43 204
425 499
223 247
295 538
278 38
182 529
36 755
260 649
241 49
411 985
351 772
317 178
416 984
407 795
240 366
274 757
97 433
449 470
47 115
301 254
1 639
430 261
441 359
79 971
111 69
265 784
408 473
267 844
34 825
283 350
100 601
94 258
52 601
27 398
7 16
131 826
90 987
436 346
161 381
449 673
39 52
107 808
222 918
237 372
180 3
73 341
358 726
105 87
179 176
413 653
419 117
139 270
298 574
312 867
369 462
227 712
257 114
267 346
93 961
226 543
13 272
62 63
38 85
60 739
420 751
284 43
188 739
119 736
51 899
221 490
198 736
52 387
244 994
418 62
53 103
120 281
269 745
176 985
67 684
85 719
92 470
283 26
86 112
58 872
120 302
70 469
316 819
411 847
299 264
447 309
13 879
317 947
24 61
174 340
329 585
106 718
362 404
300 6
305 939
6 872
117 145
422 36
2 457
23 226
174 766
55 801
170 471
133 96
64 551
299 392
16 661
255 929
317 969
334 312
188 3
56 306
235 123
443 788
178 595
372 68
44 712
302 950
162 145
303 322
171 260
221 409
40 204
157 52
383 698
236 232
242 349
254 183
229 643
385 386
205 773
280 836
276 595
223 563
124 594
308 170
60 977
266 563
34 275
153 828
187 53
216 460
157 430
186 596
31 720
197 688
10 512
388 205
274 266
228 565
174 380
26 248
305 339
32 159
367 285
450 288
282 565
397 420
240 108
174 828
356 319
292 700
28 80
49 866
108 64
440 665
217 911
215 392
28 723
218 506
368 442
262 277
416 142
129 719
172 482
313 303
12 312
118 508
197 293
49 949
258 771
90 339
60 589
373 87
68 790
18 916
