1500
3 861
374 787
323 994
282 547
256 971
235 227
119 910
10 26
92 961
217 171
25 175
56 915
35 840
178 778
88 347
181 298
109 543
20 593
356 290
333 794
321 350
112 128
85 65
328 59
33 908
69 822
172 313
152 440
103 966
258 484
148 991
353 66
359 995
181 955
333 625
188 503
303 958
138 606
246 820
53 353
47 662
19 252
50 378
100 628
314 935
361 993
290 329
374 309
233 670
93 749
271 420
34 301
197 974
143 496
347 30
80 281
351 832
241 373
331 475
217 832
202 486
203 120
364 12
120 785
186 645
231 735
250 793
82 468
221 957
309 446
168 33
111 659
102 306
120 818
257 588
274 482
70 27
220 90
126 458
374 376
172 852
69 829
42 81
293 985
302 456
124 671
127 156
367 104
280 38
256 714
37 418
355 278
165 454
141 8
117 249
243 114
313 328
66 545
134 823
314 945
149 245
237 433
262 776
359 656
270 368
116 230
341 969
258 421
150 459
10 805
11 431
127 708
335 853
39 744
42 782
177 585
228 447
205 606
263 891
216 309
121 538
85 416
353 522
18 236
374 642
178 555
267 619
119 799
205 161
246 876
263 688
85 98
257 395
374 957
302 550
53 504
100 318
71 596
174 401
46 612
277 799
35 433
210 443
1 721
174 158
31 497
30 78
369 822
228 772
336 491
351 356
372 810
33 329
272 41
53 26
337 231
10 200
122 983
118 863
117 387
177 349
54 773
140 601
60 903
240 492
121 315
161 724
67 884
254 639
177 458
147 288
2 72
30 841
333 605
157 933
100 870
292 346
96 17
109 107
80 817
365 340
339 30
56 297
313 577
72 377
90 676
247 722
65 351
310 266
112 378
267 797
7 29
247 956
367 993
86 594
373 553
54 934
278 310
173 628
112 356
125 574
339 886
201 210
237 970
300 306
43 641
2 821
54 285
25 192
271 618
52 387
358 758
174 658
321 172
265 931
11 650
217 913
48 841
103 819
58 237
113 520
87 525
354 180
39 482
336 596
37 682
14 570
188 149
133 361
114 495
341 795
350 45
100 96
186 800
326 284
199 643
40 906
239 196
186 810
59 120
199 54
262 851
226 430
91 935
338 297
288 722
121 388
331 964
52 88
301 86
110 54
30 259
123 203
173 636
351 834
45 602
186 462
224 314
51 79
116 348
219 159
286 522
13 791
79 796
196 46
366 451
133 544
69 790
294 910
335 617
280 309
313 328
7 929
267 712
250 886
55 897
184 902
30 485
23 11
249 367
169 236
129 263
238 607
316 182
44 73
193 217
335 233
2 927
259 416
259 923
200 427
7 269
64 221
246 518
133 30
294 517
123 368
257 193
84 800
230 983
191 861
351 586
280 875
170 822
176 441
10 167
137 257
232 20
258 822
3 586
341 885
70 434
143 720
174 158
36 281
154 476
280 116
332 616
179 159
102 516
96 537
53 913
239 534
118 792
333 77
107 870
81 155
176 816
77 589
205 255
18 865
134 933
352 375
165 346
284 804
136 829
147 440
242 861
153 394
45 859
136 974
368 901
154 142
214 110
202 290
130 251
131 856
170 555
93 979
276 210
125 456
172 361
204 788
373 326
89 492
51 95
301 414
356 43
21 7
185 254
344 189
13 803
345 463
18 976
265 732
298 163
129 861
33 235
158 274
233 827
129 254
309 773
301 154
206 817
107 436
295 330
166 723
51 648
128 347
308 75
309 433
143 544
345 695
100 576
321 612
314 973
2 416
286 557
150 820
256 691
139 49
71 156
140 132
15 572
48 25
233 685
93 934
345 676
11 550
148 64
70 350
268 189
128 374
235 370
118 975
339 162
294 162
54 595
261 911
364 993
204 282
50 634
369 9
300 988
75 448
98 761
180 197
135 248
183 568
326 319
211 72
19 386
272 209
16 830
250 967
64 982
134 932
234 329
127 151
322 270
224 18
3 55
185 372
261 825
190 404
318 365
161 397
257 853
347 265
122 201
147 12
184 814
329 934
194 759
98 424
297 876
250 686
24 184
115 640
268 723
356 199
348 671
355 31
214 717
262 397
176 815
47 233
123 266
207 74
112 803
357 624
185 188
9 656
179 21
90 19
134 555
239 735
273 961
189 558
83 439
3 626
133 766
222 235
291 170
96 949
366 628
247 760
269 119
292 702
326 405
74 276
73 807
161 745
74 490
258 429
319 397
109 262
238 33
20 785
72 341
117 58
292 107
202 802
151 232
368 464
296 408
8 112
339 964
46 625
199 108
141 790
287 284
240 594
52 566
250 628
276 122
19 679
233 317
270 104
157 331
126 467
65 563
275 1000
124 908
361 499
86 742
55 6
72 963
315 232
325 351
260 782
307 861
328 500
30 890
313 19
27 710
356 495
361 940
51 226
6 270
314 80
355 683
307 142
167 365
264 135
42 446
37 215
358 737
121 313
169 245
188 533
319 401
257 849
289 897
15 714
258 271
75 868
234 713
268 551
142 59
182 130
184 780
337 426
58 120
203 799
285 884
79 67
98 433
316 16
19 346
373 957
295 77
16 226
1 593
269 843
210 81
241 740
183 194
101 383
68 720
186 695
23 429
208 768
238 486
141 110
26 507
167 278
240 76
211 291
18 495
313 21
281 431
353 692
119 515
338 622
58 76
172 512
352 722
219 751
218 918
235 959
260 408
39 249
144 742
178 302
230 23
164 838
342 646
272 648
365 873
221 234
365 999
228 309
108 525
142 693
62 391
268 463
68 346
18 64
242 602
270 390
211 72
1 912
159 772
337 548
339 575
219 798
349 652
336 396
184 912
119 281
361 377
278 341
172 630
226 999
100 493
91 423
315 234
360 990
182 85
315 680
304 348
14 269
307 874
319 261
241 364
264 434
146 952
75 400
184 194
347 514
360 441
246 410
178 685
10 5
353 510
246 934
290 108
85 111
105 307
140 57
291 442
315 659
68 694
118 410
202 802
48 108
1 60
290 79
265 953
283 21
228 339
205 78
176 580
181 777
66 174
201 197
193 319
266 263
9 179
99 325
53 494
244 637
304 943
177 473
375 868
313 412
186 530
22 881
11 489
12 934
42 677
346 342
58 35
50 290
144 768
171 631
218 897
43 799
317 113
291 459
305 75
205 808
287 430
109 77
14 766
57 310
327 333
50 315
88 135
372 20
264 670
102 342
273 395
211 854
110 40
98 320
276 319
1 332
324 274
360 187
287 344
220 670
307 1000
213 908
85 768
316 6
343 683
183 357
226 637
294 345
279 586
328 886
4 875
192 932
54 242
132 822
90 844
73 207
312 874
194 357
151 24
107 819
119 920
3 707
157 277
363 780
339 386
224 189
256 817
224 619
97 750
348 989
340 932
20 185
125 347
17 40
201 602
64 605
338 466
300 232
95 770
150 106
200 445
199 813
56 831
255 412
18 739
262 728
220 965
7 547
53 315
281 195
87 236
228 830
274 512
76 670
200 912
114 922
288 751
231 451
16 956
239 206
290 303
78 406
203 712
165 731
361 892
371 782
142 609
165 168
226 755
325 180
15 399
273 949
336 345
1 783
253 900
339 649
172 543
98 617
359 776
257 660
334 687
141 743
55 452
267 240
299 612
59 371
167 385
276 793
194 407
228 502
309 318
264 111
257 468
82 980
325 811
141 222
125 363
346 785
235 436
236 968
100 970
156 204
98 65
59 326
99 83
67 622
69 46
193 253
21 987
137 751
292 171
117 582
285 706
181 58
49 392
354 791
335 721
21 112
220 598
302 989
306 383
150 659
249 84
142 789
57 361
144 448
25 742
196 211
359 262
3 430
115 82
312 776
350 163
212 18
67 895
176 28
211 997
229 325
3 583
363 150
78 405
175 20
224 399
341 769
369 143
136 497
137 784
141 301
1 36
28 156
198 200
81 532
270 30
110 140
174 809
283 677
51 833
253 597
298 112
79 122
135 524
187 732
57 124
330 595
131 337
353 45
365 810
91 411
264 75
305 306
138 547
341 972
110 917
46 314
161 940
64 410
353 834
319 609
339 693
98 262
257 565
118 727
205 126
60 49
159 639
59 505
339 818
47 225
298 777
211 80
58 524
90 780
13 998
307 585
24 964
167 308
2 406
274 937
113 340
73 554
5 878
115 403
278 866
160 533
15 14
114 266
85 921
367 166
172 153
71 960
357 699
254 90
37 547
86 438
276 720
89 848
104 128
289 159
39 285
35 436
164 2
30 604
68 141
175 929
13 478
21 555
185 83
141 205
220 873
233 834
186 268
125 404
235 324
43 580
122 768
153 470
115 536
360 243
194 590
287 602
281 798
331 682
211 779
188 580
9 454
77 787
4 177
179 266
4 356
294 677
80 612
263 325
50 631
132 998
215 65
72 772
258 114
235 42
305 566
307 855
91 895
144 902
55 381
339 468
13 772
342 453
23 488
179 691
348 240
80 874
159 984
143 203
160 284
271 450
296 730
244 406
259 713
15 364
181 142
29 775
265 758
151 488
353 522
93 349
277 885
211 830
315 688
69 229
97 113
24 251
116 386
174 397
91 465
239 292
161 330
321 51
4 359
140 800
159 203
77 736
309 284
16 975
147 957
78 98
19 608
208 311
27 365
71 353
279 393
168 34
317 135
195 31
249 470
266 990
315 761
105 198
55 327
161 41
37 134
155 357
375 955
92 350
58 519
173 615
281 958
165 643
3 226
348 14
144 104
161 864
323 115
221 563
373 7
288 517
107 219
34 191
214 281
364 268
341 104
309 653
191 616
337 98
82 773
220 571
189 799
108 857
91 656
155 366
202 873
374 979
56 558
200 315
182 960
280 889
361 404
6 733
323 465
321 23
297 160
63 717
348 509
160 3
312 822
163 605
79 667
286 48
151 436
214 867
366 750
64 119
127 186
220 947
265 964
226 806
289 497
62 848
60 511
224 549
272 236
25 199
57 972
65 187
352 169
178 470
355 595
336 800
15 37
369 557
230 141
52 646
19 96
353 738
191 779
216 337
306 878
275 297
37 988
372 995
257 89
10 963
363 526
365 596
70 291
337 919
140 16
343 82
129 999
107 144
80 872
246 777
10 805
79 885
209 64
98 864
108 1000
295 473
235 930
4 981
233 252
212 382
151 317
286 233
291 61
296 250
274 570
113 901
316 683
145 370
223 893
234 60
173 406
63 5
257 372
166 331
341 505
20 536
176 943
199 461
363 583
237 954
124 592
142 524
86 31
36 753
320 679
215 750
222 839
133 48
355 704
334 970
90 520
57 451
336 579
264 262
42 779
167 748
124 56
244 117
155 692
282 581
65 886
345 666
324 188
98 999
91 543
156 417
28 185
6 520
197 391
217 602
94 45
258 726
319 437
300 211
168 344
229 472
155 694
152 371
243 989
187 28
270 400
256 499
197 261
208 953
40 662
48 36
40 759
98 978
232 41
259 159
335 293
22 262
323 683
112 589
330 238
306 93
42 795
275 553
204 554
147 504
352 233
251 905
322 5
127 71
314 148
343 892
123 816
19 140
26 680
99 629
332 206
189 770
190 950
344 38
334 84
267 135
113 161
278 101
312 692
336 138
114 841
154 23
198 633
344 418
315 984
189 606
224 521
180 974
331 460
61 548
8 277
100 147
188 205
9 15
337 716
268 921
263 81
94 229
127 608
192 770
33 810
373 600
83 279
30 122
241 776
216 156
375 595
292 275
127 882
322 374
51 102
251 914
59 923
349 461
317 633
208 941
110 535
157 572
256 557
107 330
46 368
277 894
91 63
210 267
230 787
55 12
356 388
214 391
361 125
199 271
27 56
145 398
70 94
156 912
132 574
238 992
214 865
224 165
306 637
230 639
259 748
7 720
264 130
8 10
106 33
191 822
341 544
272 932
299 396
116 463
252 949
144 555
22 506
336 424
200 571
208 999
108 243
271 787
239 736
300 128
207 861
342 542
147 889
349 103
17 621
117 907
335 47
153 674
219 418
10 823
154 355
184 118
45 765
121 684
285 596
254 935
174 941
244 211
112 177
319 658
359 442
6 219
105 693
331 288
269 512
103 124
115 645
116 621
134 887
160 925
255 584
278 155
143 381
112 61
134 441
332 510
202 222
331 561
348 59
130 830
212 389
224 520
304 870
311 901
301 75
134 832
136 912
45 502
156 131
86 24
46 885
155 909
106 281
226 370
194 576
331 198
114 986
333 156
10 933
323 882
289 62
33 497
158 641
298 260
65 514
135 793
169 91
78 584
76 761
318 982
252 532
113 632
165 535
10 677
50 680
73 712
78 932
27 447
93 348
157 557
297 790
356 14
348 893
93 304
304 638
40 8
249 605
31 194
257 416
36 187
337 583
262 296
11 271
294 741
8 234
82 637
189 273
312 700
99 86
232 887
212 569
236 299
24 695
82 826
203 507
141 165
10 33
360 565
270 16
298 945
316 389
290 493
44 74
214 316
213 937
19 293
325 711
53 438
329 53
267 991
260 299
227 358
187 509
125 359
247 546
371 95
44 366
19 619
165 246
339 873
285 944
287 653
223 170
118 303
182 475
179 463
255 766
369 442
368 821
68 295
164 464
142 551
350 141
217 281
37 102
63 671
236 364
299 927
26 29
284 504
310 836
134 154
346 615
261 464
143 671
303 98
232 355
154 67
344 432
328 477
298 515
44 754
171 621
278 964
305 408
133 850
8 263
1 656
30 173
165 806
127 298
300 897
185 720
113 844
103 203
210 394
190 67
335 606
325 792
369 378
248 819
90 729
93 996
156 75
229 757
290 987
288 4
