1000
75 548
239 462
231 118
135 26
198 386
81 152
140 803
221 909
109 861
132 557
148 798
163 528
43 734
217 150
199 42
141 218
128 22
47 159
114 75
58 426
248 302
161 298
57 743
120 386
144 489
7 860
103 605
187 521
28 608
219 639
89 17
168 735
122 294
195 130
13 604
154 328
224 349
175 501
39 513
212 24
93 18
177 199
178 381
36 874
52 456
84 455
111 924
172 972
247 837
75 164
105 239
231 67
91 47
208 328
159 366
52 64
245 432
155 421
138 289
77 231
193 845
143 83
129 668
127 512
239 128
85 951
17 233
54 178
159 683
240 240
84 596
103 901
209 288
126 934
159 182
113 693
249 913
109 364
2 820
182 952
111 2
31 574
199 865
193 170
97 805
173 271
185 925
143 886
159 171
155 645
157 822
104 631
194 285
191 621
112 528
82 491
191 489
78 524
64 954
44 368
192 393
108 688
185 717
207 838
96 966
226 233
73 150
4 364
94 2
150 664
118 316
11 794
44 441
172 872
182 639
226 553
51 760
150 900
31 310
38 978
105 75
58 294
93 122
151 880
233 893
171 343
112 63
63 412
72 646
134 992
94 172
140 656
129 605
121 434
222 529
168 935
83 157
154 208
2 458
42 272
6 213
227 458
7 616
32 57
149 995
227 28
237 83
160 600
5 801
157 94
76 22
46 909
181 628
16 380
171 730
192 642
149 758
129 259
161 166
146 81
152 399
195 995
62 865
25 683
86 118
161 2
133 786
185 235
190 357
79 173
118 309
245 345
153 652
147 309
63 183
72 191
126 687
176 234
46 755
193 637
119 288
165 236
113 980
131 451
4 530
7 897
209 787
140 938
7 857
250 529
241 124
211 597
77 318
30 580
141 252
33 600
83 613
111 147
18 157
147 531
245 363
189 582
93 498
132 312
77 88
115 638
139 932
51 471
97 803
147 879
74 51
60 380
99 470
141 974
213 544
145 347
221 3
33 191
101 195
243 855
65 156
101 260
60 301
37 725
103 128
202 493
147 336
155 202
158 380
61 201
185 155
8 370
207 165
196 529
146 650
175 577
94 217
33 496
52 987
230 975
49 779
31 584
18 285
40 165
165 745
163 802
159 445
166 197
113 104
118 428
127 703
79 55
102 647
149 33
203 788
176 269
187 919
237 330
56 103
143 652
199 709
94 166
125 286
186 190
144 318
174 427
128 604
32 340
115 443
150 385
250 80
76 138
228 793
94 158
112 465
37 635
36 990
148 672
65 292
86 982
151 63
117 801
167 919
82 635
30 623
229 978
214 815
71 865
108 939
108 334
64 929
226 620
143 677
32 342
198 585
190 515
107 454
207 503
63 324
59 258
56 772
102 162
23 496
76 710
12 123
81 685
175 655
216 363
214 840
35 564
23 40
128 509
133 14
33 743
47 45
80 272
91 69
65 932
97 281
202 722
24 943
178 28
71 228
123 609
68 528
37 578
201 908
233 992
41 527
198 974
143 928
212 291
98 894
142 843
222 202
134 937
65 958
217 159
227 250
29 977
161 417
44 74
147 596
12 584
89 644
26 39
160 956
154 140
138 453
201 991
191 760
239 227
8 397
165 177
151 529
227 673
215 728
52 968
136 878
245 247
67 293
186 738
6 697
149 967
187 120
207 973
235 972
6 891
73 969
131 434
65 229
104 811
201 951
137 6
197 946
92 864
41 994
48 859
28 75
77 757
167 708
168 193
184 568
234 613
212 227
199 133
67 79
173 779
85 700
18 724
32 564
137 715
122 32
115 226
249 466
25 177
4 783
66 849
220 89
156 516
78 875
14 399
1 433
231 370
229 69
21 979
219 590
210 534
161 337
69 58
43 490
113 742
31 800
32 504
54 576
106 380
120 835
21 912
208 973
73 973
93 319
4 887
158 877
52 74
236 362
43 754
190 546
197 510
48 901
30 365
100 426
192 349
160 716
187 982
107 532
136 958
109 874
161 775
163 886
126 27
204 544
23 10
61 300
172 635
212 626
199 169
93 873
145 908
29 986
238 731
167 446
93 28
156 607
142 342
241 383
129 271
89 269
77 499
75 479
209 854
241 634
118 545
122 787
148 863
229 198
80 310
220 782
139 703
114 377
133 363
245 780
113 975
33 796
133 920
15 368
161 150
14 743
227 38
114 102
86 597
21 814
42 792
50 687
33 116
22 482
250 248
106 832
239 120
147 454
132 538
128 556
114 976
192 91
131 539
229 299
106 876
12 493
21 474
109 330
209 966
32 706
68 423
37 784
41 54
129 512
173 504
239 154
190 344
42 286
170 738
193 549
98 498
3 994
140 296
227 35
216 835
165 35
96 326
181 388
129 426
39 230
3 376
211 417
42 668
11 127
248 935
234 503
19 81
34 185
41 768
60 203
144 193
212 581
175 446
197 603
126 716
142 808
228 277
41 988
106 385
248 556
78 637
74 559
2 17
106 842
245 32
156 810
199 856
224 737
88 897
19 653
147 459
121 624
187 776
116 168
187 790
31 50
63 133
110 676
151 605
160 984
14 901
208 391
17 404
250 378
7 719
211 628
197 456
184 618
20 176
236 547
114 419
195 543
28 15
104 569
127 713
118 695
130 380
38 183
37 337
41 763
64 516
225 672
31 924
227 25
100 155
19 322
2 763
176 664
28 757
8 598
244 148
68 247
246 298
90 933
182 174
188 749
181 131
230 386
133 257
181 894
230 923
68 538
54 173
144 472
141 277
214 58
230 545
151 27
182 810
148 928
13 509
73 839
160 105
193 531
49 303
167 964
169 750
36 995
242 280
95 928
125 668
239 45
141 44
115 670
187 849
140 449
235 1000
150 608
167 290
70 77
132 588
99 246
94 794
9 818
120 334
180 870
15 745
57 815
54 181
197 987
159 18
29 313
51 586
195 401
61 300
106 867
72 816
102 644
87 584
201 836
3 186
167 204
27 193
124 716
187 558
189 448
17 9
233 681
218 926
27 143
25 576
33 674
151 900
215 937
190 234
45 492
175 917
222 481
185 495
158 781
58 842
167 989
61 129
179 481
78 988
59 105
29 375
184 371
17 244
70 631
161 1
111 424
197 854
9 499
122 773
130 545
206 806
6 19
155 426
167 193
6 270
195 540
74 467
61 159
165 398
153 313
122 521
120 254
184 972
92 596
180 195
41 505
200 687
191 249
65 63
142 174
17 556
197 348
71 102
10 367
140 826
74 425
214 867
125 379
197 953
249 99
204 655
94 72
34 930
171 391
17 108
154 985
202 727
15 686
101 53
227 856
30 480
72 872
152 11
37 141
210 13
168 906
181 70
64 795
48 593
123 62
196 581
13 526
51 15
200 349
228 513
226 717
36 168
142 531
100 324
212 714
7 185
88 549
242 636
86 39
7 330
107 66
133 142
204 645
152 577
97 157
105 911
20 55
65 837
137 551
140 270
52 646
180 151
202 755
139 683
210 72
182 528
73 854
43 931
40 324
201 972
57 200
238 650
149 978
131 423
230 124
239 133
132 923
127 996
24 883
1 55
119 277
249 491
171 152
120 496
118 51
190 862
227 567
49 999
222 819
83 844
70 786
234 430
60 829
49 39
240 734
44 941
44 405
41 187
248 449
177 463
85 183
101 384
145 917
95 221
129 940
148 633
250 485
155 151
237 236
113 357
159 92
222 766
60 709
24 274
8 990
128 207
168 533
170 688
36 859
46 723
50 809
98 121
219 585
50 891
46 766
95 326
238 205
170 642
69 435
37 442
119 759
228 694
236 750
218 965
41 286
2 732
62 938
238 252
132 667
112 953
59 783
133 667
41 429
210 942
134 672
132 395
36 715
12 864
213 531
79 844
225 837
127 655
63 26
65 481
30 212
110 301
76 323
175 37
88 881
29 263
117 833
150 742
188 19
233 959
176 350
149 937
8 679
98 81
244 896
13 880
92 283
20 823
1 977
84 972
78 912
203 353
140 442
169 542
7 607
61 398
11 167
221 346
29 872
219 782
93 769
104 121
72 901
235 905
139 589
245 277
42 581
206 814
40 958
135 799
230 341
12 971
243 608
160 971
29 413
136 64
225 27
227 843
192 884
5 371
77 250
6 767
169 881
90 25
87 384
174 965
226 301
132 434
239 874
28 869
57 976
25 697
93 971
50 527
16 367
209 856
114 900
105 67
119 680
193 868
229 772
142 508
12 129
213 326
171 722
96 395
245 590
223 890
12 52
6 150
150 213
107 362
183 69
178 794
60 845
72 197
218 839
24 436
155 428
159 716
79 116
160 764
205 105
197 587
218 648
221 396
83 96
154 554
203 281
250 602
145 338
229 403
149 835
213 258
181 473
42 748
188 544
101 489
78 577
27 531
239 661
49 682
66 477
14 670
32 783
104 503
110 848
162 391
111 665
193 978
94 171
159 584
158 729
180 141
212 721
238 787
176 341
125 588
90 848
94 641
212 10
192 282
208 473
50 165
230 657
232 856
15 219
53 878
151 265
245 355
59 364
48 232
40 191
23 634
