1000
82 21
159 545
105 511
94 201
175 726
25 426
144 94
249 299
247 429
156 904
186 739
83 502
190 783
95 920
248 41
165 423
139 632
183 945
91 707
212 856
49 330
113 282
92 338
13 135
132 276
150 317
212 217
197 975
32 266
36 564
7 154
128 441
15 423
93 50
238 83
173 92
157 100
221 112
81 513
34 638
62 321
106 899
69 289
145 2
75 458
74 82
154 699
76 798
92 37
107 836
166 19
86 163
120 503
131 233
143 233
5 937
77 398
249 305
143 236
61 931
37 476
106 22
37 89
187 1000
82 152
141 469
90 769
167 746
96 71
241 537
73 992
211 196
70 900
146 582
227 939
10 533
41 731
129 785
170 737
53 593
100 922
185 527
117 991
86 381
214 955
179 465
103 715
115 610
203 976
175 162
151 641
53 245
129 894
189 706
158 381
202 381
195 234
94 280
230 416
120 503
197 32
24 770
74 93
17 598
91 7
165 36
29 627
74 740
218 779
139 212
66 759
82 921
199 503
21 528
122 481
216 162
69 925
124 484
143 894
39 473
248 352
208 654
60 990
99 746
29 21
106 373
49 425
24 877
56 900
107 184
9 327
103 647
13 426
187 906
155 194
87 313
94 166
9 124
23 189
240 152
56 932
17 769
126 88
219 111
170 426
236 848
10 605
20 892
68 453
15 902
205 121
103 429
20 999
83 861
50 549
202 207
112 361
93 143
188 970
92 164
18 998
240 43
37 144
164 971
67 489
250 578
84 875
15 356
164 910
241 88
139 840
222 273
204 711
75 681
145 936
67 327
106 837
12 214
10 224
57 57
13 186
205 735
157 121
172 821
186 392
41 316
59 61
159 349
73 578
142 841
112 673
154 6
66 632
23 636
58 128
46 334
220 849
236 580
34 117
113 23
126 949
135 624
25 591
158 204
149 333
137 776
84 89
185 32
103 104
64 894
181 647
133 575
155 225
147 305
148 473
115 714
130 48
106 275
149 749
248 497
13 840
75 416
107 963
174 706
18 299
236 383
234 652
166 215
237 19
115 936
163 961
46 790
107 786
8 896
21 148
154 88
146 156
111 770
208 291
207 747
13 196
124 22
50 575
158 761
103 57
49 920
228 704
215 213
164 20
138 927
9 399
4 401
43 428
61 246
114 486
183 416
82 536
220 719
43 169
151 506
91 415
218 474
170 193
126 205
147 409
83 91
250 655
67 676
118 597
236 573
225 845
233 276
107 913
219 699
193 951
68 471
145 515
20 871
14 886
220 853
34 300
44 857
224 407
199 232
41 518
245 802
233 835
204 694
17 794
125 846
85 928
59 320
61 657
18 107
112 357
121 807
60 369
192 917
61 583
84 421
244 326
74 397
203 788
15 584
24 733
201 244
239 413
91 13
220 719
7 66
102 743
108 901
237 104
219 74
242 528
90 513
114 225
1 889
23 15
141 622
231 258
109 351
217 122
216 130
30 456
118 496
89 971
13 143
83 33
237 16
152 696
6 84
108 675
220 65
37 124
29 665
141 432
35 979
62 299
100 763
111 134
161 736
80 170
76 823
60 421
190 552
61 313
49 256
47 940
184 470
171 790
72 299
141 541
217 566
120 464
229 79
97 78
77 623
189 687
163 332
78 767
186 210
18 10
183 640
232 986
200 123
100 618
174 547
134 292
15 39
189 929
92 834
204 548
231 222
221 55
90 164
111 859
128 752
177 615
10 215
63 355
1 794
183 406
75 767
129 99
102 153
152 651
225 337
220 606
123 667
99 241
76 125
135 941
184 3
116 67
199 349
135 672
118 393
78 409
178 262
244 578
213 963
153 194
68 452
53 818
53 773
95 46
240 27
116 657
176 220
109 363
86 64
30 194
115 203
195 964
161 861
246 279
41 93
59 850
98 840
204 657
112 549
9 818
118 670
169 451
217 982
102 918
146 138
153 724
215 86
233 49
142 119
212 894
46 480
222 331
68 626
126 583
11 865
55 240
16 193
96 294
28 937
134 321
221 369
110 8
140 202
214 169
163 768
128 632
89 174
108 479
234 920
240 476
129 221
161 106
231 386
152 997
108 542
211 987
235 793
215 335
109 783
160 987
194 931
44 933
27 668
204 606
68 820
12 842
12 491
82 634
185 27
225 83
9 683
49 587
17 965
205 644
248 894
229 906
56 454
171 434
212 552
85 144
32 640
55 827
39 55
78 593
23 955
110 231
204 577
129 93
15 917
67 502
7 955
123 682
2 607
151 873
107 322
186 723
1 832
173 95
68 382
87 3
123 2
222 402
54 221
219 842
218 388
1 959
76 971
43 427
220 510
241 253
53 523
232 270
202 664
21 447
125 126
235 965
156 872
129 393
123 533
231 807
41 724
216 453
86 672
172 856
103 848
104 662
176 515
217 29
88 284
216 255
248 880
71 324
182 351
53 17
182 449
85 382
112 451
194 693
243 978
241 994
78 868
107 780
2 254
38 37
63 955
51 133
244 733
14 343
185 331
153 539
111 128
86 22
136 723
201 206
184 998
24 584
34 406
60 909
154 600
96 826
48 234
101 445
238 667
20 161
60 390
152 696
196 9
141 463
155 307
152 162
164 350
139 595
144 960
49 912
197 146
191 662
242 474
20 420
115 144
89 463
134 784
205 726
6 183
246 966
6 433
103 586
154 243
239 325
244 215
8 897
156 288
84 855
166 400
210 343
53 704
151 433
232 912
193 32
239 87
211 15
153 318
228 282
126 27
191 354
94 426
163 469
19 669
230 858
185 425
217 755
19 314
170 847
80 24
199 773
36 84
188 73
10 861
58 491
176 716
4 574
216 738
130 249
132 303
9 130
127 888
195 29
100 997
229 516
24 117
54 232
94 223
143 255
68 694
8 227
75 923
40 759
71 85
134 717
215 424
187 489
18 284
26 807
41 209
126 846
44 637
201 319
63 787
35 198
10 553
98 367
14 826
32 175
200 16
206 326
83 502
102 786
129 63
193 970
95 817
103 947
17 845
239 16
207 923
219 978
192 38
79 329
78 86
245 525
115 12
79 905
184 138
96 364
150 83
116 241
130 479
177 551
55 327
197 600
237 735
158 278
206 712
145 466
69 312
152 444
110 233
107 199
214 961
83 755
32 676
173 589
105 933
248 400
189 837
20 77
208 174
60 774
162 896
100 726
105 305
46 287
146 915
171 418
120 998
72 359
14 134
132 776
173 389
202 331
61 638
145 35
146 239
104 274
39 197
22 943
105 963
53 332
71 930
203 460
250 561
169 892
125 465
105 701
74 241
154 877
140 390
16 374
38 883
156 882
207 880
23 231
211 694
218 459
157 220
207 37
148 259
237 237
122 25
228 234
217 32
165 210
39 274
84 228
164 700
111 233
205 11
207 135
66 393
38 80
116 47
235 586
217 613
59 443
17 772
115 734
20 436
71 266
155 362
233 472
155 840
160 252
68 351
19 432
184 696
166 106
134 233
177 139
116 60
185 817
206 81
1 721
149 526
136 347
117 863
101 487
241 861
249 812
143 247
177 993
61 159
226 269
13 752
223 101
92 799
119 810
242 437
59 602
46 365
120 406
152 758
128 848
59 696
196 632
42 871
225 545
146 741
128 654
139 192
48 441
55 915
32 23
156 11
69 687
246 565
77 260
79 738
172 725
81 550
153 693
47 471
154 388
85 225
80 620
37 675
161 992
210 829
79 26
141 655
221 563
162 310
196 299
243 996
149 58
230 494
9 367
201 792
123 765
172 278
99 548
142 896
188 985
158 392
216 322
88 722
93 409
124 838
21 199
196 958
236 216
33 828
6 921
126 971
237 378
113 45
227 832
243 10
192 981
184 82
240 417
176 685
66 529
58 71
84 331
143 818
104 321
243 54
81 650
44 673
43 621
214 208
138 1
42 848
141 63
55 722
167 293
79 349
51 42
80 796
85 762
220 323
221 27
214 229
250 359
103 279
65 589
137 843
119 989
148 385
183 981
100 746
45 207
67 482
209 817
152 694
172 2
15 6
53 509
153 116
106 973
149 702
154 62
242 161
23 892
126 578
80 436
206 338
219 367
209 731
15 569
154 390
113 992
32 740
105 895
125 596
160 504
42 815
11 748
21 740
178 685
45 210
106 540
124 583
171 734
165 711
179 177
162 885
76 792
226 659
13 473
81 518
154 427
186 258
19 129
131 9
162 192
54 124
180 101
103 150
105 946
239 189
171 245
38 312
221 590
217 685
129 185
171 309
13 527
131 571
85 902
169 284
105 334
163 156
192 691
181 152
222 611
106 206
182 942
113 502
162 695
37 552
145 532
154 571
52 102
17 754
62 721
191 413
8 6
174 899
173 799
30 811
1 459
198 6
227 813
118 827
65 173
116 550
174 838
59 432
99 606
164 98
219 194
146 111
209 779
196 609
106 199
152 504
27 324
73 526
90 494
72 61
41 221
65 310
169 7
72 106
220 24
130 677
234 849
219 416
87 252
229 733
145 76
169 701
207 16
67 820
140 435
137 322
229 504
148 797
