1600
289 149
164 636
122 265
390 459
190 548
353 952
83 882
369 423
242 838
119 866
130 86
159 920
96 389
68 577
52 891
328 935
304 619
101 569
282 163
91 287
127 493
97 848
368 547
216 104
116 646
162 797
139 36
187 841
259 91
39 336
398 603
366 118
185 523
188 60
272 588
71 355
300 917
115 182
374 818
337 418
222 928
277 197
120 120
154 339
371 194
3 840
235 483
132 745
227 237
350 104
377 435
393 941
116 506
113 345
283 915
374 449
41 675
45 359
221 457
133 495
244 578
146 105
312 104
2 240
380 255
139 869
378 983
143 779
257 60
393 92
374 327
312 83
389 609
341 429
279 240
326 13
56 178
201 911
156 807
369 801
360 517
98 456
380 355
106 129
128 322
360 423
357 723
389 915
105 358
75 186
63 384
1 863
371 102
112 22
248 210
175 309
6 953
361 385
138 65
59 140
381 93
374 806
270 49
362 412
142 442
260 301
140 60
174 44
79 440
102 459
223 809
183 838
94 960
359 689
35 120
233 298
246 297
89 133
41 15
244 418
100 368
22 976
76 897
284 206
336 240
125 366
344 392
316 817
275 81
243 708
268 845
296 731
227 203
48 30
366 627
369 228
17 272
107 399
302 788
133 449
176 272
213 274
162 834
306 807
388 988
44 416
110 857
313 334
101 781
316 255
366 909
264 312
277 361
199 539
27 787
163 337
338 464
287 625
39 455
112 927
288 424
197 331
197 657
12 690
392 846
116 198
292 837
332 188
134 776
358 125
48 831
87 989
344 646
3 14
286 74
87 669
308 547
195 788
183 87
266 59
138 724
7 442
296 525
85 513
257 537
217 346
269 281
211 212
31 932
3 569
268 845
191 750
53 763
164 791
311 99
44 829
378 382
317 493
177 367
156 177
201 205
325 410
118 838
27 515
142 535
322 491
301 179
181 892
346 254
366 564
365 85
369 811
114 31
81 530
291 981
331 478
110 29
269 374
303 94
226 372
25 304
393 858
45 8
15 129
303 305
345 20
227 671
29 78
31 559
48 927
383 886
76 881
283 267
186 855
52 680
278 923
52 100
331 312
183 806
333 996
206 823
375 76
235 477
243 656
271 607
352 51
187 318
189 812
175 672
217 183
110 83
241 357
393 866
257 294
251 757
183 647
382 835
221 47
121 361
134 781
140 786
152 975
297 784
338 214
370 409
174 589
354 700
271 657
236 599
249 184
184 320
281 727
241 415
264 992
132 70
216 76
280 495
188 496
258 679
202 44
186 594
195 495
324 677
383 727
71 807
326 412
147 203
160 278
9 369
131 70
129 44
146 653
182 779
340 242
341 304
83 986
155 488
135 398
273 447
196 714
89 484
306 492
248 688
319 509
193 267
380 838
159 949
169 593
265 539
150 693
45 745
366 830
212 909
234 803
108 747
94 605
93 245
207 417
122 361
133 283
105 557
128 774
69 105
203 853
387 21
316 574
110 703
63 458
136 99
249 265
293 587
303 317
122 301
377 557
95 555
385 475
237 688
239 60
54 39
373 816
282 939
277 494
368 240
187 378
326 896
129 287
29 655
222 227
76 331
247 517
273 512
18 561
243 551
384 97
137 397
350 300
128 62
21 520
49 663
140 571
96 278
36 993
97 383
193 528
12 208
99 864
93 552
275 573
387 830
35 218
177 183
30 630
36 644
399 289
136 680
191 465
94 19
88 645
335 228
255 356
392 175
32 974
399 627
363 411
178 889
263 473
313 897
331 628
286 393
192 270
202 567
230 896
166 599
178 232
358 936
275 460
2 882
287 815
74 86
108 681
325 391
106 707
11 965
116 251
271 459
322 742
58 487
386 77
213 135
6 453
373 890
149 29
383 536
61 848
388 784
197 492
43 710
267 870
124 840
171 739
280 515
253 600
345 705
124 229
259 105
173 707
385 231
298 897
186 999
268 605
284 154
104 69
137 625
232 221
46 142
278 149
142 760
307 663
31 126
160 528
318 963
47 39
117 141
359 641
224 416
213 689
146 960
23 19
288 255
332 620
272 968
112 181
138 848
288 488
158 796
324 456
224 845
164 152
209 685
168 597
251 240
229 701
96 992
222 363
120 623
74 263
386 560
161 825
82 232
73 73
219 428
273 588
51 436
30 723
30 840
352 465
355 291
354 734
378 583
57 72
372 706
150 12
344 268
351 449
117 621
122 813
92 208
261 175
367 279
302 466
99 292
197 969
43 544
365 115
248 770
190 849
92 108
307 1000
14 520
228 581
9 416
48 922
75 470
44 773
338 538
301 376
215 403
71 119
184 341
31 788
31 265
201 24
217 446
112 794
398 310
353 288
16 788
21 99
192 128
200 470
164 730
131 908
19 36
323 908
239 111
26 12
387 419
246 720
247 850
90 547
78 182
294 315
62 463
229 899
266 213
301 433
362 574
121 286
279 573
85 559
238 723
391 363
203 806
143 558
286 341
14 673
329 935
381 816
78 929
245 575
80 898
288 346
215 1
122 990
260 711
331 393
60 523
107 543
33 483
173 920
172 19
33 927
171 37
66 620
268 459
200 72
360 603
164 726
22 147
299 306
398 109
116 711
173 416
86 818
44 785
166 680
352 354
231 481
4 224
268 690
315 729
345 20
228 71
172 796
230 203
223 90
245 233
184 950
129 567
137 568
44 701
96 272
196 634
286 618
236 203
26 599
387 900
24 389
119 848
357 35
84 590
68 778
229 317
388 863
213 825
360 795
363 800
275 298
299 936
240 565
27 835
106 505
59 458
82 884
385 631
222 677
186 449
308 762
280 614
280 241
40 149
113 573
49 600
330 781
204 925
85 973
26 747
127 198
104 730
204 251
145 628
358 318
253 392
81 618
252 839
146 104
192 324
338 626
386 19
176 541
316 765
24 309
167 285
310 56
290 74
274 367
127 60
375 623
216 490
196 388
397 324
321 498
330 967
83 913
166 757
278 467
280 805
213 247
68 159
395 958
71 14
394 861
259 248
102 233
51 96
366 158
175 890
390 379
199 985
68 142
389 835
35 17
349 33
384 790
166 13
51 451
360 406
159 955
270 686
146 789
192 513
394 428
237 474
67 616
269 495
155 256
378 6
302 557
270 593
73 86
293 680
14 303
124 632
193 97
193 100
10 416
173 518
295 818
58 299
352 872
333 893
153 63
382 987
127 324
12 649
96 82
28 634
376 946
151 490
253 716
378 362
94 505
33 887
118 585
386 652
27 132
359 895
294 771
145 852
117 180
151 607
265 780
79 540
228 940
8 634
345 730
64 877
375 337
123 482
150 858
312 721
275 995
155 892
126 801
240 19
12 82
54 577
399 598
294 472
148 23
326 599
312 65
345 474
295 268
386 954
65 298
317 307
257 492
82 555
301 354
13 677
27 657
162 676
113 33
31 585
296 755
64 140
277 127
315 300
194 238
229 459
187 296
55 639
266 301
294 701
121 430
150 256
396 11
167 753
96 217
366 277
325 19
209 316
123 792
63 775
224 586
321 825
380 810
80 77
146 776
132 968
17 548
157 569
244 403
350 182
279 829
203 740
133 250
79 455
301 733
351 222
384 723
305 692
18 806
101 361
71 92
15 902
125 185
174 98
194 36
53 865
271 966
357 176
81 312
296 917
234 446
268 742
152 112
234 915
375 407
203 887
169 125
295 251
110 293
200 219
283 71
148 737
370 816
325 446
301 99
56 488
344 613
342 853
369 162
246 85
304 56
38 873
287 406
244 487
277 146
173 903
279 300
134 847
161 369
109 368
344 84
45 980
282 897
331 420
247 503
180 680
80 139
229 385
74 952
56 508
242 979
118 994
36 544
90 153
134 355
225 427
299 681
45 362
75 347
18 558
66 6
330 780
361 735
394 784
36 704
9 423
19 697
253 734
375 985
193 454
8 34
5 213
177 98
65 707
220 324
347 781
397 243
18 376
168 830
191 89
354 584
398 552
163 424
364 438
275 138
39 218
190 489
380 25
167 1000
69 327
231 519
80 418
42 361
351 839
219 407
168 967
9 139
260 892
18 627
331 409
377 829
228 453
292 47
37 601
389 550
271 114
232 914
230 752
74 568
59 195
207 271
164 754
153 727
256 835
357 656
239 51
372 163
288 977
316 184
260 613
243 152
236 403
56 49
285 432
24 430
325 867
224 204
73 34
48 813
274 595
135 479
20 899
219 593
132 847
92 734
15 26
103 690
341 878
138 521
391 749
359 328
322 783
8 379
288 544
138 386
111 748
27 319
281 985
175 104
172 981
1 376
194 358
119 588
264 126
103 85
214 544
215 617
235 786
254 524
258 496
339 17
264 835
293 629
174 815
187 698
257 36
205 280
205 403
70 513
171 454
112 907
61 469
288 408
332 266
112 796
238 526
91 692
278 960
252 7
342 747
144 888
87 747
296 714
342 612
137 966
344 741
140 83
24 792
222 336
27 895
359 710
288 103
15 204
253 162
116 705
387 264
149 300
228 744
306 433
231 831
129 855
1 134
296 12
253 124
289 577
177 671
136 931
57 481
65 6
281 680
120 198
304 691
213 734
354 390
368 230
46 943
95 83
301 156
220 603
73 365
182 927
317 206
133 15
66 918
188 169
310 780
310 343
72 547
9 638
13 928
3 510
260 325
318 978
321 789
121 252
255 758
59 785
375 64
108 777
164 64
330 509
137 374
288 194
64 221
288 561
24 996
40 259
113 144
26 197
292 624
150 639
85 788
263 670
328 671
70 828
317 49
121 213
128 465
9 875
237 464
77 85
281 903
102 988
211 608
180 404
65 132
164 836
89 992
319 152
29 102
109 853
341 136
144 612
342 773
236 858
306 662
145 63
271 987
41 311
179 194
330 92
383 286
371 364
89 397
319 561
6 476
243 893
14 881
55 991
69 633
187 652
24 337
178 905
381 305
71 85
217 760
353 516
162 319
355 157
215 848
328 841
371 643
355 107
177 68
42 186
98 364
66 620
383 325
31 768
303 112
296 406
63 772
192 36
159 341
299 332
189 712
312 84
97 164
269 321
192 459
332 681
214 698
133 15
307 446
372 216
86 175
104 881
88 674
62 567
119 210
180 551
90 927
159 576
40 577
100 583
355 351
342 615
214 675
18 81
4 568
183 800
369 877
69 695
154 458
247 6
21 693
44 781
47 651
83 783
67 777
390 496
204 347
270 609
227 692
368 699
374 657
53 683
189 972
147 50
163 298
132 847
357 947
66 664
87 82
399 601
249 726
378 964
282 80
106 267
127 477
144 512
116 578
256 618
55 393
200 687
143 941
383 256
215 969
16 592
28 985
350 485
9 549
61 658
174 283
47 281
184 846
229 651
286 254
205 707
75 280
272 551
367 434
352 125
69 329
25 421
150 384
203 91
288 525
157 191
232 555
50 622
36 280
296 191
177 523
124 397
400 97
275 274
42 751
192 572
375 412
87 305
64 720
147 430
140 271
246 293
97 949
65 547
333 868
125 314
12 574
186 468
250 29
333 820
308 734
220 992
376 174
220 227
238 54
230 433
213 827
204 402
344 143
40 748
154 753
382 658
2 482
158 363
319 809
29 415
75 935
299 778
224 450
216 955
235 864
364 839
73 462
221 222
92 66
199 528
168 186
324 368
180 958
23 807
230 200
121 589
228 605
288 77
173 557
384 452
342 701
228 729
343 786
330 432
133 919
135 511
365 667
310 290
29 429
64 310
130 943
390 997
42 217
298 555
56 658
54 87
355 460
25 762
337 698
118 349
399 595
253 334
114 386
20 638
61 947
334 379
238 10
214 543
45 403
16 154
256 841
64 906
362 931
43 171
167 69
307 705
152 842
53 128
28 33
318 490
74 124
342 56
361 925
256 397
146 531
218 909
386 629
139 320
304 523
168 910
177 850
351 320
384 102
235 315
86 693
178 912
155 222
157 925
349 8
30 435
385 284
228 732
150 3
126 680
2 494
134 756
37 238
207 304
345 388
91 356
201 474
37 133
270 561
326 326
66 883
59 10
179 416
176 767
192 950
344 983
84 767
313 828
221 30
12 750
217 296
115 324
72 938
331 853
295 13
187 498
34 312
234 923
8 328
350 855
245 42
113 991
393 273
197 829
121 875
114 963
386 730
194 69
98 914
86 817
134 128
223 513
32 968
258 800
390 622
311 708
119 485
123 741
127 210
50 242
316 251
119 772
145 731
308 883
239 27
199 321
100 433
103 942
352 630
42 438
304 411
6 724
26 284
19 255
370 648
24 468
97 113
343 811
268 197
154 6
391 963
118 960
180 607
254 539
33 285
102 990
260 340
257 134
257 474
326 157
370 729
166 387
156 533
356 742
88 795
68 438
304 712
144 69
321 795
14 51
170 697
131 532
70 437
270 966
346 163
70 711
78 690
144 115
397 81
189 578
113 526
394 266
68 781
378 268
18 824
296 508
355 525
367 675
12 326
65 633
365 766
262 873
303 813
238 548
352 202
183 558
335 229
65 420
285 527
75 852
357 170
118 151
202 205
386 581
281 787
79 326
109 137
263 835
370 900
157 428
150 942
254 117
321 997
121 223
387 471
236 775
233 846
298 748
4 387
273 81
8 695
271 421
375 199
288 269
38 438
136 531
159 778
374 428
60 273
111 923
96 814
106 867
193 69
80 253
163 369
206 456
128 556
117 866
53 285
373 930
275 275
360 225
383 112
277 870
329 849
335 660
174 193
24 829
18 641
249 195
174 897
387 659
364 32
149 177
222 912
27 25
27 44
214 679
221 437
165 823
365 193
378 552
393 173
21 499
151 683
9 745
324 578
387 279
211 614
81 858
376 673
328 934
131 601
247 799
73 935
218 1
58 869
247 664
228 25
19 353
165 544
48 822
33 400
366 100
63 879
115 475
165 849
64 179
242 608
74 61
252 744
150 337
66 333
164 539
86 284
250 720
180 828
40 150
243 41
35 658
130 237
106 429
270 60
320 675
285 227
302 888
377 280
226 462
19 245
135 848
195 230
195 902
90 217
67 78
244 849
118 224
15 300
310 673
34 377
291 414
330 760
34 847
104 917
103 125
45 940
210 198
339 730
168 273
145 818
159 218
335 241
71 550
260 169
316 141
299 520
341 620
84 337
58 570
268 751
50 482
72 972
359 977
211 364
63 490
131 517
261 708
157 993
333 943
131 49
83 982
168 966
387 176
223 180
184 606
211 331
399 945
96 810
245 171
182 578
101 110
135 858
352 811
