1000
195 233
66 331
186 529
85 194
178 663
168 850
14 794
121 111
96 763
42 324
37 506
224 34
249 839
15 207
49 458
202 650
91 579
120 597
221 424
137 125
206 964
104 801
154 566
104 313
233 578
1 243
42 810
59 113
56 961
134 619
98 165
16 717
65 972
174 965
29 633
26 982
91 798
25 566
40 589
73 700
196 241
100 983
241 524
93 981
111 98
29 249
242 269
5 850
79 24
235 217
22 615
122 626
189 591
177 477
71 627
139 871
170 512
121 125
182 528
164 952
167 457
198 590
73 34
55 697
160 237
10 336
169 517
185 881
221 157
239 56
83 994
110 351
230 524
87 105
116 359
14 588
248 444
36 874
110 383
26 163
7 381
97 922
78 900
85 154
178 222
177 962
205 623
60 933
242 449
213 3
216 362
149 15
144 648
41 588
46 241
78 427
241 753
149 340
228 231
2 938
178 88
178 362
242 338
61 644
249 324
217 341
205 588
115 963
12 431
85 155
44 494
215 240
25 487
17 530
105 766
126 185
189 993
122 745
172 908
29 24
66 219
243 893
206 646
116 806
178 364
156 919
77 655
49 224
157 338
195 753
132 714
84 408
186 562
26 599
43 530
182 397
124 854
113 612
61 733
181 720
102 76
227 716
232 474
19 279
173 560
236 114
14 140
237 701
64 240
172 967
219 619
248 170
151 173
152 119
164 613
179 271
20 855
126 744
219 456
135 188
154 521
84 493
131 616
170 757
235 609
121 26
105 757
2 429
50 376
12 964
181 138
49 974
174 545
91 745
5 440
216 378
108 659
211 342
91 536
202 267
153 29
132 439
232 82
180 306
44 13
101 553
91 400
213 207
228 672
216 640
242 454
88 991
63 49
139 527
203 54
136 137
88 681
155 998
28 164
114 272
140 887
37 712
122 407
49 110
81 750
183 407
216 776
231 850
238 817
162 317
136 525
218 384
130 69
96 582
6 524
246 960
201 127
226 933
134 976
94 444
19 610
84 465
156 118
181 541
188 649
17 642
112 325
150 851
212 571
188 273
29 989
72 628
170 580
219 512
125 156
171 526
95 716
235 625
112 550
55 709
31 580
119 18
13 207
134 552
37 790
18 139
128 316
237 827
100 677
159 986
83 67
92 697
110 739
121 275
57 528
42 451
182 597
190 868
54 602
250 767
82 642
9 945
85 217
31 67
24 32
245 12
194 729
200 615
148 419
152 327
64 676
139 878
224 88
212 655
110 607
73 620
44 663
177 537
115 117
10 128
229 415
193 345
235 980
91 918
96 401
19 531
149 696
31 541
181 525
145 805
3 447
230 291
184 810
17 109
198 382
74 249
153 832
125 569
26 835
197 778
73 157
46 170
16 835
84 818
55 359
145 872
37 334
224 528
164 498
216 358
232 153
85 229
250 630
62 426
93 783
170 31
135 376
123 20
176 192
98 686
197 801
221 907
173 620
227 631
201 969
67 942
76 369
148 827
152 891
27 957
116 784
201 373
178 469
18 223
62 356
211 397
29 595
248 442
3 973
231 587
192 411
74 195
92 878
232 542
109 71
205 517
95 212
12 611
205 860
159 350
92 948
52 676
70 923
14 696
97 685
153 585
15 652
69 593
82 579
57 770
20 902
216 42
219 201
129 463
9 343
69 748
55 721
219 42
31 624
193 424
197 933
187 804
209 316
13 53
205 245
157 307
242 861
123 619
60 208
46 872
63 141
100 896
166 48
214 787
41 652
75 901
113 675
157 320
92 887
223 266
45 685
221 276
62 608
35 608
114 418
138 326
243 411
108 299
135 400
157 952
156 62
152 476
242 626
37 559
140 7
86 154
128 850
23 930
142 215
97 650
233 329
241 186
115 482
102 895
118 250
87 940
49 256
74 957
145 61
7 265
228 432
109 281
66 994
247 565
176 668
6 648
149 519
243 499
55 290
179 485
113 465
194 524
10 60
209 771
40 679
27 43
51 901
111 246
15 548
148 212
248 523
67 570
110 68
9 270
204 879
97 624
159 871
131 826
249 698
75 394
227 80
81 199
68 173
35 502
116 707
106 917
139 616
191 468
247 59
15 339
161 864
174 807
58 811
41 328
20 92
173 955
76 433
181 176
60 65
92 397
156 668
7 507
227 159
194 962
247 515
115 899
106 565
12 932
99 903
49 767
90 101
24 158
185 401
54 566
123 900
58 142
10 304
196 587
221 126
148 650
158 383
57 209
31 850
220 285
229 864
221 967
130 358
100 46
170 386
2 800
71 46
158 514
207 265
43 86
101 859
223 322
188 838
216 262
169 349
114 16
152 353
123 143
188 948
67 590
149 886
66 438
201 711
30 537
243 697
119 783
180 754
4 754
137 609
10 304
236 919
54 705
25 705
22 14
52 151
90 883
19 310
243 971
237 102
62 826
68 663
60 349
219 271
23 502
57 266
245 732
61 5
152 850
205 970
231 355
249 55
11 239
170 217
193 422
140 86
154 455
2 862
29 426
10 335
34 78
211 485
230 388
56 106
148 598
109 194
14 621
218 145
5 89
130 184
93 344
113 768
81 775
47 977
82 743
163 74
152 426
218 687
229 123
12 288
139 706
29 163
175 911
198 562
60 964
96 492
234 469
249 523
241 655
125 495
1 869
171 129
73 260
69 677
54 558
248 957
86 829
32 704
99 959
12 646
101 118
206 867
130 747
13 575
3 782
95 127
170 790
36 785
209 723
206 847
44 627
173 71
67 979
189 508
57 781
137 851
243 482
219 943
149 713
68 138
215 537
120 117
53 264
197 147
32 119
74 704
26 290
113 108
211 235
79 793
32 335
250 252
93 810
207 242
231 222
47 676
188 916
29 630
208 707
97 51
222 397
41 748
80 158
177 39
131 925
189 574
98 603
18 857
50 122
159 377
183 23
50 969
134 541
248 48
238 326
70 197
63 705
124 318
14 962
192 726
41 223
135 561
155 310
229 841
44 636
48 914
160 519
106 137
225 271
100 755
109 495
59 990
125 635
242 757
78 27
92 434
181 634
16 933
149 727
203 712
63 10
186 439
213 946
220 885
66 179
148 718
24 815
162 805
31 567
245 139
28 372
169 367
207 703
127 145
55 855
132 359
70 636
187 411
39 110
50 354
125 791
128 581
213 490
163 20
130 968
63 40
191 109
132 361
74 671
201 967
238 515
117 950
30 296
242 254
96 465
118 949
40 383
19 830
124 407
132 429
212 143
179 891
195 722
165 455
226 943
229 623
194 396
87 444
238 424
151 795
101 988
193 351
103 63
21 403
119 94
71 824
90 154
242 829
135 264
14 805
84 251
78 950
178 613
65 178
211 118
180 363
164 103
183 307
215 224
66 791
131 400
100 74
195 258
73 872
151 671
38 103
64 504
25 929
218 503
107 356
114 383
164 330
245 496
172 219
31 42
245 684
29 5
120 546
200 714
172 165
179 169
96 618
146 940
67 103
230 986
78 483
15 338
169 363
66 742
50 204
11 60
213 81
137 704
186 637
226 317
77 574
216 72
50 610
196 322
137 867
39 688
60 541
200 917
68 478
9 982
239 117
146 288
130 52
186 67
29 321
221 231
236 304
158 671
39 887
240 339
169 782
21 92
216 211
170 257
211 926
191 151
161 958
206 253
86 743
175 270
126 519
4 422
129 924
41 510
29 101
103 261
208 892
235 617
30 627
187 478
85 934
70 530
67 757
125 986
76 500
43 347
66 89
83 320
37 62
221 238
123 648
238 287
41 744
163 950
43 630
54 963
224 127
94 448
64 511
54 642
30 423
72 545
17 872
232 808
238 198
107 703
210 32
228 589
6 716
203 439
91 857
126 332
105 448
61 520
224 579
111 352
232 395
179 659
150 883
209 172
127 825
192 260
246 238
206 140
206 309
64 520
83 280
46 530
220 257
146 195
99 422
107 704
200 346
238 542
165 439
161 775
21 569
112 517
147 217
189 290
30 545
189 752
155 123
95 666
179 283
151 740
142 610
129 126
84 613
110 276
132 27
171 203
96 229
19 646
19 534
188 970
117 586
79 177
42 411
84 796
93 454
19 670
176 27
171 698
197 408
189 231
149 847
123 703
237 794
220 182
217 954
140 953
32 653
3 401
240 405
133 935
141 902
67 16
249 190
194 944
227 301
47 413
161 198
85 451
225 839
42 154
114 814
16 376
45 898
218 367
214 665
163 577
232 102
57 15
134 153
11 98
228 670
210 405
80 891
77 582
190 750
198 372
75 822
47 181
117 686
26 25
44 302
183 66
134 744
96 894
51 156
30 34
170 931
89 756
155 416
100 858
81 988
29 116
82 816
212 874
151 842
220 100
85 295
106 52
79 767
196 985
35 201
199 24
143 389
135 122
233 15
167 719
138 187
197 960
77 196
245 882
91 47
135 13
10 261
107 213
145 752
44 748
94 337
96 877
250 930
72 657
122 204
105 577
2 61
249 65
12 343
223 803
176 470
121 728
227 379
151 79
202 99
1 142
166 468
49 912
248 779
35 596
