1300
281 38
266 69
227 104
167 854
168 225
52 745
283 596
304 824
224 29
83 357
5 580
97 880
245 986
51 711
217 598
224 94
238 258
242 627
210 947
33 536
76 395
215 365
73 287
94 463
54 696
171 640
286 832
316 361
278 307
253 208
177 411
66 504
98 630
126 679
128 38
39 362
41 201
18 785
21 977
53 668
224 591
290 392
281 25
173 105
283 346
296 423
94 670
176 553
247 414
300 253
100 766
55 961
194 448
206 140
74 6
231 674
69 938
37 569
246 967
257 681
135 22
319 800
181 884
12 621
157 996
308 694
179 434
244 224
63 357
315 133
105 714
154 387
309 961
126 139
200 769
261 990
31 333
76 534
305 462
151 487
93 684
15 447
153 685
197 982
105 627
109 724
245 821
117 921
275 996
96 347
291 868
244 640
222 167
199 85
55 476
91 506
97 419
198 483
183 182
39 965
13 408
307 665
159 819
38 316
27 420
41 68
63 640
236 937
222 353
229 667
78 541
74 969
53 340
307 91
220 513
145 524
76 596
101 453
233 552
258 109
248 287
97 625
64 295
49 743
47 788
298 252
34 984
143 45
261 386
249 121
189 883
150 430
275 165
77 577
239 735
316 405
37 480
177 384
312 54
22 853
206 262
79 904
84 538
212 304
4 343
325 173
158 193
214 738
226 916
305 435
266 265
33 135
207 208
144 632
277 328
251 211
302 488
242 16
142 321
39 43
4 417
223 831
320 540
143 952
173 790
130 739
76 307
3 79
245 44
175 48
256 900
210 732
293 295
56 705
10 965
225 394
64 240
85 571
97 390
130 752
295 89
239 348
133 492
274 112
39 516
271 678
266 124
297 165
269 955
26 263
294 130
57 992
64 376
90 288
85 625
34 245
2 837
237 333
91 112
173 124
170 890
231 383
262 711
252 2
45 229
84 350
267 90
236 260
52 79
222 52
263 491
130 331
35 371
273 822
72 745
299 351
303 893
225 542
152 222
311 29
180 343
25 150
190 326
22 58
292 333
267 505
17 62
77 445
142 909
62 365
10 453
273 946
117 480
75 228
181 226
4 257
260 69
140 694
20 122
257 202
9 346
21 208
247 768
36 491
99 791
112 954
64 711
251 916
39 711
276 142
101 999
44 639
243 741
247 138
36 346
246 785
164 273
59 215
73 25
320 872
279 422
292 60
199 878
319 920
274 941
323 884
197 925
107 422
180 177
177 71
227 877
181 698
187 693
70 279
266 712
171 27
99 976
51 535
318 438
107 69
234 851
84 576
95 814
54 839
39 537
95 87
167 404
138 667
156 620
41 817
69 330
191 913
113 364
283 641
273 30
49 214
268 122
72 463
204 856
260 202
155 346
154 913
106 956
5 757
72 11
321 640
317 678
191 738
300 894
50 285
128 547
24 785
10 713
2 454
59 7
23 387
200 719
41 653
21 340
212 115
172 164
234 634
68 377
172 372
147 978
242 583
118 738
13 590
198 745
8 511
302 217
190 569
253 650
91 810
192 345
191 93
53 559
67 988
265 463
130 706
248 823
233 982
15 964
293 942
77 287
262 600
9 835
244 470
251 188
288 110
6 849
139 679
256 671
19 525
270 213
138 4
176 255
9 34
274 982
300 101
240 36
251 78
184 974
187 395
313 657
302 169
115 80
270 86
274 631
295 15
76 744
219 4
91 818
101 722
280 655
216 58
115 562
284 767
189 858
67 966
243 93
325 8
130 911
13 540
263 737
232 311
191 718
207 357
180 774
149 447
275 81
282 990
189 917
47 54
130 540
299 348
47 533
176 57
176 749
324 450
276 764
126 673
190 732
30 463
24 633
290 452
93 37
229 33
229 920
79 362
318 846
306 802
310 15
279 411
154 727
74 785
138 346
133 393
157 38
320 84
37 407
267 497
71 988
273 899
87 476
102 592
36 693
140 298
267 683
127 415
8 978
81 767
226 116
102 580
59 514
22 796
99 716
261 33
190 658
112 165
308 862
214 167
183 44
4 911
294 30
290 72
125 589
114 266
165 214
294 846
318 317
18 188
289 747
164 798
153 814
216 286
22 656
206 514
115 975
296 236
184 379
138 122
295 645
170 467
215 196
1 422
211 866
28 25
73 243
183 248
178 896
220 674
172 597
143 220
19 220
25 331
32 770
283 849
233 720
102 672
79 524
26 101
88 619
319 330
62 112
173 6
142 164
319 481
254 922
214 231
213 530
94 61
227 874
66 98
183 69
100 479
14 884
95 892
252 936
174 19
158 311
308 764
134 212
120 965
170 678
169 760
66 673
80 379
57 178
246 569
71 691
140 352
93 33
56 352
211 227
167 834
212 157
253 740
266 304
85 741
152 769
141 747
295 1000
223 666
12 798
277 52
89 85
133 583
7 473
148 70
211 465
229 593
74 774
248 962
319 945
310 439
319 645
17 487
176 325
197 264
250 382
133 390
148 405
164 864
165 720
60 133
310 897
139 716
216 766
279 899
40 60
130 164
55 536
218 185
58 110
156 778
153 960
321 675
292 220
319 783
321 267
42 578
325 940
16 803
289 272
183 722
164 855
67 908
160 691
206 540
290 321
166 796
49 555
124 879
19 46
143 791
198 469
240 782
284 439
160 184
237 491
308 197
59 186
142 431
271 103
253 716
159 767
107 729
256 181
242 236
111 155
53 851
158 68
145 711
83 342
242 583
251 336
308 488
93 256
53 526
236 441
255 438
14 536
29 546
18 250
211 435
121 707
44 471
126 551
323 474
273 686
29 841
134 360
127 377
308 128
246 554
31 336
176 714
220 930
148 695
164 450
228 260
291 792
238 971
151 346
239 132
190 646
13 132
219 315
126 130
69 748
132 404
191 573
167 977
241 116
245 712
270 510
145 216
256 268
324 758
227 425
292 583
216 369
198 204
187 978
185 454
202 495
48 762
99 443
187 305
39 773
174 215
286 480
33 699
56 583
206 140
250 935
201 483
310 910
83 485
260 395
126 900
324 59
308 565
286 850
316 961
145 205
11 382
315 763
264 189
105 892
154 13
134 873
263 320
324 536
68 8
312 857
185 832
60 972
283 526
58 699
33 443
244 694
20 907
267 149
73 679
279 727
90 698
173 523
79 36
301 627
205 236
23 968
219 625
193 843
264 562
88 84
162 990
179 92
244 562
186 524
38 288
42 444
176 573
269 298
193 955
94 593
233 880
103 771
61 809
178 282
97 796
84 659
231 956
4 223
232 822
189 927
17 310
145 973
142 834
169 636
232 293
246 873
188 433
116 937
182 30
135 137
96 604
263 133
131 927
21 37
244 144
109 690
162 51
116 907
63 580
263 460
315 619
147 61
317 197
312 10
290 320
317 594
28 305
81 537
227 154
128 183
50 453
212 820
53 815
221 595
49 678
217 264
314 248
293 759
172 595
155 53
320 861
44 771
119 131
226 766
133 531
6 653
181 620
67 919
260 335
17 730
23 233
219 418
13 741
141 889
40 785
223 570
63 839
246 462
259 491
38 791
160 376
170 136
141 531
93 356
11 858
37 856
17 347
315 440
195 476
130 148
80 56
217 375
129 982
196 113
305 667
317 133
216 748
177 668
282 564
53 258
109 141
34 54
86 887
257 887
192 886
153 195
140 441
315 456
150 128
260 28
276 317
307 838
149 331
155 407
303 915
79 24
321 166
296 361
313 980
253 974
87 277
48 1000
63 602
3 610
134 672
275 647
40 159
270 965
229 945
265 728
161 318
260 284
287 418
3 954
200 168
184 75
288 992
149 413
30 773
80 936
53 844
49 87
70 340
253 617
5 398
301 910
53 444
298 454
17 93
218 951
198 488
284 859
165 120
300 576
189 428
100 161
53 13
244 888
282 184
92 176
249 921
217 362
73 873
102 290
39 541
162 776
29 48
8 485
144 327
6 595
324 322
277 88
15 310
280 730
260 545
95 933
298 153
297 445
130 291
86 932
288 317
272 135
110 51
123 34
132 272
178 405
84 929
119 118
158 4
74 186
214 318
62 140
181 585
36 433
29 102
191 146
59 834
141 466
324 249
186 239
81 462
197 858
200 274
10 639
290 555
52 500
292 51
284 146
240 146
56 79
147 613
281 648
300 797
3 837
252 509
130 888
121 879
56 742
108 334
148 160
52 783
117 216
82 841
287 269
89 342
310 965
137 333
54 802
231 449
32 18
150 583
178 95
173 924
273 750
247 529
105 445
140 790
53 369
197 627
31 25
313 669
72 738
319 564
83 995
321 20
315 142
195 414
65 682
37 792
216 873
153 771
151 169
184 49
111 173
132 492
114 636
29 415
63 294
239 428
11 959
85 581
207 722
269 831
1 134
208 524
57 376
32 697
52 173
37 991
25 384
223 586
180 177
251 527
126 698
3 76
323 450
132 147
27 106
12 930
244 338
107 172
242 761
144 192
96 786
74 758
9 535
153 499
272 43
316 779
277 318
293 250
247 212
88 538
138 358
240 911
325 793
84 759
112 281
276 97
115 832
84 109
62 291
71 722
313 31
177 522
248 321
318 848
275 737
70 562
214 374
291 29
48 824
50 44
177 524
208 690
48 781
100 657
260 632
216 141
91 338
27 843
214 878
209 362
165 38
324 879
137 284
216 157
204 70
255 57
260 494
59 740
166 884
311 105
294 197
318 909
193 1000
97 47
281 289
254 772
210 992
159 729
120 154
34 565
210 871
196 912
222 752
154 119
157 905
114 503
43 480
245 70
14 451
310 883
105 945
233 92
200 106
218 67
56 740
62 577
247 171
314 664
191 492
312 66
174 996
54 320
223 919
172 268
315 531
247 375
15 372
231 148
201 566
139 989
210 445
80 61
61 150
279 297
136 627
117 128
220 816
6 395
166 908
35 568
190 779
108 513
33 592
90 933
111 793
277 320
256 370
76 993
48 703
80 658
223 962
30 896
171 713
113 946
36 73
24 214
58 688
245 658
206 829
185 681
161 258
198 863
54 157
218 944
111 169
116 717
183 5
164 18
173 522
193 549
207 764
207 62
69 293
239 104
201 918
150 504
285 10
253 643
158 689
254 684
318 993
165 892
303 779
59 285
114 40
53 264
17 762
4 552
259 84
228 210
101 599
307 454
319 79
47 756
257 277
304 15
47 741
272 244
71 631
18 58
196 834
176 676
149 755
206 769
292 700
237 455
214 572
132 277
8 534
60 145
304 271
173 377
234 717
144 993
32 204
54 496
299 955
318 584
289 313
61 576
77 247
261 933
311 388
74 497
49 850
147 280
131 620
92 586
41 142
79 553
230 969
123 281
257 100
83 531
320 907
102 998
100 185
248 839
253 843
213 461
176 768
101 575
253 500
18 865
217 634
40 421
95 853
136 432
31 871
115 243
163 690
117 436
153 793
237 411
272 592
202 137
45 123
161 627
49 40
236 22
42 504
200 820
26 130
35 133
228 908
270 308
164 268
142 164
202 220
275 56
246 756
33 545
106 193
65 24
220 233
211 546
158 464
278 977
235 80
122 236
206 88
223 135
267 891
41 111
191 647
188 145
283 803
186 297
74 87
144 312
179 356
288 703
85 295
193 831
171 680
116 766
44 521
201 344
65 98
310 427
180 300
25 810
28 940
44 474
246 40
127 951
128 688
11 322
191 503
232 393
100 360
277 459
6 296
275 465
117 1000
65 592
286 268
243 353
5 18
160 309
9 279
292 611
220 426
231 595
38 736
268 995
141 341
269 202
200 434
301 500
237 9
288 802
173 340
38 400
233 693
151 839
34 726
32 624
75 442
15 647
186 11
166 237
148 95
22 599
193 255
211 418
166 737
31 241
66 76
68 574
147 723
197 399
202 535
82 975
317 600
190 46
213 242
29 964
11 848
102 400
