1100
229 515
54 273
55 918
189 822
80 148
45 404
254 249
89 613
255 52
269 254
80 414
232 5
170 619
119 242
219 649
36 127
219 836
175 495
26 808
26 748
254 782
8 718
183 796
201 225
144 193
255 953
59 174
65 138
157 312
80 646
152 529
222 688
218 375
76 524
270 75
222 431
197 813
143 591
197 44
92 678
124 276
192 1
113 141
139 61
108 594
208 873
115 926
176 982
152 749
270 373
261 286
85 191
47 302
202 509
65 282
244 716
143 159
72 402
111 580
54 21
43 920
92 597
116 100
194 272
212 482
31 239
147 308
176 435
210 149
221 553
190 600
36 325
39 414
224 753
38 149
82 485
192 490
200 891
134 434
266 148
106 917
49 701
120 520
265 795
22 579
114 397
19 746
269 801
74 48
64 669
186 201
40 728
67 517
5 766
50 877
174 941
29 96
83 648
34 492
98 681
6 575
138 216
30 189
19 475
187 75
121 776
176 162
115 861
102 165
38 804
68 179
191 556
112 326
142 518
213 102
47 474
14 770
29 416
71 742
247 463
205 730
42 547
242 156
36 162
75 856
103 520
151 37
3 774
267 864
188 258
52 38
133 25
171 278
189 733
53 5
84 836
244 221
84 497
7 449
63 851
106 496
273 532
45 990
160 781
55 942
172 442
149 90
54 727
1 24
108 525
83 74
151 702
266 41
255 918
139 505
227 207
173 711
147 655
56 702
119 806
19 397
132 405
40 815
209 521
52 24
200 389
54 554
56 603
17 404
29 222
57 896
5 811
252 514
61 904
95 366
78 812
230 525
208 853
148 199
124 367
197 800
184 518
5 13
127 547
116 973
82 477
157 131
223 361
138 346
68 819
250 61
268 407
26 141
225 8
97 498
28 650
6 144
102 914
135 715
158 884
159 681
273 805
249 5
264 878
171 487
150 951
113 624
172 655
13 574
256 876
128 426
91 440
204 301
154 985
190 676
256 543
120 345
7 958
141 552
52 849
105 280
90 328
116 945
157 232
68 28
60 811
155 255
272 542
84 287
170 310
179 620
148 157
13 400
245 123
34 725
107 664
180 126
124 506
169 247
260 70
166 237
253 700
206 267
49 422
231 467
15 116
210 181
169 985
76 949
262 832
65 122
68 450
189 69
226 501
117 458
40 9
216 167
73 510
148 278
258 137
47 997
39 431
41 817
248 264
61 288
4 887
24 960
76 465
139 421
255 133
132 631
207 393
60 464
31 380
246 740
20 825
100 125
243 531
1 611
169 647
46 554
12 139
179 917
134 254
175 358
246 234
268 723
90 830
233 994
270 243
42 339
28 369
194 957
11 707
153 497
237 261
101 917
210 24
81 882
152 158
47 20
127 57
101 407
127 263
4 949
200 775
247 338
16 839
6 700
244 758
65 185
186 666
136 767
27 752
185 833
89 963
66 830
64 976
109 519
20 294
131 185
177 31
263 174
254 321
174 650
26 182
226 547
254 81
210 301
47 35
163 548
180 254
50 123
140 769
218 641
18 83
133 678
42 618
217 434
157 726
104 103
262 912
132 151
101 374
275 732
99 188
184 64
191 693
195 381
111 348
179 499
176 557
62 612
187 836
113 27
238 441
204 984
106 953
174 32
158 902
272 827
12 970
168 941
31 528
150 635
9 833
70 661
253 756
161 675
273 229
211 697
100 984
159 712
98 162
156 954
256 224
168 452
182 333
196 807
8 941
273 558
225 403
188 111
86 287
81 228
203 285
249 955
176 814
243 812
51 1000
95 312
69 46
64 575
60 140
233 415
259 311
234 545
68 651
70 416
20 882
253 243
133 160
16 539
93 287
142 660
110 138
168 689
61 791
185 331
253 510
147 293
134 981
148 882
20 710
182 646
211 442
51 662
268 869
86 760
148 794
82 911
18 736
185 273
272 530
137 789
93 228
199 657
204 140
254 526
67 724
113 594
179 284
109 378
50 677
151 640
243 409
110 942
2 657
50 823
38 92
224 414
189 342
68 115
13 733
25 964
234 455
14 331
151 189
233 353
218 684
247 352
254 11
172 905
184 252
17 732
182 531
230 223
111 816
230 617
158 20
14 273
31 408
200 330
121 671
228 918
140 965
4 953
72 909
247 649
215 905
187 727
178 602
247 273
167 980
113 372
188 475
207 482
47 657
122 861
97 388
275 265
47 151
67 57
4 833
61 574
7 577
50 851
91 412
69 136
241 127
145 973
42 359
225 328
171 767
112 728
247 700
89 813
157 469
2 20
203 663
128 637
209 116
143 492
114 843
185 347
49 684
153 964
273 471
226 312
217 84
35 787
262 674
156 509
100 72
263 43
230 708
135 84
263 361
13 934
13 737
173 857
250 311
21 854
252 378
148 652
231 941
5 637
248 188
64 879
204 476
152 754
185 310
111 116
220 748
208 594
122 138
61 863
261 519
192 495
206 722
20 942
223 349
259 932
28 434
93 960
224 40
144 581
265 725
14 762
160 414
163 913
237 675
104 629
5 996
41 474
272 436
92 176
258 556
244 256
40 571
197 932
17 806
174 597
74 935
205 578
194 686
265 465
267 677
255 197
232 128
163 612
61 464
6 91
182 95
9 96
165 534
172 698
264 753
25 698
66 64
127 652
65 805
254 793
246 611
30 92
202 5
122 890
172 630
55 242
100 836
226 921
144 306
52 365
72 78
81 187
187 465
220 346
247 995
104 828
159 268
201 483
66 556
162 775
202 337
245 812
259 957
241 63
44 41
1 332
244 49
171 491
175 388
1 500
177 261
44 195
105 401
261 420
60 219
122 516
265 585
238 795
249 220
58 890
232 542
253 746
58 103
164 135
83 418
34 426
50 525
250 151
55 314
52 482
261 337
194 472
174 152
44 159
176 7
89 122
49 633
85 294
234 106
98 604
247 851
251 612
193 575
45 454
233 229
269 870
41 150
29 420
84 855
169 449
103 377
15 162
155 916
27 620
89 517
193 763
160 945
250 925
121 79
152 543
46 999
92 70
210 995
107 369
264 594
51 25
135 438
170 835
2 606
227 82
87 291
212 715
224 739
159 362
158 580
134 172
228 737
106 637
151 680
150 938
56 983
163 748
202 204
226 1000
154 370
43 694
85 61
209 21
212 524
260 345
122 912
209 834
194 852
252 219
153 474
49 203
142 920
42 106
18 713
203 483
187 491
46 646
147 251
14 804
64 867
48 842
249 588
63 800
202 692
269 998
229 963
270 968
48 997
170 857
9 907
229 914
28 338
133 752
93 929
122 887
156 398
225 214
83 768
77 590
180 528
270 510
253 915
232 456
132 108
185 974
18 591
207 541
260 446
233 295
246 883
175 387
28 792
64 893
9 767
96 194
140 636
38 696
219 171
263 678
187 42
26 417
160 552
195 203
72 832
52 328
23 883
154 447
272 953
73 167
76 570
57 527
212 538
78 481
6 686
245 60
57 859
182 22
93 504
94 924
253 510
22 959
226 946
259 413
224 578
241 156
258 763
93 377
114 52
148 394
160 92
87 708
257 408
248 44
24 717
68 734
28 158
146 773
67 978
143 766
255 388
110 105
200 939
209 209
30 66
110 708
25 402
123 347
232 499
132 939
203 893
59 725
142 271
102 651
256 222
136 362
158 336
233 980
114 132
226 998
53 126
258 357
263 43
115 778
101 110
73 349
164 673
103 68
205 965
55 950
54 383
172 923
73 298
15 263
208 455
209 808
46 328
251 430
250 12
168 227
154 362
69 935
11 6
92 834
236 667
155 558
258 823
133 202
36 202
241 25
251 228
5 543
255 315
225 826
259 238
208 282
177 388
218 138
256 527
246 943
67 208
134 274
199 604
121 855
164 440
245 937
166 526
104 854
60 110
195 806
244 743
29 139
177 998
217 22
212 778
250 859
242 620
52 383
192 910
119 520
18 149
237 298
152 937
183 5
122 221
170 913
6 967
225 80
6 35
23 286
131 567
5 946
102 937
118 963
2 682
33 401
249 525
152 708
207 974
40 266
227 121
169 819
57 341
128 758
164 92
115 791
176 419
169 465
132 34
121 279
72 994
194 232
191 737
63 189
226 109
124 299
213 961
177 614
270 769
37 641
23 574
118 166
113 333
120 303
132 200
129 683
116 841
121 598
214 189
74 622
272 963
98 139
190 761
165 985
240 191
81 954
218 186
143 729
69 170
211 997
40 737
188 503
154 871
242 130
140 272
146 796
273 954
91 994
270 46
117 494
89 110
73 653
79 581
89 562
219 916
256 200
150 147
27 339
95 696
247 267
179 217
74 686
10 449
158 516
41 579
74 406
209 716
252 830
63 414
216 252
30 976
201 314
2 738
174 567
214 991
195 94
269 127
257 836
233 754
251 98
12 69
252 547
195 69
40 278
213 482
131 89
273 398
242 1
197 53
109 987
116 632
209 434
196 923
7 800
182 977
189 2
198 613
64 347
163 341
120 421
92 446
232 798
73 184
155 591
8 13
122 345
37 38
51 462
261 654
185 649
86 352
37 369
275 838
134 473
74 353
72 217
155 754
72 545
146 992
28 774
219 272
138 293
223 713
24 403
80 159
9 981
225 514
173 953
226 443
62 979
231 851
233 525
81 5
3 349
262 10
128 513
89 243
200 134
18 518
35 915
65 399
175 96
14 872
263 431
104 481
143 2
54 336
141 665
250 328
78 658
73 331
29 338
4 222
235 411
255 493
171 780
200 726
165 217
68 568
62 936
142 885
208 442
214 592
2 982
250 572
58 168
252 638
59 209
239 977
24 118
32 355
111 225
96 86
33 732
122 808
215 726
187 413
203 638
75 659
62 215
5 749
230 363
168 262
81 672
136 375
7 464
44 638
121 217
6 462
237 932
165 252
252 196
122 68
210 124
160 139
66 362
182 312
106 715
182 241
205 197
209 43
161 441
39 236
261 942
106 908
175 520
96 788
166 841
74 170
86 683
230 706
136 791
146 773
