1600
338 828
19 55
231 832
51 885
253 126
400 90
235 152
89 56
14 301
12 662
345 890
171 10
358 983
130 770
89 323
46 657
100 278
335 302
87 848
329 646
391 35
152 625
388 653
354 503
27 574
15 401
308 456
292 500
391 957
163 732
101 390
300 117
292 663
310 271
86 615
336 400
311 300
221 752
244 940
170 612
374 864
256 490
271 786
335 210
394 170
242 635
298 167
146 420
227 491
301 466
78 498
101 347
382 19
56 446
275 854
400 819
235 773
373 653
191 780
91 702
24 700
304 578
393 317
221 8
380 957
257 628
253 312
260 404
201 373
71 804
169 172
246 51
117 309
339 715
162 976
184 191
169 300
351 379
344 966
374 761
98 311
168 96
303 984
237 16
265 937
33 540
113 924
259 746
137 122
270 441
249 452
250 87
368 335
230 950
65 612
265 335
17 1000
138 755
81 329
7 777
124 856
327 453
45 846
56 627
172 466
210 459
246 887
338 631
37 843
320 444
98 457
138 21
99 582
379 137
200 87
147 746
335 71
45 83
289 988
151 810
322 869
170 779
80 991
208 88
169 905
230 15
221 768
38 323
282 690
288 24
386 465
128 633
341 581
348 372
144 628
218 736
323 261
115 139
307 642
266 237
248 158
356 175
284 396
213 676
236 77
109 113
40 976
335 711
43 713
262 185
36 23
117 152
41 63
308 248
201 472
305 904
20 22
155 370
239 423
46 442
351 925
351 318
238 930
396 922
284 309
388 121
238 390
4 414
385 245
139 398
32 487
188 687
51 743
58 88
66 235
76 938
90 915
87 400
381 242
327 103
120 609
333 910
364 706
372 182
268 238
307 286
105 810
305 107
121 750
331 381
241 966
185 13
179 978
329 966
157 151
53 981
108 393
139 722
229 880
257 705
87 841
167 415
98 618
244 666
252 845
261 112
382 578
338 462
82 249
99 170
253 199
253 315
248 115
110 587
375 707
40 75
46 669
204 581
290 835
345 299
11 174
273 446
110 54
398 594
329 264
188 105
319 110
52 491
136 304
169 959
289 692
316 656
396 495
114 250
128 559
35 727
396 714
124 859
230 19
280 95
51 559
195 852
46 369
237 66
253 839
166 842
184 302
238 147
195 121
281 985
105 450
70 214
151 379
50 977
140 624
94 465
312 947
164 732
99 746
299 525
193 257
397 547
325 400
239 880
72 674
20 554
306 650
209 872
293 260
56 565
43 772
249 992
11 900
119 124
193 766
129 163
98 510
241 392
268 347
157 3
392 119
2 777
73 287
203 530
119 10
210 347
101 499
162 505
240 152
61 833
92 373
111 371
92 736
48 238
230 383
135 252
284 897
16 985
21 140
99 948
250 414
208 748
377 377
59 326
268 667
361 671
145 470
184 556
47 433
48 220
105 368
60 718
258 882
280 968
169 274
20 890
20 86
113 318
330 959
108 278
80 23
197 544
372 917
301 533
57 533
91 703
209 663
242 187
222 335
255 765
122 194
96 550
173 898
24 986
219 697
259 606
41 104
159 482
243 581
28 822
247 480
257 769
323 911
102 170
224 136
93 428
302 425
121 855
210 134
191 892
103 815
345 200
375 49
38 262
264 669
249 550
166 106
140 478
141 948
12 457
91 470
24 708
163 446
84 165
195 844
47 568
120 933
22 463
343 317
285 795
293 539
100 658
228 557
319 950
75 68
308 188
364 358
102 695
109 241
56 773
390 782
81 818
224 960
257 411
42 16
305 667
84 610
179 275
305 12
21 824
398 849
74 877
281 100
280 422
312 420
381 227
250 586
41 297
160 304
125 789
306 668
289 630
101 928
202 12
389 983
218 439
55 338
155 129
207 504
143 647
203 880
303 773
191 354
227 299
270 177
28 10
127 986
297 824
128 973
98 736
50 866
351 692
217 697
218 147
364 793
290 636
242 1
275 272
395 277
199 496
88 165
370 586
110 506
138 915
142 129
76 934
52 794
393 613
226 879
209 374
203 25
66 364
266 891
75 727
155 862
67 830
257 309
20 956
301 343
339 180
12 653
331 446
400 446
288 743
148 349
205 377
277 882
91 795
26 316
17 904
312 819
319 781
120 418
162 198
286 335
89 105
170 676
192 731
15 561
13 813
269 834
29 516
364 85
181 459
54 777
289 997
103 697
166 226
22 340
276 881
333 653
361 421
89 929
354 895
209 831
191 291
307 664
119 59
65 412
295 848
262 768
376 460
48 281
213 23
318 470
46 129
190 2
336 261
60 767
361 446
218 829
165 407
353 529
312 390
54 376
132 216
189 946
382 808
288 736
388 79
331 166
393 569
299 169
147 480
91 24
360 536
36 135
186 824
349 138
398 993
132 731
194 533
81 929
132 675
332 320
149 752
108 578
149 834
318 309
258 592
184 901
57 689
379 485
318 634
384 905
245 699
106 82
175 329
218 731
268 840
332 15
171 258
240 527
116 750
247 158
356 512
334 453
114 995
90 274
85 824
288 322
374 530
154 695
126 867
292 614
209 238
298 5
41 665
91 511
176 985
151 771
124 817
310 389
359 827
235 352
273 357
264 608
319 98
378 678
32 562
259 449
13 311
104 115
367 165
8 202
131 133
235 415
217 829
354 561
302 417
199 253
123 752
55 174
29 136
219 627
372 409
348 955
65 402
322 465
108 706
210 682
108 382
290 295
254 497
305 177
391 488
98 63
234 633
347 634
100 59
22 496
207 643
121 796
312 237
311 343
354 550
305 705
115 3
5 383
390 194
114 366
15 362
295 467
91 515
105 768
26 543
259 885
270 580
124 129
233 593
225 549
178 983
177 252
278 862
132 771
31 919
306 850
163 471
340 904
198 457
293 579
173 643
157 658
311 243
212 584
277 519
100 65
6 365
217 624
355 980
199 710
102 508
62 775
181 617
123 456
298 19
83 900
326 174
126 880
298 673
197 15
15 629
25 196
141 67
249 729
335 988
137 498
77 795
2 529
40 297
52 955
342 4
301 641
167 889
241 368
327 182
376 298
64 847
285 569
102 360
124 484
209 871
86 875
104 156
86 220
130 958
72 419
249 974
246 184
117 275
95 878
265 954
324 214
201 349
393 349
383 60
196 205
375 450
340 158
346 545
391 125
55 651
143 582
135 269
131 171
152 200
324 572
346 32
379 992
384 7
102 319
334 781
118 42
236 52
331 398
2 358
297 955
290 379
78 987
16 355
335 949
163 660
280 884
124 339
75 88
334 520
243 976
113 314
313 690
348 285
108 951
197 143
390 498
226 457
221 19
262 426
368 784
89 609
169 815
76 253
344 525
52 812
210 650
98 673
23 365
194 713
167 654
212 931
49 232
127 467
298 188
145 440
371 325
185 371
389 216
182 296
210 928
54 672
190 790
2 582
73 909
96 915
186 868
165 833
172 754
103 228
31 413
319 968
140 86
270 190
306 523
263 874
252 70
365 159
220 948
332 989
138 113
200 775
338 368
132 373
362 272
386 246
368 892
221 872
244 886
342 562
174 331
330 978
17 905
221 168
227 78
387 953
393 810
299 375
207 958
307 120
338 860
177 58
263 828
249 782
289 531
58 5
27 402
170 350
218 10
265 230
261 932
201 780
149 872
380 914
123 295
360 907
142 201
77 289
119 598
96 6
245 14
231 107
156 502
4 25
223 864
367 176
129 518
240 303
155 130
59 580
119 935
392 206
163 342
82 15
257 918
59 643
101 499
81 160
372 661
139 250
210 474
239 485
112 393
224 814
269 643
85 696
43 514
28 67
58 803
334 435
55 300
69 23
215 951
174 584
297 9
223 983
287 6
310 255
92 4
225 754
191 730
45 865
32 572
288 727
292 709
216 90
309 631
256 487
230 354
370 541
400 379
122 736
63 720
210 914
237 770
183 378
337 718
343 211
196 397
221 157
369 738
216 880
44 553
127 260
318 992
283 958
229 782
203 816
15 256
364 526
306 734
311 747
314 880
365 567
374 838
175 315
24 489
348 647
235 650
73 263
381 554
93 984
26 228
243 695
340 711
261 663
122 971
100 852
389 491
288 863
316 716
93 111
347 513
63 618
55 702
365 263
219 666
293 162
128 728
123 315
293 220
46 401
347 964
114 224
10 463
361 270
344 427
253 662
200 429
71 695
198 139
397 323
283 306
280 549
274 457
272 381
88 786
66 774
296 524
253 405
274 884
176 207
312 796
299 818
220 598
366 816
264 528
105 136
144 901
344 373
228 830
209 965
53 110
79 537
256 320
33 576
230 640
34 543
303 164
154 992
392 873
127 167
246 296
202 832
279 281
49 343
16 544
372 123
83 61
47 626
121 395
365 308
63 704
87 267
217 344
224 134
210 256
291 914
303 825
285 435
220 397
83 651
75 686
135 851
351 801
293 292
183 762
33 809
210 829
181 40
30 124
20 655
280 70
125 839
226 468
126 8
105 714
343 125
285 198
95 805
226 60
377 337
331 289
132 824
279 411
102 197
33 212
5 663
109 772
180 252
381 762
40 420
96 812
73 861
172 346
230 965
352 492
243 28
222 482
362 730
383 633
168 659
338 404
249 386
3 937
250 989
223 735
301 13
380 167
55 916
174 999
14 973
239 712
49 520
218 672
279 655
312 375
333 148
119 32
134 746
162 928
168 99
281 27
321 832
387 448
259 255
14 639
349 785
254 488
104 86
185 797
200 774
48 20
207 858
311 975
221 599
340 497
94 793
159 950
247 963
8 332
330 521
243 338
207 436
114 339
254 435
371 95
91 153
383 697
192 169
252 103
232 858
281 780
204 589
230 703
253 177
193 989
122 176
127 503
220 956
150 930
192 219
224 898
353 461
359 590
278 482
14 38
379 316
55 998
386 542
372 689
109 530
117 832
323 538
300 801
311 26
52 771
251 490
45 419
294 324
349 665
94 411
180 579
38 246
385 11
177 329
248 200
111 923
72 454
171 377
234 950
27 531
335 478
135 344
5 997
110 653
237 746
71 730
267 788
37 581
28 520
363 585
397 161
55 769
156 893
70 805
383 824
131 137
316 865
103 59
358 722
137 250
349 212
397 875
16 85
73 366
334 748
133 832
329 684
248 502
217 551
26 378
264 579
18 350
335 509
293 911
391 743
132 455
28 298
58 552
230 170
270 601
398 518
103 768
51 590
357 252
2 508
266 47
144 318
42 391
231 718
344 444
200 705
280 60
328 575
328 527
190 225
351 668
354 364
160 920
27 135
15 774
386 774
229 869
144 915
53 333
293 918
163 441
20 49
123 23
100 234
340 272
184 249
351 527
115 365
76 925
322 874
11 643
13 9
184 884
18 371
179 268
83 212
113 497
223 571
155 484
374 276
170 952
71 129
313 903
322 958
46 882
150 394
367 32
264 439
142 476
96 441
339 865
221 266
80 778
107 968
190 21
140 714
298 72
346 225
225 88
77 441
83 160
298 272
311 932
319 6
87 788
151 69
88 239
302 413
350 688
2 498
205 75
75 828
168 448
271 446
63 976
128 20
205 791
80 792
171 797
197 237
39 483
101 696
3 736
115 30
197 540
140 870
66 800
83 220
22 60
248 66
86 228
44 393
115 862
324 288
74 821
290 891
95 649
357 380
96 572
267 572
5 733
270 146
333 955
163 810
44 383
376 440
277 848
49 458
203 466
368 61
268 583
311 16
38 513
312 127
223 820
292 701
213 146
85 284
282 236
242 52
229 2
346 958
374 120
30 946
356 453
177 871
34 828
313 208
224 62
174 443
272 502
20 36
176 756
387 908
324 574
154 22
111 879
146 801
10 586
239 653
305 882
99 15
85 737
75 362
90 329
38 345
302 233
131 945
36 707
70 239
368 549
37 988
7 498
357 228
212 796
115 971
324 423
227 539
250 468
75 821
260 56
152 474
289 36
262 122
161 270
356 53
2 954
369 297
293 218
366 677
47 116
220 347
50 72
292 44
210 795
356 354
176 820
96 620
179 274
368 783
254 206
276 707
42 453
273 129
389 66
129 491
42 132
197 576
353 171
27 245
293 540
227 695
134 751
97 491
214 220
219 15
85 228
241 712
86 860
32 175
240 60
80 494
78 132
329 568
364 975
281 977
134 615
80 580
222 184
350 447
336 203
371 84
344 309
285 759
162 403
107 45
3 531
115 931
232 811
69 821
19 718
357 602
130 965
399 785
264 78
156 450
310 727
382 561
23 854
27 688
179 126
185 573
107 421
391 715
60 227
109 696
2 586
398 998
32 354
249 711
348 469
193 854
275 223
161 896
96 63
14 848
126 71
229 987
130 551
145 693
400 487
305 527
338 712
94 408
315 766
41 176
47 171
331 444
343 39
303 957
236 277
217 542
274 350
162 769
113 414
325 170
12 20
367 56
104 641
344 499
252 951
102 937
146 188
11 906
321 357
362 130
82 200
348 598
314 241
353 717
45 987
9 911
221 151
12 986
48 690
72 861
134 595
140 687
296 587
325 159
217 623
292 615
361 497
20 610
271 527
174 36
159 89
364 414
206 586
30 74
338 618
362 214
181 418
78 56
111 721
214 689
384 240
46 585
172 169
231 642
227 141
372 790
233 146
161 208
2 342
161 342
148 694
72 868
42 301
355 926
136 163
400 399
240 892
276 773
228 848
60 854
310 903
58 777
292 298
169 875
276 586
59 527
247 529
71 216
199 40
383 103
237 669
96 559
27 894
353 58
270 610
80 762
378 939
254 289
26 802
315 254
182 862
259 928
64 333
91 17
47 914
311 808
222 409
115 657
272 46
120 943
257 378
279 18
193 432
146 940
336 306
125 319
41 299
100 806
158 754
26 554
280 476
64 861
216 316
100 421
317 57
182 925
190 465
189 418
148 804
224 375
236 134
38 274
197 746
369 271
256 143
147 413
24 359
321 552
28 191
144 217
258 207
369 845
28 482
264 678
83 513
154 566
72 698
168 529
325 222
264 545
343 252
231 25
109 841
198 175
356 895
284 403
362 173
365 329
165 549
74 644
13 840
177 461
120 223
365 267
221 404
6 449
270 955
57 289
337 347
163 546
399 367
188 698
143 617
145 487
364 651
198 546
279 521
183 94
72 877
275 81
374 894
127 163
281 374
389 255
88 989
105 269
333 400
186 60
93 898
306 280
380 480
218 378
114 827
233 581
17 375
46 495
75 458
293 457
98 546
373 294
341 472
176 947
322 679
141 892
381 260
130 517
264 564
385 929
236 580
131 600
340 57
