1700
32 37
225 99
248 629
172 546
50 945
129 597
231 264
372 607
407 586
218 831
281 765
404 85
111 673
207 17
19 816
343 579
187 987
270 672
289 903
305 312
365 124
276 958
299 152
132 668
366 102
238 791
4 393
22 605
105 622
28 527
245 993
395 886
32 398
134 912
406 86
36 90
129 516
319 164
378 729
342 740
128 190
401 905
420 632
386 532
345 226
131 99
169 778
222 777
167 406
108 507
192 989
100 948
275 162
222 310
345 952
55 485
141 713
8 746
9 934
323 842
303 274
103 377
389 729
368 381
257 503
419 81
152 265
228 850
170 807
119 216
74 173
176 359
32 459
39 837
218 286
215 662
203 692
49 794
154 27
121 487
200 310
11 94
392 756
112 905
60 538
60 244
156 205
94 384
292 293
86 560
42 958
125 865
308 444
376 2
380 366
139 210
380 900
350 76
5 131
26 408
120 308
330 180
128 373
416 575
163 636
315 83
295 193
268 578
367 41
293 467
348 728
186 276
254 300
257 937
61 997
360 621
177 168
70 346
316 183
375 975
122 197
399 565
177 61
60 633
150 868
50 882
198 639
282 709
357 835
324 830
175 33
362 156
363 700
177 845
284 354
379 484
82 161
69 281
337 55
335 653
307 779
164 725
169 439
25 42
124 86
11 894
424 594
307 303
121 240
74 105
176 921
259 884
290 920
163 762
184 418
139 171
376 744
39 667
55 858
332 786
411 480
261 207
257 370
8 918
231 415
249 1000
233 773
64 510
207 584
258 174
327 215
39 23
248 403
357 889
268 823
295 984
417 59
309 955
183 921
325 373
397 127
136 852
58 166
271 854
389 952
306 946
303 797
136 583
376 224
407 1000
192 726
245 272
216 943
249 823
62 63
405 538
145 740
38 486
362 669
174 694
319 818
110 69
377 20
312 815
376 429
28 667
120 182
324 125
395 522
110 923
220 563
84 794
108 725
365 630
3 339
339 765
356 165
356 643
417 786
374 274
181 106
257 502
178 432
6 176
74 345
278 682
399 609
95 151
3 166
393 326
88 532
266 401
89 411
292 466
242 971
352 652
19 248
252 381
86 923
266 477
233 374
377 640
89 669
39 160
63 438
56 236
192 196
342 445
99 58
136 935
77 722
155 342
22 651
193 478
289 566
360 445
345 833
64 813
64 980
292 504
382 393
150 654
76 406
327 131
379 614
14 265
137 220
311 455
97 361
266 39
370 21
330 716
95 838
387 18
340 373
407 888
142 845
143 110
82 110
51 67
11 183
137 826
43 938
294 791
115 833
325 7
137 353
354 138
249 3
422 350
196 141
369 373
297 408
400 685
21 423
342 596
17 404
233 8
409 446
134 234
180 550
171 367
203 52
90 328
245 971
342 547
191 876
152 482
396 914
101 822
118 423
285 567
231 531
403 40
332 3
304 622
331 272
141 63
423 486
175 887
308 901
339 247
274 611
177 843
326 449
266 83
421 472
341 437
304 592
100 1
132 717
421 291
221 30
340 325
285 54
378 348
42 876
347 524
27 880
296 705
112 853
235 548
297 229
278 196
414 949
167 995
217 985
215 572
279 907
45 574
213 11
217 245
414 3
237 691
177 621
356 601
384 936
207 907
216 288
177 860
188 192
48 843
312 207
22 396
129 375
52 293
291 333
254 561
16 721
103 255
168 659
325 501
148 907
156 78
83 487
213 111
285 404
34 686
30 357
126 875
156 385
339 217
396 894
135 202
67 161
30 394
366 625
35 997
82 979
259 953
276 425
242 278
228 397
118 624
298 704
117 155
86 621
364 440
238 613
253 300
172 462
220 43
368 381
346 212
141 755
6 953
304 109
23 120
241 24
244 272
360 759
37 409
231 440
280 467
36 828
27 41
67 683
106 549
62 424
324 311
272 410
151 883
342 757
344 71
154 44
305 59
147 267
329 111
196 446
397 421
106 565
223 279
88 503
172 36
70 116
177 300
366 226
155 661
134 927
129 538
392 952
42 41
263 684
190 251
201 70
226 711
29 166
340 238
49 210
100 805
10 847
224 532
405 479
259 995
101 124
116 381
69 166
351 652
212 418
63 622
145 219
114 794
228 94
62 853
4 778
273 62
255 62
328 514
68 725
50 601
264 465
147 379
95 851
415 894
187 323
274 150
327 612
304 791
363 935
104 782
194 267
362 781
118 445
250 900
87 249
67 736
17 209
198 918
205 869
99 851
321 732
297 78
386 966
300 608
346 408
388 663
422 602
207 171
277 322
20 426
295 547
283 84
58 381
27 49
54 70
306 208
36 562
286 743
178 997
194 112
383 201
305 598
184 722
381 738
4 659
211 892
54 457
253 349
379 64
299 972
373 852
140 393
100 825
405 597
253 420
218 303
176 856
160 347
127 84
342 613
171 202
339 422
3 588
230 124
36 948
97 552
249 408
295 47
408 593
14 905
43 135
242 616
195 28
130 368
324 727
364 915
99 526
57 692
279 717
153 668
52 433
263 81
99 952
268 318
294 538
261 831
16 899
27 559
98 165
83 970
142 936
218 588
72 271
344 685
200 701
52 297
310 861
330 887
56 862
59 465
30 25
192 560
331 8
420 755
299 958
351 955
291 633
375 941
240 571
39 548
154 671
334 104
167 386
190 460
236 581
195 920
254 547
218 275
50 294
157 43
139 698
307 578
354 776
203 202
19 284
108 219
198 361
180 831
347 755
403 277
33 785
103 26
339 657
327 700
313 429
327 430
105 177
333 122
383 676
301 770
249 515
168 354
331 246
349 782
14 86
135 202
141 473
24 189
217 744
112 812
94 353
124 149
13 878
122 741
417 871
145 620
105 172
367 398
373 461
360 965
322 536
105 183
334 864
210 793
222 82
167 113
150 865
188 704
378 35
265 349
300 914
205 797
241 235
315 317
278 447
24 862
418 557
186 176
129 410
336 433
181 551
241 99
93 940
411 125
7 917
225 381
35 499
191 771
230 227
402 826
154 391
102 29
46 426
54 561
68 543
108 277
402 277
341 900
425 628
265 908
333 802
210 574
413 570
182 896
400 369
82 312
376 259
59 799
273 563
90 737
78 442
320 24
172 26
357 177
380 852
400 215
43 303
170 90
282 914
145 798
423 554
404 967
151 876
96 579
103 915
173 273
43 290
60 134
35 473
197 824
286 87
374 929
322 957
231 137
102 610
127 216
191 413
42 29
31 235
39 709
141 371
172 189
136 115
61 488
70 182
402 738
48 591
91 74
283 565
264 948
414 222
257 687
165 190
334 108
129 790
413 372
73 890
268 288
361 421
374 303
77 970
138 651
147 910
164 185
1 448
256 308
149 988
272 275
34 792
286 371
126 107
314 258
244 146
84 370
89 455
130 154
163 502
243 235
89 695
118 643
5 777
123 695
423 666
286 315
256 438
279 182
15 435
44 653
69 549
122 396
23 236
423 916
175 555
181 196
192 657
233 390
158 84
149 266
386 93
298 364
86 979
40 598
369 855
52 342
369 68
238 617
66 503
339 466
357 909
405 916
3 79
201 553
67 861
80 980
241 382
285 720
302 208
308 441
105 892
310 814
245 548
237 782
259 73
347 154
138 445
191 686
421 384
377 20
60 491
146 84
234 482
388 731
252 536
341 583
234 486
35 656
101 37
202 223
249 926
266 306
297 625
4 691
364 940
235 273
20 424
401 11
88 978
11 696
186 274
400 37
280 806
246 749
73 596
4 219
419 80
75 292
22 552
156 213
233 560
181 604
331 532
347 879
288 286
111 654
274 708
259 191
184 826
335 631
54 415
177 170
196 716
408 177
189 388
374 64
39 441
226 754
97 652
249 761
76 425
61 642
200 564
168 698
316 560
74 424
276 269
300 167
61 220
194 334
201 923
292 740
95 244
101 418
330 235
257 747
176 788
140 573
30 873
300 670
85 114
188 181
334 645
27 908
4 958
201 754
78 825
314 117
131 491
412 783
296 870
13 308
96 77
136 204
272 327
423 878
399 238
229 586
269 709
348 705
28 12
276 20
59 137
308 25
400 614
268 560
196 267
342 562
142 182
171 192
317 785
226 11
113 643
19 881
9 791
85 307
229 710
381 152
170 791
112 352
307 840
195 68
94 154
22 836
99 668
257 1000
226 741
45 81
355 931
230 647
302 585
356 32
158 93
93 264
157 166
120 40
340 157
344 842
273 268
190 720
14 762
17 413
410 283
19 609
325 60
367 617
47 267
171 670
214 488
341 882
393 940
192 221
302 409
397 639
242 774
93 688
377 710
270 356
225 265
367 10
45 976
170 912
266 129
8 784
291 657
69 592
25 956
27 190
86 989
217 866
280 898
408 785
261 363
371 667
367 454
321 171
148 174
379 348
97 305
44 882
377 112
155 165
284 675
53 883
229 345
58 675
114 251
415 373
323 677
94 417
387 656
418 965
314 850
135 161
268 767
334 910
403 752
213 21
334 170
403 662
251 626
165 758
395 853
359 490
239 753
81 477
89 517
359 317
158 790
249 841
107 776
152 715
58 224
257 891
320 56
374 142
281 370
115 166
374 757
238 677
384 661
319 398
380 518
354 106
19 966
30 240
232 27
326 936
182 833
83 870
102 325
160 179
57 902
104 711
250 715
355 999
392 293
302 141
4 237
53 74
254 867
205 685
358 980
78 237
200 85
263 490
67 618
145 381
251 389
270 368
286 55
111 990
26 840
363 999
86 66
55 628
305 711
213 366
121 688
31 969
160 547
14 796
237 121
94 127
145 90
259 722
235 71
153 660
245 476
378 219
309 255
375 797
69 249
313 4
90 587
14 476
402 11
225 430
417 347
226 43
379 500
147 518
308 585
96 564
26 319
248 344
283 652
366 5
157 514
231 651
309 600
356 734
160 239
234 173
29 848
328 34
379 479
146 422
375 521
41 50
69 889
313 100
92 99
369 856
76 110
373 708
52 219
253 462
216 132
96 578
410 431
116 550
360 474
262 387
424 384
88 474
122 360
368 484
413 981
354 852
357 372
330 220
164 458
260 113
308 352
330 780
74 576
50 451
384 506
278 213
119 960
35 787
104 934
216 428
188 405
105 430
143 767
165 842
336 231
381 891
414 262
221 510
8 385
217 874
391 348
405 737
221 18
86 233
256 42
404 176
212 619
339 225
391 250
21 106
179 443
177 156
243 953
374 885
424 782
122 133
361 314
29 638
397 701
5 317
410 575
344 176
397 903
64 693
124 964
186 319
158 144
346 78
93 644
43 626
94 831
226 448
191 483
264 364
135 56
202 545
112 797
401 465
110 5
320 940
132 187
329 58
340 108
136 337
317 640
405 753
36 259
168 59
107 708
18 694
36 21
306 875
210 642
419 757
50 723
322 298
22 923
52 180
85 673
242 968
164 303
377 373
65 52
124 740
147 255
278 329
189 777
344 381
312 25
137 583
410 246
330 430
104 463
276 515
277 766
25 906
420 507
214 921
382 616
44 959
349 972
331 423
239 101
55 92
270 799
201 731
213 452
398 584
71 311
176 410
42 462
120 871
107 132
288 957
58 526
90 505
409 144
125 198
23 876
424 779
182 931
46 178
82 552
104 747
38 34
212 21
55 408
414 94
156 872
396 634
63 986
147 559
340 57
80 280
51 126
174 207
358 916
59 153
341 942
124 782
156 283
185 539
8 180
106 425
205 979
296 85
62 772
281 870
89 544
140 381
43 135
92 25
116 127
424 755
261 787
256 582
124 385
334 73
114 739
292 97
154 720
130 663
202 947
129 82
336 882
359 96
121 383
219 934
109 702
293 354
176 908
17 255
204 857
2 525
36 314
366 839
46 535
70 97
279 266
390 729
204 566
42 62
174 101
326 814
242 916
41 375
404 338
250 225
416 953
298 760
94 941
63 122
84 324
422 990
196 561
269 883
259 583
278 302
197 458
236 807
300 959
198 500
249 907
411 114
251 624
254 1
157 916
402 765
337 691
191 766
364 116
9 874
49 772
119 988
399 341
14 512
197 442
105 945
275 486
403 612
305 525
204 89
80 74
163 544
171 597
170 689
189 512
292 132
388 96
86 285
176 607
254 106
244 406
213 92
32 832
401 916
129 190
148 802
286 234
413 326
268 837
261 707
228 308
103 815
226 903
44 774
388 812
86 287
108 91
418 812
139 364
412 36
208 67
309 449
227 453
61 347
301 515
425 460
203 340
116 622
179 128
291 683
65 370
220 705
248 511
243 191
388 231
146 647
332 396
425 721
379 856
274 766
7 125
17 778
151 894
67 342
288 324
24 732
386 473
402 93
191 653
297 459
261 417
139 19
208 951
232 939
192 389
210 632
357 24
280 918
322 452
30 443
41 210
165 982
150 348
395 366
139 851
248 980
95 509
347 553
60 781
118 629
361 203
179 56
220 930
21 577
380 660
22 340
146 101
34 487
145 745
152 46
240 276
293 569
414 172
69 167
19 292
215 944
265 303
66 324
233 636
53 61
362 939
250 656
103 342
126 280
252 802
193 688
407 150
385 126
6 795
269 4
362 639
1 862
346 21
77 110
3 755
222 741
247 705
184 37
342 99
77 654
277 990
350 413
34 872
358 710
246 928
214 865
54 899
330 152
58 480
333 270
102 455
250 174
410 629
97 122
216 524
257 114
211 838
88 795
97 618
345 7
144 902
415 496
341 317
328 752
333 286
394 653
175 657
131 986
157 56
358 879
191 456
62 116
322 15
31 265
356 861
165 599
110 124
383 48
389 834
200 766
376 426
328 447
181 559
252 759
302 505
38 983
51 147
197 596
211 542
220 722
393 320
62 115
148 546
88 376
384 769
363 960
345 611
244 323
112 765
92 320
14 481
194 745
388 475
23 748
13 205
170 839
85 559
255 445
14 353
249 9
100 948
179 594
265 26
8 211
209 405
212 166
130 688
135 229
412 956
310 880
400 761
100 434
307 884
53 303
252 508
316 784
149 63
155 120
200 211
345 25
213 417
86 897
40 941
300 743
209 674
386 177
328 517
50 108
134 181
96 1000
273 246
13 724
87 565
67 500
140 449
253 116
248 565
205 373
237 389
21 379
75 133
92 137
420 940
222 638
59 569
189 727
148 910
38 718
10 310
94 381
283 27
75 905
280 674
158 810
66 659
293 930
23 646
175 347
49 671
405 881
183 478
157 707
375 499
294 420
198 214
419 769
114 744
105 627
36 377
219 303
309 748
129 298
346 90
152 139
343 585
194 912
172 577
163 699
86 518
354 380
252 668
110 28
316 511
24 488
94 720
279 617
380 174
422 591
300 498
32 107
287 158
255 625
253 154
113 263
106 928
17 312
82 540
262 127
365 42
22 281
320 77
5 10
266 697
241 220
394 90
60 519
276 732
127 159
114 160
411 490
50 395
246 493
245 442
308 985
288 242
204 233
187 762
334 724
215 615
331 73
42 851
279 728
101 412
192 316
390 143
24 108
271 481
361 395
369 101
255 206
329 80
417 459
36 229
127 84
60 283
37 53
248 978
163 30
194 198
240 856
262 485
369 434
64 608
295 425
83 672
201 891
35 2
222 189
42 238
316 343
405 682
102 911
249 760
134 541
389 360
50 24
307 881
111 992
54 44
386 888
157 258
271 642
350 62
84 694
57 806
290 260
366 207
318 478
216 205
302 996
165 868
287 712
325 530
350 239
141 742
349 950
