1000
37 629
87 820
192 315
223 148
65 889
125 535
82 73
51 88
185 345
218 384
129 905
168 867
29 904
106 855
212 38
132 781
8 552
76 874
35 509
97 326
136 105
16 495
63 882
184 848
244 575
208 837
136 359
236 688
156 20
170 133
73 473
176 26
110 275
72 443
183 786
185 481
117 263
58 326
73 734
162 672
189 292
223 265
55 828
219 127
53 741
55 711
91 468
221 980
180 527
85 310
62 786
148 565
156 112
99 324
48 904
71 699
107 616
126 465
208 20
94 633
187 571
53 104
210 558
148 762
73 659
125 613
95 838
169 318
144 2
9 11
192 700
62 759
54 596
16 310
67 766
13 389
29 403
69 99
214 276
183 273
160 290
152 834
172 264
189 529
5 607
108 911
152 869
5 684
237 447
53 978
221 579
184 567
107 406
196 564
240 902
202 783
232 780
247 663
152 637
89 995
65 417
143 459
153 32
191 585
50 563
70 172
214 920
107 783
184 511
217 465
104 288
195 881
134 507
187 15
75 112
222 709
108 21
247 221
237 150
211 783
79 858
223 277
92 480
209 678
196 118
221 376
215 391
150 990
12 835
41 312
199 824
64 218
224 849
49 699
80 566
175 286
15 516
210 983
123 543
248 606
187 109
250 656
179 391
159 746
192 124
46 579
40 744
48 145
191 547
14 661
27 74
77 264
140 254
56 961
112 204
188 774
215 760
145 774
216 320
171 957
110 6
19 774
241 103
66 82
77 201
197 306
37 228
96 697
250 939
66 660
57 67
75 143
92 544
16 812
88 99
246 63
120 936
102 406
1 408
167 599
5 2
7 699
66 864
226 523
221 510
189 166
75 720
192 782
149 959
97 622
3 715
104 400
11 512
102 796
64 641
47 758
138 730
36 613
138 203
180 417
223 651
48 158
214 946
20 627
236 868
69 933
143 163
194 344
162 796
228 463
132 422
163 954
71 869
35 514
49 745
118 357
66 647
165 972
133 678
204 799
208 547
215 839
206 847
158 337
158 983
74 334
81 157
133 617
129 51
12 252
141 597
149 79
115 756
24 853
149 977
158 840
195 351
66 451
103 558
80 212
144 912
158 850
152 372
93 872
224 515
44 789
233 121
58 100
101 510
140 244
41 311
24 288
144 597
16 453
39 98
245 830
66 280
217 583
222 663
125 963
39 766
23 437
189 182
138 152
29 694
30 48
54 956
101 670
155 806
199 159
213 274
64 857
195 223
9 909
95 970
87 440
61 612
86 862
28 415
25 524
148 507
226 89
13 87
112 673
227 985
80 202
242 26
94 15
95 5
144 936
139 560
49 903
248 218
148 897
31 101
46 93
167 37
184 711
4 191
229 402
47 93
139 142
165 729
194 152
157 449
76 686
8 773
240 608
182 141
16 40
42 201
210 253
126 371
68 529
13 142
159 331
120 267
1 267
211 805
248 404
185 900
178 707
23 552
81 151
109 69
159 912
111 348
174 687
152 613
81 669
154 522
101 505
197 356
126 20
161 911
30 327
245 564
213 717
68 14
152 196
214 713
37 910
62 474
10 22
114 118
37 722
144 750
32 703
243 935
8 108
189 259
176 874
114 38
81 219
183 637
96 597
213 347
222 39
155 66
21 751
41 397
225 467
249 596
193 814
91 894
16 791
26 601
227 738
129 316
41 830
29 955
109 942
101 872
234 422
15 565
138 217
113 585
133 546
141 113
98 149
31 726
174 970
61 971
44 537
127 648
169 854
120 344
5 819
250 656
204 747
142 580
82 49
162 276
159 961
181 167
127 64
162 326
51 610
83 501
235 345
148 773
187 66
94 13
55 621
31 674
34 244
188 399
87 631
169 786
223 892
19 859
243 643
104 489
206 169
20 737
164 842
217 464
179 372
175 429
192 775
114 674
182 692
213 552
110 736
72 708
182 2
167 19
147 349
236 431
104 234
31 933
120 102
162 683
95 200
159 568
161 857
178 121
57 681
184 543
244 220
48 548
201 769
145 424
226 27
90 933
250 342
204 530
139 657
209 672
175 367
8 712
138 754
24 564
149 415
162 465
91 68
7 524
97 137
218 500
45 859
185 520
44 273
144 451
45 79
135 466
135 585
236 544
82 797
234 708
65 578
204 448
55 555
102 655
146 442
168 434
243 852
233 75
87 267
135 544
61 389
41 785
49 214
56 190
189 165
241 116
142 638
53 993
214 855
178 373
56 579
47 144
241 957
4 647
89 193
148 22
16 295
241 828
32 211
206 731
152 985
8 622
191 735
184 77
219 241
42 553
105 967
93 250
122 446
149 541
70 315
92 588
97 25
90 931
76 347
195 224
112 213
64 518
61 395
92 626
185 422
150 5
45 336
186 47
201 518
44 142
114 823
69 211
172 78
57 48
107 898
144 570
115 956
186 83
218 8
136 963
82 481
115 577
48 688
225 727
110 464
233 295
201 159
141 604
5 450
97 902
224 468
109 747
127 390
39 753
12 336
159 194
204 322
40 781
10 297
155 330
50 574
180 312
185 125
66 848
203 155
44 200
151 346
119 810
210 387
215 468
154 704
52 391
183 670
54 652
221 14
16 618
240 981
209 318
95 215
226 689
211 106
116 772
1 529
115 194
187 581
45 417
100 69
181 399
9 753
208 170
29 353
119 577
243 320
138 210
26 254
223 415
26 459
156 418
133 562
1 723
103 964
144 868
67 156
49 83
64 151
12 784
56 767
242 865
203 816
84 192
106 61
205 87
205 730
198 211
145 299
139 593
67 485
99 930
52 238
63 561
97 655
227 24
117 912
78 648
152 339
139 147
206 93
47 549
152 146
127 579
192 927
207 287
65 993
157 409
173 956
145 896
134 743
135 400
144 741
206 2
242 323
79 117
152 713
189 786
195 310
4 634
231 878
151 692
75 970
228 705
84 720
44 797
24 779
31 345
93 807
169 628
111 769
157 678
128 668
39 586
187 883
136 77
87 216
223 765
7 741
106 387
135 771
133 782
30 450
210 963
82 111
192 4
150 477
95 448
75 949
142 759
233 487
64 911
197 844
52 419
62 434
154 669
153 688
153 276
152 149
25 399
132 318
48 913
61 888
63 377
110 193
20 341
221 779
35 721
1 315
19 601
193 394
43 741
48 264
223 524
249 530
104 190
186 812
176 601
21 291
213 943
53 772
205 250
249 787
80 95
169 611
230 942
83 879
69 527
78 472
36 279
151 68
236 637
162 327
114 121
67 805
135 13
143 226
249 36
120 299
24 798
186 453
75 527
139 709
125 743
23 584
89 770
168 261
234 978
19 978
228 169
2 720
67 448
46 688
56 700
231 421
55 360
246 206
91 275
131 781
88 744
1 985
97 560
66 597
26 325
126 398
144 720
123 553
230 253
247 741
42 84
178 943
159 930
229 39
40 472
68 977
203 263
45 691
120 395
160 52
130 99
117 418
149 138
244 261
237 640
132 272
17 585
231 683
7 743
148 879
190 411
208 271
159 160
68 210
48 128
242 616
112 50
244 369
209 545
248 370
139 121
96 268
243 772
206 62
158 5
51 133
75 363
30 256
145 287
40 344
83 61
241 585
103 614
38 299
46 262
75 238
16 992
196 711
247 553
220 420
11 230
135 162
153 10
206 891
247 642
49 310
24 908
126 50
43 227
58 866
215 915
109 457
40 811
13 859
207 212
177 952
157 839
183 84
12 575
49 855
219 358
84 691
56 135
245 340
162 939
31 167
139 133
44 377
64 105
179 695
205 108
195 43
175 863
84 550
66 743
73 163
167 761
226 266
212 841
72 926
50 623
79 763
177 238
101 972
170 115
99 408
246 738
89 554
174 99
56 257
4 819
199 744
162 445
167 332
139 68
91 15
156 781
31 307
184 946
131 122
229 764
84 680
181 800
147 46
199 580
107 958
191 460
235 674
103 104
54 802
17 62
239 700
26 439
20 411
62 174
144 858
88 666
87 84
155 917
87 973
46 807
12 897
52 556
148 654
129 352
120 62
78 745
198 613
113 418
156 595
128 839
60 185
50 513
94 663
173 137
218 748
34 717
121 307
25 283
197 782
99 667
175 576
41 776
250 122
216 271
29 589
187 94
78 283
153 454
204 790
245 511
46 271
239 909
181 970
9 781
63 84
8 644
54 491
201 741
22 634
40 555
41 231
137 39
226 317
48 613
2 65
91 318
20 701
175 255
148 444
199 7
246 940
19 181
191 968
165 819
118 195
186 157
118 192
30 224
221 13
200 894
217 930
242 124
148 470
8 581
166 988
114 443
106 180
196 389
78 389
33 334
104 148
77 610
168 217
184 319
99 712
88 929
172 237
190 696
150 1
96 484
245 718
245 602
248 660
41 828
89 685
139 551
59 633
155 678
230 170
92 961
235 584
38 387
67 71
195 521
205 280
250 582
200 647
88 167
135 421
125 697
140 55
57 989
102 334
48 828
233 440
140 507
112 577
69 995
25 694
64 20
88 374
241 3
18 815
66 612
139 61
95 763
33 641
187 363
19 376
